THREADS; TOTAL MESSAGES; AVERAGE MESSAGES; TOTAL WORK-UNITS; AVERAGE WORK-UNITS 
1;38869;1554;4690336;187613
2;241913;9676;9331135;373245
3;1242137;49685;25143104;1005724
4;1254199;50167;25314946;1012597
5;1254471;50178;25348164;1013926
6;1255457;50218;25378360;1015134
7;1273453;50938;25496023;1019840
8;1257474;50298;25440697;1017627
9;1274998;50999;25500000;1020000
10;1274178;50967;25498860;1019954
11;1274989;50999;25499990;1019999
12;1268952;50758;25482477;1019299
13;1271517;50860;25491827;1019673
14;1274996;50999;25500000;1020000
15;1274990;50999;25500000;1020000
16;1274490;50979;25499186;1019967
17;1274976;50999;25499977;1019999
18;1274170;50966;25493189;1019727
19;1274232;50969;25498611;1019944
20;1273962;50958;25498310;1019932
21;1273437;50937;25497551;1019902
22;1274987;50999;25500000;1020000
23;1273586;50943;25492342;1019693
24;1274161;50966;25492642;1019705
25;1274999;50999;25500000;1020000
26;1272621;50904;25490444;1019617
27;1273832;50953;25498298;1019931
28;1274998;50999;25500000;1020000
29;1274997;50999;25500000;1020000
30;1274999;50999;25500000;1020000
31;1273372;50934;25490578;1019623
32;1274212;50968;25498419;1019936
33;1273440;50937;25492306;1019692
34;1274183;50967;25494917;1019796
35;1274997;50999;25500000;1020000
36;1274201;50968;25498131;1019925
37;1273526;50941;25497766;1019910
38;1274241;50969;25498443;1019937
39;1274173;50966;25493557;1019742
40;1274419;50976;25499236;1019969
41;1273349;50933;25489438;1019577
42;1274171;50966;25494231;1019769
43;1274288;50971;25498677;1019947
44;1274996;50999;25500000;1020000
45;1274272;50970;25498644;1019945
46;1274186;50967;25498128;1019925
47;1274183;50967;25495243;1019809
48;1273347;50933;25491629;1019665
49;1274182;50967;25494173;1019766
50;1273597;50943;25497146;1019885
THREADS; MESSAGES; WORK-UNITS
1;1600;176071
1;1554;187816
1;1453;181390
1;1571;175633
1;1478;174500
1;1594;199620
1;1590;196516
1;1628;190150
1;1588;193289
1;1461;179358
1;1583;183491
1;1608;181738
1;1545;188052
1;1601;196957
1;1460;181886
1;1603;182791
1;1568;195872
1;1548;192591
1;1463;178796
1;1573;200845
1;1466;182192
1;1575;182587
1;1599;199053
1;1503;184582
1;1657;204560


THREADS; MESSAGES; WORK-UNITS
2;8651;351714
2;8947;361702
2;9467;374780
2;8803;352288
2;9549;376524
2;10078;376487
2;9214;362182
2;9705;379445
2;9387;369314
2;10976;379824
2;10207;389987
2;9609;361909
2;9272;370419
2;10170;389882
2;10337;381011
2;10073;394535
2;9923;376554
2;10162;373826
2;8156;346668
2;10245;378590
2;8779;367093
2;10817;379470
2;8798;348917
2;10114;399890
2;10474;388124


THREADS; MESSAGES; WORK-UNITS
3;50040;1007174
3;50150;1010107
3;50165;1009377
3;50155;1010863
3;47599;981402
3;49393;1007011
3;50150;1009021
3;49727;1007602
3;50150;1007175
3;49300;1001225
3;50151;1009855
3;49693;1008671
3;50159;1009388
3;50154;1008043
3;49322;1006291
3;50149;1009064
3;50136;1007518
3;47595;980571
3;50148;1008596
3;50065;1008122
3;49301;1004309
3;49300;1005421
3;50150;1011098
3;49490;1007562
3;49495;1007638


THREADS; MESSAGES; WORK-UNITS
4;50164;1012585
4;50164;1012162
4;50165;1012978
4;50168;1012555
4;50172;1011390
4;50163;1011828
4;50164;1012830
4;50165;1012529
4;50164;1011114
4;50166;1012735
4;50227;1018550
4;50166;1012429
4;50165;1011625
4;50168;1012704
4;50164;1012327
4;50166;1011602
4;50165;1011528
4;50163;1013689
4;50164;1012289
4;50165;1012046
4;50166;1013157
4;50164;1011980
4;50169;1013255
4;50166;1012348
4;50166;1012711


THREADS; MESSAGES; WORK-UNITS
5;50175;1012742
5;50172;1013076
5;50172;1012481
5;50172;1012846
5;50169;1014121
5;50172;1013197
5;50172;1012944
5;50171;1013707
5;50169;1012852
5;50170;1012589
5;50169;1014085
5;50170;1012787
5;50172;1013914
5;50219;1018246
5;50172;1013990
5;50169;1013112
5;50223;1017446
5;50168;1012631
5;50169;1013585
5;50174;1014221
5;50214;1016359
5;50229;1017510
5;50172;1013437
5;50167;1012729
5;50170;1013557


THREADS; MESSAGES; WORK-UNITS
6;50174;1013262
6;50173;1013547
6;50174;1013144
6;50174;1012828
6;50205;1017905
6;50172;1012942
6;50172;1013772
6;50172;1013550
6;50180;1016085
6;50207;1017346
6;51000;1020000
6;50171;1012734
6;50197;1018152
6;50174;1013597
6;50174;1013566
6;50172;1013286
6;50269;1018722
6;50223;1018610
6;50174;1013837
6;50174;1015335
6;50173;1014590
6;50235;1018789
6;50172;1013398
6;50174;1014601
6;50172;1014762


THREADS; MESSAGES; WORK-UNITS
7;51000;1020000
7;50999;1020000
7;51000;1020000
7;51000;1020000
7;50999;1020000
7;51000;1020000
7;51000;1020000
7;51000;1020000
7;51000;1020000
7;51000;1020000
7;50211;1017919
7;51000;1020000
7;51000;1020000
7;51000;1020000
7;51000;1020000
7;51000;1020000
7;50998;1020000
7;51000;1020000
7;51000;1020000
7;51000;1020000
7;51000;1020000
7;51000;1020000
7;50246;1018104
7;51000;1020000
7;51000;1020000


THREADS; MESSAGES; WORK-UNITS
8;50243;1018268
8;50223;1018595
8;50242;1018377
8;50219;1018576
8;50181;1015380
8;50289;1019052
8;50197;1017039
8;51000;1020000
8;50226;1018359
8;50180;1015425
8;50237;1018468
8;50468;1019059
8;50411;1019128
8;50212;1017778
8;50221;1018086
8;50253;1018407
8;50223;1017383
8;51000;1020000
8;50182;1014206
8;50222;1017719
8;50296;1019028
8;50208;1018496
8;50182;1015055
8;50180;1013744
8;50179;1015069


THREADS; MESSAGES; WORK-UNITS
9;51000;1020000
9;51000;1020000
9;50999;1020000
9;51000;1020000
9;51000;1020000
9;51000;1020000
9;51000;1020000
9;51000;1020000
9;51000;1020000
9;51000;1020000
9;51000;1020000
9;51000;1020000
9;51000;1020000
9;51000;1020000
9;51000;1020000
9;50999;1020000
9;51000;1020000
9;51000;1020000
9;51000;1020000
9;51000;1020000
9;51000;1020000
9;51000;1020000
9;51000;1020000
9;51000;1020000
9;51000;1020000


THREADS; MESSAGES; WORK-UNITS
10;51000;1020000
10;51000;1020000
10;51000;1020000
10;51000;1020000
10;51000;1020000
10;51000;1020000
10;50403;1019109
10;51000;1020000
10;51000;1020000
10;50781;1019751
10;51000;1020000
10;51000;1020000
10;50998;1020000
10;50999;1020000
10;51000;1020000
10;51000;1020000
10;51000;1020000
10;51000;1020000
10;51000;1020000
10;51000;1020000
10;50997;1020000
10;51000;1020000
10;51000;1020000
10;51000;1020000
10;51000;1020000


THREADS; MESSAGES; WORK-UNITS
11;51000;1020000
11;51000;1020000
11;51000;1020000
11;51000;1020000
11;51000;1020000
11;50999;1020000
11;51000;1020000
11;51000;1020000
11;51000;1020000
11;51000;1020000
11;50999;1020000
11;51000;1020000
11;51000;1020000
11;50991;1019990
11;51000;1020000
11;51000;1020000
11;51000;1020000
11;51000;1020000
11;51000;1020000
11;51000;1020000
11;51000;1020000
11;51000;1020000
11;51000;1020000
11;51000;1020000
11;51000;1020000


THREADS; MESSAGES; WORK-UNITS
12;50557;1019444
12;51000;1020000
12;50243;1018638
12;51000;1020000
12;51000;1020000
12;50747;1019677
12;51000;1020000
12;51000;1020000
12;50829;1019867
12;51000;1020000
12;51000;1020000
12;51000;1020000
12;50548;1019401
12;51000;1020000
12;51000;1020000
12;50193;1014777
12;50704;1019625
12;50347;1019064
12;50205;1018421
12;51000;1020000
12;51000;1020000
12;50392;1019281
12;50187;1014282
12;51000;1020000
12;51000;1020000


THREADS; MESSAGES; WORK-UNITS
13;50430;1019201
13;51000;1020000
13;50999;1020000
13;51000;1020000
13;51000;1020000
13;50410;1019290
13;50260;1018705
13;51000;1020000
13;51000;1020000
13;50225;1016940
13;51000;1020000
13;51000;1020000
13;51000;1020000
13;51000;1020000
13;51000;1020000
13;51000;1020000
13;51000;1020000
13;50999;1020000
13;50195;1017691
13;51000;1020000
13;51000;1020000
13;51000;1020000
13;50999;1020000
13;51000;1020000
13;51000;1020000


THREADS; MESSAGES; WORK-UNITS
14;51000;1020000
14;51000;1020000
14;51000;1020000
14;51000;1020000
14;50999;1020000
14;51000;1020000
14;51000;1020000
14;51000;1020000
14;51000;1020000
14;51000;1020000
14;51000;1020000
14;51000;1020000
14;51000;1020000
14;51000;1020000
14;50999;1020000
14;51000;1020000
14;51000;1020000
14;51000;1020000
14;51000;1020000
14;51000;1020000
14;51000;1020000
14;50998;1020000
14;51000;1020000
14;51000;1020000
14;51000;1020000


THREADS; MESSAGES; WORK-UNITS
15;51000;1020000
15;50998;1020000
15;51000;1020000
15;51000;1020000
15;51000;1020000
15;50999;1020000
15;50999;1020000
15;51000;1020000
15;51000;1020000
15;51000;1020000
15;51000;1020000
15;51000;1020000
15;50999;1020000
15;50999;1020000
15;51000;1020000
15;50998;1020000
15;50999;1020000
15;51000;1020000
15;51000;1020000
15;51000;1020000
15;50999;1020000
15;51000;1020000
15;51000;1020000
15;51000;1020000
15;51000;1020000


THREADS; MESSAGES; WORK-UNITS
16;50999;1020000
16;51000;1020000
16;50999;1020000
16;51000;1020000
16;51000;1020000
16;51000;1020000
16;51000;1020000
16;51000;1020000
16;51000;1020000
16;50999;1020000
16;51000;1020000
16;51000;1020000
16;51000;1020000
16;50495;1019186
16;51000;1020000
16;51000;1020000
16;51000;1020000
16;51000;1020000
16;51000;1020000
16;51000;1020000
16;51000;1020000
16;51000;1020000
16;51000;1020000
16;50999;1020000
16;50999;1020000


THREADS; MESSAGES; WORK-UNITS
17;51000;1020000
17;51000;1020000
17;51000;1020000
17;51000;1020000
17;51000;1020000
17;51000;1020000
17;51000;1020000
17;51000;1020000
17;51000;1020000
17;51000;1020000
17;51000;1020000
17;51000;1020000
17;51000;1020000
17;51000;1020000
17;51000;1020000
17;51000;1020000
17;51000;1020000
17;51000;1020000
17;51000;1020000
17;51000;1020000
17;51000;1020000
17;50976;1019977
17;51000;1020000
17;51000;1020000
17;51000;1020000


THREADS; MESSAGES; WORK-UNITS
18;51000;1020000
18;50999;1020000
18;51000;1020000
18;50174;1013189
18;50999;1020000
18;51000;1020000
18;51000;1020000
18;51000;1020000
18;51000;1020000
18;51000;1020000
18;50999;1020000
18;51000;1020000
18;51000;1020000
18;51000;1020000
18;50999;1020000
18;51000;1020000
18;51000;1020000
18;51000;1020000
18;51000;1020000
18;51000;1020000
18;51000;1020000
18;51000;1020000
18;51000;1020000
18;51000;1020000
18;51000;1020000


THREADS; MESSAGES; WORK-UNITS
19;50237;1018611
19;50999;1020000
19;51000;1020000
19;51000;1020000
19;51000;1020000
19;51000;1020000
19;51000;1020000
19;51000;1020000
19;51000;1020000
19;51000;1020000
19;50998;1020000
19;51000;1020000
19;51000;1020000
19;51000;1020000
19;50999;1020000
19;51000;1020000
19;50999;1020000
19;51000;1020000
19;51000;1020000
19;51000;1020000
19;51000;1020000
19;51000;1020000
19;51000;1020000
19;51000;1020000
19;51000;1020000


THREADS; MESSAGES; WORK-UNITS
20;51000;1020000
20;51000;1020000
20;51000;1020000
20;51000;1020000
20;50999;1020000
20;50293;1018716
20;51000;1020000
20;51000;1020000
20;51000;1020000
20;50671;1019594
20;51000;1020000
20;51000;1020000
20;51000;1020000
20;51000;1020000
20;51000;1020000
20;51000;1020000
20;51000;1020000
20;51000;1020000
20;51000;1020000
20;50999;1020000
20;51000;1020000
20;51000;1020000
20;51000;1020000
20;51000;1020000
20;51000;1020000


THREADS; MESSAGES; WORK-UNITS
21;51000;1020000
21;50242;1018602
21;51000;1020000
21;51000;1020000
21;51000;1020000
21;51000;1020000
21;51000;1020000
21;51000;1020000
21;50999;1020000
21;51000;1020000
21;51000;1020000
21;51000;1020000
21;51000;1020000
21;51000;1020000
21;50999;1020000
21;50999;1020000
21;50849;1019840
21;51000;1020000
21;50999;1020000
21;51000;1020000
21;50351;1019109
21;51000;1020000
21;51000;1020000
21;50999;1020000
21;51000;1020000


THREADS; MESSAGES; WORK-UNITS
22;51000;1020000
22;50999;1020000
22;51000;1020000
22;50999;1020000
22;51000;1020000
22;50999;1020000
22;51000;1020000
22;51000;1020000
22;51000;1020000
22;50994;1020000
22;51000;1020000
22;51000;1020000
22;51000;1020000
22;51000;1020000
22;50999;1020000
22;51000;1020000
22;51000;1020000
22;51000;1020000
22;51000;1020000
22;51000;1020000
22;51000;1020000
22;50999;1020000
22;51000;1020000
22;50998;1020000
22;51000;1020000


THREADS; MESSAGES; WORK-UNITS
23;51000;1020000
23;51000;1020000
23;51000;1020000
23;51000;1020000
23;51000;1020000
23;51000;1020000
23;51000;1020000
23;51000;1020000
23;51000;1020000
23;50419;1019061
23;51000;1020000
23;51000;1020000
23;51000;1020000
23;51000;1020000
23;51000;1020000
23;51000;1020000
23;50168;1013281
23;50999;1020000
23;51000;1020000
23;51000;1020000
23;51000;1020000
23;51000;1020000
23;51000;1020000
23;51000;1020000
23;51000;1020000


THREADS; MESSAGES; WORK-UNITS
24;51000;1020000
24;51000;1020000
24;51000;1020000
24;50999;1020000
24;51000;1020000
24;51000;1020000
24;51000;1020000
24;51000;1020000
24;51000;1020000
24;51000;1020000
24;51000;1020000
24;51000;1020000
24;51000;1020000
24;51000;1020000
24;51000;1020000
24;50999;1020000
24;50163;1012642
24;51000;1020000
24;51000;1020000
24;51000;1020000
24;51000;1020000
24;51000;1020000
24;51000;1020000
24;51000;1020000
24;51000;1020000


THREADS; MESSAGES; WORK-UNITS
25;51000;1020000
25;51000;1020000
25;51000;1020000
25;51000;1020000
25;51000;1020000
25;51000;1020000
25;51000;1020000
25;51000;1020000
25;51000;1020000
25;51000;1020000
25;51000;1020000
25;51000;1020000
25;51000;1020000
25;51000;1020000
25;51000;1020000
25;51000;1020000
25;51000;1020000
25;51000;1020000
25;50999;1020000
25;51000;1020000
25;51000;1020000
25;51000;1020000
25;51000;1020000
25;51000;1020000
25;51000;1020000


THREADS; MESSAGES; WORK-UNITS
26;50707;1019620
26;50414;1019128
26;51000;1020000
26;51000;1020000
26;51000;1020000
26;51000;1020000
26;51000;1020000
26;51000;1020000
26;51000;1020000
26;51000;1020000
26;51000;1020000
26;51000;1020000
26;50324;1018700
26;51000;1020000
26;50998;1020000
26;51000;1020000
26;51000;1020000
26;51000;1020000
26;51000;1020000
26;50178;1012996
26;51000;1020000
26;51000;1020000
26;51000;1020000
26;51000;1020000
26;51000;1020000


THREADS; MESSAGES; WORK-UNITS
27;50337;1019042
27;51000;1020000
27;50999;1020000
27;51000;1020000
27;51000;1020000
27;51000;1020000
27;51000;1020000
27;51000;1020000
27;50496;1019256
27;51000;1020000
27;51000;1020000
27;51000;1020000
27;51000;1020000
27;51000;1020000
27;51000;1020000
27;51000;1020000
27;51000;1020000
27;51000;1020000
27;51000;1020000
27;51000;1020000
27;51000;1020000
27;51000;1020000
27;51000;1020000
27;51000;1020000
27;51000;1020000


THREADS; MESSAGES; WORK-UNITS
28;51000;1020000
28;50999;1020000
28;51000;1020000
28;51000;1020000
28;51000;1020000
28;51000;1020000
28;51000;1020000
28;51000;1020000
28;51000;1020000
28;51000;1020000
28;50999;1020000
28;51000;1020000
28;51000;1020000
28;51000;1020000
28;51000;1020000
28;51000;1020000
28;51000;1020000
28;51000;1020000
28;51000;1020000
28;51000;1020000
28;51000;1020000
28;51000;1020000
28;51000;1020000
28;51000;1020000
28;51000;1020000


THREADS; MESSAGES; WORK-UNITS
29;51000;1020000
29;51000;1020000
29;51000;1020000
29;51000;1020000
29;51000;1020000
29;51000;1020000
29;51000;1020000
29;50999;1020000
29;51000;1020000
29;51000;1020000
29;51000;1020000
29;50999;1020000
29;51000;1020000
29;51000;1020000
29;50999;1020000
29;51000;1020000
29;51000;1020000
29;51000;1020000
29;51000;1020000
29;51000;1020000
29;51000;1020000
29;51000;1020000
29;51000;1020000
29;51000;1020000
29;51000;1020000


THREADS; MESSAGES; WORK-UNITS
30;51000;1020000
30;51000;1020000
30;51000;1020000
30;51000;1020000
30;51000;1020000
30;51000;1020000
30;51000;1020000
30;51000;1020000
30;50999;1020000
30;51000;1020000
30;51000;1020000
30;51000;1020000
30;51000;1020000
30;51000;1020000
30;51000;1020000
30;51000;1020000
30;51000;1020000
30;51000;1020000
30;51000;1020000
30;51000;1020000
30;51000;1020000
30;51000;1020000
30;51000;1020000
30;51000;1020000
30;51000;1020000


THREADS; MESSAGES; WORK-UNITS
31;51000;1020000
31;51000;1020000
31;51000;1020000
31;51000;1020000
31;51000;1020000
31;51000;1020000
31;51000;1020000
31;51000;1020000
31;50999;1020000
31;51000;1020000
31;50183;1016896
31;51000;1020000
31;51000;1020000
31;51000;1020000
31;51000;1020000
31;51000;1020000
31;51000;1020000
31;51000;1020000
31;51000;1020000
31;51000;1020000
31;50191;1013682
31;50999;1020000
31;51000;1020000
31;51000;1020000
31;51000;1020000


THREADS; MESSAGES; WORK-UNITS
32;50999;1020000
32;51000;1020000
32;51000;1020000
32;51000;1020000
32;50217;1018419
32;50999;1020000
32;51000;1020000
32;51000;1020000
32;51000;1020000
32;50999;1020000
32;51000;1020000
32;51000;1020000
32;51000;1020000
32;50999;1020000
32;50999;1020000
32;51000;1020000
32;51000;1020000
32;51000;1020000
32;51000;1020000
32;51000;1020000
32;51000;1020000
32;51000;1020000
32;51000;1020000
32;51000;1020000
32;51000;1020000


THREADS; MESSAGES; WORK-UNITS
33;51000;1020000
33;51000;1020000
33;51000;1020000
33;51000;1020000
33;51000;1020000
33;51000;1020000
33;51000;1020000
33;51000;1020000
33;51000;1020000
33;51000;1020000
33;51000;1020000
33;51000;1020000
33;50253;1018508
33;51000;1020000
33;50999;1020000
33;50189;1013798
33;51000;1020000
33;51000;1020000
33;51000;1020000
33;51000;1020000
33;51000;1020000
33;51000;1020000
33;50999;1020000
33;51000;1020000
33;51000;1020000


THREADS; MESSAGES; WORK-UNITS
34;51000;1020000
34;51000;1020000
34;51000;1020000
34;51000;1020000
34;51000;1020000
34;51000;1020000
34;51000;1020000
34;51000;1020000
34;51000;1020000
34;51000;1020000
34;51000;1020000
34;51000;1020000
34;51000;1020000
34;51000;1020000
34;51000;1020000
34;51000;1020000
34;50183;1014917
34;51000;1020000
34;51000;1020000
34;51000;1020000
34;51000;1020000
34;51000;1020000
34;51000;1020000
34;51000;1020000
34;51000;1020000


THREADS; MESSAGES; WORK-UNITS
35;51000;1020000
35;51000;1020000
35;51000;1020000
35;51000;1020000
35;51000;1020000
35;51000;1020000
35;51000;1020000
35;51000;1020000
35;51000;1020000
35;51000;1020000
35;51000;1020000
35;50999;1020000
35;51000;1020000
35;51000;1020000
35;51000;1020000
35;51000;1020000
35;51000;1020000
35;51000;1020000
35;50999;1020000
35;51000;1020000
35;51000;1020000
35;51000;1020000
35;51000;1020000
35;51000;1020000
35;50999;1020000


THREADS; MESSAGES; WORK-UNITS
36;51000;1020000
36;51000;1020000
36;51000;1020000
36;51000;1020000
36;51000;1020000
36;51000;1020000
36;51000;1020000
36;50999;1020000
36;51000;1020000
36;50204;1018131
36;51000;1020000
36;51000;1020000
36;51000;1020000
36;51000;1020000
36;51000;1020000
36;50999;1020000
36;51000;1020000
36;51000;1020000
36;51000;1020000
36;50999;1020000
36;51000;1020000
36;51000;1020000
36;51000;1020000
36;51000;1020000
36;51000;1020000


THREADS; MESSAGES; WORK-UNITS
37;51000;1020000
37;51000;1020000
37;51000;1020000
37;51000;1020000
37;51000;1020000
37;51000;1020000
37;51000;1020000
37;51000;1020000
37;51000;1020000
37;51000;1020000
37;51000;1020000
37;51000;1020000
37;50257;1018750
37;51000;1020000
37;50270;1019016
37;51000;1020000
37;51000;1020000
37;51000;1020000
37;51000;1020000
37;51000;1020000
37;51000;1020000
37;51000;1020000
37;51000;1020000
37;50999;1020000
37;51000;1020000


THREADS; MESSAGES; WORK-UNITS
38;51000;1020000
38;51000;1020000
38;51000;1020000
38;51000;1020000
38;51000;1020000
38;51000;1020000
38;51000;1020000
38;51000;1020000
38;50999;1020000
38;50243;1018443
38;51000;1020000
38;51000;1020000
38;51000;1020000
38;51000;1020000
38;51000;1020000
38;51000;1020000
38;51000;1020000
38;51000;1020000
38;51000;1020000
38;51000;1020000
38;51000;1020000
38;51000;1020000
38;50999;1020000
38;51000;1020000
38;51000;1020000


THREADS; MESSAGES; WORK-UNITS
39;51000;1020000
39;51000;1020000
39;51000;1020000
39;50999;1020000
39;51000;1020000
39;51000;1020000
39;51000;1020000
39;51000;1020000
39;51000;1020000
39;51000;1020000
39;51000;1020000
39;51000;1020000
39;51000;1020000
39;51000;1020000
39;51000;1020000
39;51000;1020000
39;51000;1020000
39;50177;1013557
39;51000;1020000
39;51000;1020000
39;51000;1020000
39;51000;1020000
39;50999;1020000
39;51000;1020000
39;50998;1020000


THREADS; MESSAGES; WORK-UNITS
40;51000;1020000
40;50999;1020000
40;51000;1020000
40;50999;1020000
40;51000;1020000
40;51000;1020000
40;51000;1020000
40;51000;1020000
40;51000;1020000
40;51000;1020000
40;51000;1020000
40;51000;1020000
40;51000;1020000
40;51000;1020000
40;50969;1019940
40;51000;1020000
40;50999;1020000
40;51000;1020000
40;51000;1020000
40;51000;1020000
40;51000;1020000
40;51000;1020000
40;51000;1020000
40;50453;1019296
40;51000;1020000


THREADS; MESSAGES; WORK-UNITS
41;50177;1014454
41;51000;1020000
41;51000;1020000
41;51000;1020000
41;51000;1020000
41;51000;1020000
41;51000;1020000
41;50176;1014984
41;51000;1020000
41;51000;1020000
41;50998;1020000
41;51000;1020000
41;51000;1020000
41;51000;1020000
41;50999;1020000
41;51000;1020000
41;51000;1020000
41;51000;1020000
41;51000;1020000
41;51000;1020000
41;51000;1020000
41;50999;1020000
41;51000;1020000
41;51000;1020000
41;51000;1020000


THREADS; MESSAGES; WORK-UNITS
42;51000;1020000
42;51000;1020000
42;51000;1020000
42;51000;1020000
42;51000;1020000
42;51000;1020000
42;51000;1020000
42;51000;1020000
42;51000;1020000
42;51000;1020000
42;50999;1020000
42;51000;1020000
42;51000;1020000
42;51000;1020000
42;51000;1020000
42;51000;1020000
42;51000;1020000
42;51000;1020000
42;51000;1020000
42;51000;1020000
42;51000;1020000
42;51000;1020000
42;50172;1014231
42;51000;1020000
42;51000;1020000


THREADS; MESSAGES; WORK-UNITS
43;51000;1020000
43;51000;1020000
43;51000;1020000
43;51000;1020000
43;51000;1020000
43;51000;1020000
43;51000;1020000
43;51000;1020000
43;51000;1020000
43;51000;1020000
43;50999;1020000
43;51000;1020000
43;51000;1020000
43;51000;1020000
43;51000;1020000
43;51000;1020000
43;51000;1020000
43;51000;1020000
43;51000;1020000
43;51000;1020000
43;50999;1020000
43;50290;1018677
43;51000;1020000
43;51000;1020000
43;51000;1020000


THREADS; MESSAGES; WORK-UNITS
44;51000;1020000
44;51000;1020000
44;51000;1020000
44;50999;1020000
44;51000;1020000
44;51000;1020000
44;50999;1020000
44;51000;1020000
44;50999;1020000
44;51000;1020000
44;51000;1020000
44;51000;1020000
44;51000;1020000
44;51000;1020000
44;50999;1020000
44;51000;1020000
44;51000;1020000
44;51000;1020000
44;51000;1020000
44;51000;1020000
44;51000;1020000
44;51000;1020000
44;51000;1020000
44;51000;1020000
44;51000;1020000


THREADS; MESSAGES; WORK-UNITS
45;51000;1020000
45;51000;1020000
45;51000;1020000
45;51000;1020000
45;51000;1020000
45;51000;1020000
45;51000;1020000
45;51000;1020000
45;51000;1020000
45;51000;1020000
45;51000;1020000
45;51000;1020000
45;51000;1020000
45;51000;1020000
45;51000;1020000
45;51000;1020000
45;50272;1018644
45;51000;1020000
45;51000;1020000
45;51000;1020000
45;51000;1020000
45;51000;1020000
45;51000;1020000
45;51000;1020000
45;51000;1020000


THREADS; MESSAGES; WORK-UNITS
46;51000;1020000
46;51000;1020000
46;51000;1020000
46;51000;1020000
46;51000;1020000
46;51000;1020000
46;51000;1020000
46;51000;1020000
46;51000;1020000
46;51000;1020000
46;51000;1020000
46;51000;1020000
46;51000;1020000
46;50999;1020000
46;51000;1020000
46;51000;1020000
46;51000;1020000
46;51000;1020000
46;51000;1020000
46;51000;1020000
46;50187;1018128
46;51000;1020000
46;51000;1020000
46;51000;1020000
46;51000;1020000


THREADS; MESSAGES; WORK-UNITS
47;50999;1020000
47;51000;1020000
47;51000;1020000
47;51000;1020000
47;51000;1020000
47;51000;1020000
47;51000;1020000
47;51000;1020000
47;51000;1020000
47;51000;1020000
47;51000;1020000
47;51000;1020000
47;50999;1020000
47;51000;1020000
47;51000;1020000
47;50999;1020000
47;51000;1020000
47;51000;1020000
47;51000;1020000
47;51000;1020000
47;51000;1020000
47;51000;1020000
47;51000;1020000
47;50186;1015243
47;51000;1020000


THREADS; MESSAGES; WORK-UNITS
48;51000;1020000
48;51000;1020000
48;51000;1020000
48;51000;1020000
48;51000;1020000
48;50153;1013405
48;51000;1020000
48;50197;1018224
48;51000;1020000
48;50999;1020000
48;51000;1020000
48;51000;1020000
48;50999;1020000
48;51000;1020000
48;51000;1020000
48;51000;1020000
48;51000;1020000
48;51000;1020000
48;51000;1020000
48;51000;1020000
48;50999;1020000
48;51000;1020000
48;51000;1020000
48;51000;1020000
48;51000;1020000


THREADS; MESSAGES; WORK-UNITS
49;51000;1020000
49;51000;1020000
49;51000;1020000
49;51000;1020000
49;51000;1020000
49;51000;1020000
49;51000;1020000
49;51000;1020000
49;51000;1020000
49;50999;1020000
49;50999;1020000
49;51000;1020000
49;51000;1020000
49;51000;1020000
49;51000;1020000
49;50184;1014173
49;51000;1020000
49;51000;1020000
49;51000;1020000
49;51000;1020000
49;51000;1020000
49;51000;1020000
49;51000;1020000
49;51000;1020000
49;51000;1020000


THREADS; MESSAGES; WORK-UNITS
50;51000;1020000
50;51000;1020000
50;51000;1020000
50;51000;1020000
50;51000;1020000
50;51000;1020000
50;51000;1020000
50;51000;1020000
50;51000;1020000
50;51000;1020000
50;51000;1020000
50;51000;1020000
50;50402;1019225
50;51000;1020000
50;50196;1017921
50;51000;1020000
50;50999;1020000
50;51000;1020000
50;51000;1020000
50;51000;1020000
50;51000;1020000
50;51000;1020000
50;51000;1020000
50;51000;1020000
50;51000;1020000


