THREADS; TOTAL MESSAGES; AVERAGE MESSAGES; TOTAL WORK-UNITS; AVERAGE WORK-UNITS 
1;0;0;3604099;144163
2;0;0;8273919;330956
3;0;0;11564755;462590
4;0;0;13375087;535003
5;0;0;10650995;426039
6;17;0;15888750;635550
7;45;1;19461559;778462
8;25;1;18667682;746707
9;3;0;10926404;437056
10;0;0;9871512;394860
11;0;0;9559242;382369
12;0;0;9594118;383764
13;0;0;9547062;381882
14;0;0;10096989;403879
15;0;0;10216954;408678
16;0;0;9767017;390680
17;0;0;10210788;408431
18;0;0;10138607;405544
19;0;0;9897204;395888
20;0;0;9754519;390180
21;0;0;9659372;386374
22;0;0;9793309;391732
23;0;0;9628238;385129
24;0;0;9651365;386054
25;0;0;9837576;393503
26;1;0;9695569;387822
27;1;0;9740682;389627
28;1;0;9740387;389615
29;0;0;9374659;374986
30;0;0;9226252;369050
31;2;0;9524998;380999
32;5;0;9445794;377831
33;3;0;9480635;379225
34;1;0;9666764;386670
35;1;0;9401712;376068
36;1;0;9578646;383145
37;2;0;9976783;399071
38;2;0;9563262;382530
39;0;0;9427949;377117
40;0;0;9447785;377911
41;0;0;9528375;381135
42;0;0;9513768;380550
43;0;0;9779226;391169
44;0;0;9375312;375012
45;0;0;9675172;387006
46;1;0;9656271;386250
47;0;0;9363033;374521
48;0;0;9835892;393435
49;0;0;9733281;389331
50;0;0;9806718;392268
THREADS; MESSAGES; WORK-UNITS
1;0;130177
1;0;150497
1;0;141847
1;0;140587
1;0;152561
1;0;137226
1;0;145231
1;0;141118
1;0;144062
1;0;138588
1;0;149227
1;0;141417
1;0;151230
1;0;140569
1;0;152045
1;0;141434
1;0;147819
1;0;145381
1;0;147029
1;0;141875
1;0;149725
1;0;150988
1;0;141286
1;0;140361
1;0;141819


THREADS; MESSAGES; WORK-UNITS
2;0;315017
2;0;330261
2;0;319453
2;0;318724
2;0;326593
2;0;314505
2;0;332316
2;0;327904
2;0;329985
2;0;397131
2;0;326720
2;0;327903
2;0;322327
2;0;333147
2;0;330412
2;0;305783
2;0;328856
2;0;329736
2;0;327141
2;0;411481
2;0;315970
2;0;319600
2;0;330200
2;0;321828
2;0;330926


THREADS; MESSAGES; WORK-UNITS
3;0;461136
3;0;470957
3;0;438616
3;0;488153
3;0;446996
3;0;460665
3;0;466489
3;0;438315
3;0;483402
3;0;474516
3;0;473105
3;0;472469
3;0;452201
3;0;469274
3;0;453339
3;0;460133
3;0;474391
3;0;456596
3;0;459470
3;0;461319
3;0;477916
3;0;443367
3;0;462324
3;0;456992
3;0;462614


THREADS; MESSAGES; WORK-UNITS
4;0;537739
4;0;477974
4;0;531353
4;0;558416
4;0;522419
4;0;565136
4;0;574357
4;0;522600
4;0;522563
4;0;558743
4;0;558460
4;0;549506
4;0;518732
4;0;531732
4;0;558284
4;0;531557
4;0;558356
4;0;566560
4;0;442458
4;0;478010
4;0;522752
4;0;558238
4;0;555246
4;0;556965
4;0;516931


THREADS; MESSAGES; WORK-UNITS
5;0;425224
5;0;424784
5;0;424960
5;0;425019
5;0;425008
5;0;424763
5;0;434126
5;0;416155
5;0;414572
5;0;433186
5;0;425135
5;0;415795
5;0;431795
5;0;478370
5;0;415932
5;0;410087
5;0;470014
5;0;388612
5;0;469550
5;0;408484
5;0;459739
5;0;390371
5;0;389437
5;0;424661
5;0;425216


THREADS; MESSAGES; WORK-UNITS
6;0;470095
6;0;380420
6;0;568711
6;4;714707
6;0;573006
6;0;589426
6;0;598192
6;0;555891
6;1;722971
6;0;699658
6;0;698827
6;0;613356
6;2;693023
6;2;747036
6;0;654996
6;0;566577
6;0;488702
6;1;716106
6;2;751613
6;0;574990
6;2;729737
6;0;655948
6;1;720880
6;1;738099
6;1;665783


THREADS; MESSAGES; WORK-UNITS
7;2;695052
7;3;784680
7;0;708561
7;1;769870
7;0;762435
7;1;781245
7;1;823399
7;2;814989
7;3;810336
7;2;810359
7;3;780336
7;1;779960
7;3;746341
7;1;773154
7;0;781570
7;2;780008
7;1;784172
7;2;736070
7;5;791936
7;2;820359
7;5;813084
7;1;809842
7;0;748698
7;2;770292
7;2;784811


THREADS; MESSAGES; WORK-UNITS
8;0;769838
8;0;772275
8;1;788788
8;2;793027
8;1;779058
8;0;740020
8;0;734198
8;4;796353
8;0;587726
8;0;773239
8;1;745730
8;3;746167
8;1;790268
8;0;593536
8;0;762389
8;1;658171
8;2;741169
8;0;791268
8;1;745548
8;3;760836
8;1;745165
8;1;785030
8;2;705764
8;1;767798
8;0;794321


THREADS; MESSAGES; WORK-UNITS
9;0;495623
9;1;348203
9;0;476185
9;0;396645
9;0;442976
9;0;483254
9;0;381029
9;0;426633
9;0;434665
9;0;427926
9;0;385583
9;0;377560
9;0;380752
9;0;436890
9;0;479555
9;1;435114
9;0;492112
9;0;391517
9;0;512903
9;0;497883
9;0;448003
9;1;482291
9;0;484663
9;0;381055
9;0;427384


THREADS; MESSAGES; WORK-UNITS
10;0;444438
10;0;392002
10;0;459039
10;0;392010
10;0;380749
10;0;391894
10;0;381272
10;0;344126
10;0;402931
10;0;392133
10;0;380873
10;0;418264
10;0;362342
10;0;381611
10;0;444020
10;0;433538
10;0;363009
10;0;385050
10;0;381796
10;0;394796
10;0;383284
10;0;356967
10;0;380793
10;0;386581
10;0;437994


THREADS; MESSAGES; WORK-UNITS
11;0;372601
11;0;390158
11;0;345844
11;0;378993
11;0;380310
11;0;434314
11;0;425612
11;0;380858
11;0;371619
11;0;389918
11;0;380688
11;0;433580
11;0;380792
11;0;374118
11;0;354339
11;0;348066
11;0;335349
11;0;354148
11;0;353742
11;0;417519
11;0;378235
11;0;386023
11;0;371606
11;0;386780
11;0;434030


THREADS; MESSAGES; WORK-UNITS
12;0;372270
12;0;443868
12;0;380443
12;0;386062
12;0;380327
12;0;380603
12;0;435472
12;0;389819
12;0;371474
12;0;434295
12;0;390063
12;0;380322
12;0;344454
12;0;380592
12;0;371550
12;0;461342
12;0;344696
12;0;353688
12;0;371323
12;0;380754
12;0;389950
12;0;371444
12;0;344661
12;0;353758
12;0;380888


THREADS; MESSAGES; WORK-UNITS
13;0;452128
13;0;364709
13;0;376373
13;0;351191
13;0;383508
13;0;380826
13;0;427899
13;0;344688
13;0;344649
13;0;350386
13;0;371480
13;0;424799
13;0;434210
13;0;424552
13;0;389768
13;0;371706
13;0;344426
13;0;350509
13;0;371593
13;0;380569
13;0;380496
13;0;371772
13;0;434286
13;0;349017
13;0;371522


THREADS; MESSAGES; WORK-UNITS
14;0;434475
14;0;381112
14;0;380397
14;0;344377
14;0;380634
14;0;380907
14;0;425105
14;0;428108
14;0;541082
14;0;344674
14;0;383487
14;0;380494
14;0;461226
14;0;380876
14;0;413392
14;0;424866
14;0;424658
14;0;425088
14;0;452084
14;0;366628
14;0;380552
14;0;384082
14;0;371759
14;0;371971
14;0;434955


THREADS; MESSAGES; WORK-UNITS
15;0;419763
15;0;378677
15;0;371459
15;0;350101
15;0;380430
15;0;425370
15;0;434503
15;0;380423
15;0;377216
15;0;347704
15;0;398600
15;0;434429
15;0;378397
15;0;376744
15;0;425466
15;0;540978
15;0;345166
15;0;344059
15;0;549971
15;0;540949
15;0;380517
15;0;369331
15;0;380712
15;0;424042
15;0;461947


THREADS; MESSAGES; WORK-UNITS
16;0;356267
16;0;424537
16;0;425077
16;0;371486
16;0;344883
16;0;344819
16;0;364225
16;0;378543
16;0;371880
16;0;416109
16;0;434587
16;0;461012
16;0;369258
16;0;371605
16;0;344913
16;0;425458
16;0;434622
16;0;425350
16;0;380659
16;0;371519
16;0;344813
16;0;425214
16;0;463968
16;0;381060
16;0;335153


THREADS; MESSAGES; WORK-UNITS
17;0;425540
17;0;434625
17;0;381015
17;0;344798
17;0;416767
17;0;344880
17;0;371715
17;0;434277
17;0;540934
17;0;344894
17;0;344765
17;0;415739
17;0;439446
17;0;380493
17;0;396405
17;0;434907
17;0;380776
17;0;378862
17;0;425088
17;0;434960
17;0;416218
17;0;407497
17;0;410676
17;0;434532
17;0;470979


THREADS; MESSAGES; WORK-UNITS
18;0;424832
18;0;434415
18;0;452686
18;0;372210
18;0;344155
18;0;415329
18;0;452319
18;0;380698
18;0;344581
18;0;452261
18;0;344659
18;0;424019
18;0;416430
18;0;344872
18;0;418523
18;0;425284
18;0;441016
18;0;345191
18;0;344789
18;0;424572
18;0;421265
18;0;380634
18;0;417022
18;0;375858
18;0;540987


THREADS; MESSAGES; WORK-UNITS
19;0;345086
19;0;425290
19;0;452349
19;0;344610
19;0;344920
19;0;425468
19;0;434795
19;0;380374
19;0;349112
19;0;425188
19;0;424670
19;0;434658
19;0;452347
19;0;380329
19;0;372113
19;0;370977
19;0;344268
19;0;344904
19;0;415954
19;0;375661
19;0;425069
19;0;425248
19;0;425282
19;0;414863
19;0;363669


THREADS; MESSAGES; WORK-UNITS
20;0;425898
20;0;372078
20;0;380722
20;0;344916
20;0;344814
20;0;424090
20;0;434974
20;0;379753
20;0;371705
20;0;424525
20;0;435017
20;0;344914
20;0;375285
20;0;379551
20;0;344832
20;0;434452
20;0;416704
20;0;344878
20;0;336600
20;0;378110
20;0;354030
20;0;421577
20;0;434923
20;0;434118
20;0;416053


THREADS; MESSAGES; WORK-UNITS
21;0;344858
21;0;425698
21;0;434280
21;0;415047
21;0;425164
21;0;425082
21;0;378140
21;0;380697
21;0;426061
21;0;373065
21;0;345043
21;0;425695
21;0;339486
21;0;344921
21;0;344914
21;0;345065
21;0;381733
21;0;344869
21;0;381150
21;0;452141
21;0;344795
21;0;344856
21;0;416398
21;0;425310
21;0;394904


THREADS; MESSAGES; WORK-UNITS
22;0;405908
22;0;434778
22;0;380842
22;0;380589
22;0;461710
22;0;424226
22;0;380166
22;0;415833
22;0;335866
22;0;416435
22;0;373464
22;0;383687
22;0;434839
22;0;381003
22;0;380915
22;0;425037
22;0;434357
22;0;372280
22;0;344727
22;0;344976
22;0;424786
22;0;416490
22;0;344982
22;0;341160
22;0;354253


THREADS; MESSAGES; WORK-UNITS
23;0;424088
23;0;434606
23;0;420617
23;0;363024
23;0;387835
23;0;425768
23;0;416025
23;0;354158
23;0;344809
23;0;443910
23;0;380777
23;0;378621
23;0;344809
23;0;344933
23;0;425520
23;0;336113
23;0;345065
23;0;416833
23;0;372217
23;0;344848
23;0;344919
23;0;344941
23;0;373484
23;0;435344
23;0;424974


THREADS; MESSAGES; WORK-UNITS
24;0;345209
24;0;383259
24;0;379641
24;0;425345
24;0;380898
24;0;357173
24;0;388283
24;0;444116
24;0;371894
24;0;380594
24;0;434865
24;0;372095
24;0;335690
24;0;411078
24;0;387908
24;0;380763
24;0;416294
24;0;379695
24;0;335868
24;0;393876
24;0;344729
24;0;420760
24;0;409500
24;0;381366
24;0;390466


THREADS; MESSAGES; WORK-UNITS
25;0;381013
25;0;425285
25;0;452349
25;0;345166
25;0;344800
25;0;344946
25;0;452329
25;0;344709
25;0;344740
25;0;336018
25;0;377289
25;0;425813
25;0;418236
25;0;425663
25;0;424643
25;0;386042
25;0;345013
25;0;502104
25;0;364268
25;0;549816
25;0;344538
25;0;345142
25;0;378801
25;0;424940
25;0;353913


THREADS; MESSAGES; WORK-UNITS
26;0;409367
26;0;336046
26;0;387326
26;0;425192
26;0;372240
26;0;344973
26;0;340246
26;0;360563
26;0;381246
26;0;336059
26;1;434833
26;0;388316
26;0;380805
26;0;452413
26;0;345005
26;0;425365
26;0;380964
26;0;425348
26;0;425526
26;0;345094
26;0;344844
26;0;424701
26;0;435530
26;0;425812
26;0;367755


THREADS; MESSAGES; WORK-UNITS
27;0;425832
27;1;425125
27;0;372034
27;0;383718
27;0;382201
27;0;425784
27;0;372364
27;0;335775
27;0;373757
27;0;434444
27;0;425134
27;0;381135
27;0;345288
27;0;425578
27;0;425970
27;0;345091
27;0;381491
27;0;381758
27;0;385374
27;0;385485
27;0;345971
27;0;430648
27;0;425249
27;0;344685
27;0;380791


THREADS; MESSAGES; WORK-UNITS
28;0;434959
28;0;452562
28;0;336128
28;0;345028
28;0;345796
28;0;434207
28;0;354588
28;0;371779
28;0;354213
28;0;416759
28;0;345138
28;0;372099
28;0;434287
28;0;388473
28;0;381120
28;0;419660
28;1;380974
28;0;425425
28;0;373981
28;0;425653
28;0;425326
28;0;372145
28;0;345678
28;0;425205
28;0;379204


THREADS; MESSAGES; WORK-UNITS
29;0;375400
29;0;362717
29;0;434790
29;0;376538
29;0;380843
29;0;376735
29;0;344915
29;0;425657
29;0;336021
29;0;371885
29;0;380996
29;0;345666
29;0;425830
29;0;363562
29;0;371855
29;0;345078
29;0;379310
29;0;425943
29;0;344885
29;0;336363
29;0;417937
29;0;335918
29;0;345344
29;0;434462
29;0;336009


THREADS; MESSAGES; WORK-UNITS
30;0;372391
30;0;375120
30;0;345130
30;0;291168
30;0;335976
30;0;345120
30;0;379554
30;0;344887
30;0;335924
30;0;345182
30;0;345140
30;0;344749
30;0;425199
30;0;345043
30;0;416386
30;0;425375
30;0;443321
30;0;336377
30;0;344994
30;0;344985
30;0;344949
30;0;425474
30;0;425663
30;0;452914
30;0;335231


THREADS; MESSAGES; WORK-UNITS
31;1;425938
31;0;373925
31;0;345143
31;0;344964
31;1;345323
31;0;344915
31;0;434442
31;0;452666
31;0;336418
31;0;344790
31;0;345023
31;0;425546
31;0;425486
31;0;452747
31;0;345075
31;0;335809
31;0;425498
31;0;382503
31;0;425678
31;0;452820
31;0;345161
31;0;344689
31;0;344887
31;0;380606
31;0;344946


THREADS; MESSAGES; WORK-UNITS
32;0;371599
32;0;425335
32;1;344811
32;0;336289
32;0;335284
32;0;417306
32;0;385262
32;0;416896
32;0;360135
32;2;336079
32;0;505594
32;0;335985
32;0;336074
32;0;425896
32;0;336321
32;0;345008
32;0;426822
32;0;532162
32;1;342950
32;0;335970
32;0;344816
32;0;345272
32;1;374056
32;0;384850
32;0;345022


THREADS; MESSAGES; WORK-UNITS
33;0;357896
33;0;425735
33;0;426223
33;0;354170
33;0;345320
33;0;337922
33;0;344836
33;0;375536
33;1;425809
33;0;423323
33;0;335951
33;0;338608
33;0;335137
33;0;426012
33;0;363363
33;0;335415
33;0;417018
33;0;345415
33;0;336099
33;0;344876
33;2;400194
33;0;374450
33;0;513832
33;0;371920
33;0;425575


THREADS; MESSAGES; WORK-UNITS
34;0;425731
34;1;336361
34;0;336109
34;0;425494
34;0;377085
34;0;336362
34;0;336215
34;0;344951
34;0;344969
34;0;425467
34;0;372373
34;0;376565
34;0;425887
34;0;345600
34;0;443357
34;0;373959
34;0;435154
34;0;371985
34;0;371705
34;0;371835
34;0;434522
34;0;425455
34;0;380566
34;0;425244
34;0;423813


THREADS; MESSAGES; WORK-UNITS
35;0;345242
35;0;345231
35;0;344694
35;1;345086
35;0;371751
35;0;434840
35;0;425427
35;0;416480
35;0;371835
35;0;352140
35;0;335841
35;0;344935
35;0;374330
35;0;345215
35;0;425360
35;0;373170
35;0;345521
35;0;336016
35;0;426081
35;0;380983
35;0;394180
35;0;344778
35;0;344913
35;0;425259
35;0;452404


THREADS; MESSAGES; WORK-UNITS
36;0;336414
36;0;335503
36;0;364231
36;0;426082
36;0;426526
36;0;373701
36;0;362764
36;0;426003
36;0;412820
36;0;349920
36;1;435123
36;0;372325
36;0;335880
36;0;336104
36;0;425282
36;0;452348
36;0;336251
36;0;335913
36;0;344980
36;0;425236
36;0;380773
36;0;346716
36;0;435375
36;0;425912
36;0;376464


THREADS; MESSAGES; WORK-UNITS
37;0;383766
37;0;425648
37;0;336013
37;0;425241
37;0;425305
37;0;371890
37;0;425488
37;0;374722
37;0;357319
37;0;425446
37;0;426413
37;0;384873
37;1;425461
37;0;452572
37;0;345147
37;0;425376
37;0;379235
37;1;365303
37;0;430869
37;0;425129
37;0;375775
37;0;407924
37;0;372007
37;0;434889
37;0;374972


THREADS; MESSAGES; WORK-UNITS
38;0;374333
38;0;426073
38;0;344970
38;0;344901
38;0;434968
38;1;345062
38;0;376028
38;0;344969
38;0;372212
38;0;374080
38;0;431302
38;0;371763
38;0;336113
38;0;345266
38;0;425208
38;0;336651
38;0;335773
38;0;434949
38;0;505356
38;0;345165
38;0;344974
38;0;378226
38;0;382808
38;0;425506
38;1;426606


THREADS; MESSAGES; WORK-UNITS
39;0;374852
39;0;344807
39;0;373188
39;0;425131
39;0;372262
39;0;426011
39;0;345389
39;0;345002
39;0;359618
39;0;420960
39;0;416897
39;0;425461
39;0;416820
39;0;344964
39;0;345293
39;0;425579
39;0;421465
39;0;336240
39;0;345316
39;0;335935
39;0;374989
39;0;425971
39;0;345002
39;0;335867
39;0;344930


THREADS; MESSAGES; WORK-UNITS
40;0;374327
40;0;425291
40;0;363402
40;0;345088
40;0;344913
40;0;339004
40;0;345214
40;0;352368
40;0;425493
40;0;372211
40;0;425661
40;0;425958
40;0;376038
40;0;371932
40;0;376151
40;0;425482
40;0;372513
40;0;335838
40;0;336245
40;0;380716
40;0;425787
40;0;372342
40;0;416574
40;0;374110
40;0;345127


THREADS; MESSAGES; WORK-UNITS
41;0;336188
41;0;416729
41;0;336136
41;0;345073
41;0;354828
41;0;434310
41;0;374517
41;0;366442
41;0;375478
41;0;335865
41;0;345340
41;0;425634
41;0;426568
41;0;376744
41;0;345002
41;0;425445
41;0;425258
41;0;379280
41;0;374129
41;0;381025
41;0;380678
41;0;425429
41;0;452317
41;0;345002
41;0;344958


THREADS; MESSAGES; WORK-UNITS
42;0;376007
42;0;425703
42;0;426013
42;0;372447
42;0;340091
42;0;381182
42;0;425674
42;0;375930
42;0;425937
42;0;363329
42;0;335456
42;0;372427
42;0;344902
42;0;375591
42;0;376280
42;0;412961
42;0;425631
42;0;335921
42;0;382517
42;0;371765
42;0;425227
42;0;345012
42;0;425248
42;0;336646
42;0;335871


THREADS; MESSAGES; WORK-UNITS
43;0;345049
43;0;371693
43;0;523179
43;0;435069
43;0;373439
43;0;434524
43;0;431706
43;0;452398
43;0;344919
43;0;335997
43;0;371111
43;0;369194
43;0;345045
43;0;336085
43;0;426456
43;0;425678
43;0;381338
43;0;416669
43;0;374730
43;0;343404
43;0;425823
43;0;425668
43;0;372078
43;0;372570
43;0;345404


THREADS; MESSAGES; WORK-UNITS
44;0;381120
44;0;372093
44;0;366661
44;0;344955
44;0;380703
44;0;541234
44;0;336103
44;0;344493
44;0;375105
44;0;425742
44;0;380796
44;0;363678
44;0;336126
44;0;336118
44;0;425383
44;0;374101
44;0;378072
44;0;336219
44;0;435002
44;0;380675
44;0;434475
44;0;291466
44;0;344942
44;0;344865
44;0;345185


THREADS; MESSAGES; WORK-UNITS
45;0;372372
45;0;426802
45;0;416442
45;0;341300
45;0;345021
45;0;345187
45;0;373890
45;0;417718
45;0;367520
45;0;434263
45;0;377399
45;0;345088
45;0;357467
45;0;372427
45;0;336734
45;0;451926
45;0;452578
45;0;376241
45;0;426628
45;0;378645
45;0;381725
45;0;425192
45;0;472327
45;0;344785
45;0;335495


THREADS; MESSAGES; WORK-UNITS
46;0;452585
46;0;341093
46;0;336364
46;0;425911
46;0;411546
46;0;420005
46;0;425176
46;0;416707
46;0;425375
46;0;425461
46;0;452330
46;0;336011
46;0;348209
46;0;375534
46;0;369744
46;0;425759
46;0;371835
46;0;344932
46;0;345404
46;0;417363
46;1;336038
46;0;426112
46;0;345765
46;0;336034
46;0;344978


THREADS; MESSAGES; WORK-UNITS
47;0;398544
47;0;372117
47;0;346062
47;0;345194
47;0;425400
47;0;425868
47;0;363756
47;0;344900
47;0;414942
47;0;434680
47;0;452752
47;0;345339
47;0;344769
47;0;335872
47;0;344973
47;0;344986
47;0;344999
47;0;425318
47;0;371920
47;0;335886
47;0;354306
47;0;377764
47;0;345367
47;0;425571
47;0;341748


THREADS; MESSAGES; WORK-UNITS
48;0;336126
48;0;336069
48;0;376324
48;0;434394
48;0;478758
48;0;335749
48;0;372373
48;0;425573
48;0;435339
48;0;336561
48;0;425712
48;0;425927
48;0;425823
48;0;344858
48;0;425873
48;0;416980
48;0;367551
48;0;372088
48;0;541128
48;0;336298
48;0;345035
48;0;357370
48;0;373856
48;0;434367
48;0;375760


THREADS; MESSAGES; WORK-UNITS
49;0;372562
49;0;345005
49;0;425834
49;0;452751
49;0;371953
49;0;335982
49;0;336017
49;0;384402
49;0;426075
49;0;425808
49;0;337095
49;0;363493
49;0;377269
49;0;344957
49;0;425491
49;0;418918
49;0;345038
49;0;372220
49;0;425363
49;0;461640
49;0;345113
49;0;336113
49;0;425717
49;0;425728
49;0;452737


THREADS; MESSAGES; WORK-UNITS
50;0;336046
50;0;336073
50;0;374861
50;0;336247
50;0;425439
50;0;336483
50;0;346078
50;0;434169
50;0;417093
50;0;344905
50;0;434394
50;0;373856
50;0;423490
50;0;435271
50;0;425854
50;0;382996
50;0;335945
50;0;382625
50;0;373767
50;0;425869
50;0;425822
50;0;425563
50;0;416413
50;0;431413
50;0;426046


