THREADS; TOTAL MESSAGES; AVERAGE MESSAGES; TOTAL WORK-UNITS; AVERAGE WORK-UNITS 
1;442634;17705;8914601;356584
2;449964;17998;9000000;360000
3;450000;18000;9000000;360000
4;450000;18000;9000000;360000
5;450000;18000;9000000;360000
6;449999;17999;9000000;360000
7;450000;18000;9000000;360000
8;450000;18000;9000000;360000
9;450000;18000;9000000;360000
10;450000;18000;9000000;360000
11;450000;18000;9000000;360000
12;450000;18000;9000000;360000
13;449999;17999;9000000;360000
14;450000;18000;9000000;360000
15;450000;18000;9000000;360000
16;450000;18000;9000000;360000
17;450000;18000;9000000;360000
18;450000;18000;9000000;360000
19;450000;18000;9000000;360000
20;450000;18000;9000000;360000
21;450000;18000;9000000;360000
22;450000;18000;9000000;360000
23;450000;18000;9000000;360000
24;450000;18000;9000000;360000
25;450000;18000;9000000;360000
26;450000;18000;9000000;360000
27;450000;18000;9000000;360000
28;450000;18000;9000000;360000
29;450000;18000;9000000;360000
30;450000;18000;9000000;360000
31;450000;18000;9000000;360000
32;450000;18000;9000000;360000
33;450000;18000;9000000;360000
34;450000;18000;9000000;360000
35;450000;18000;9000000;360000
36;450000;18000;9000000;360000
37;450000;18000;9000000;360000
38;450000;18000;9000000;360000
39;450000;18000;9000000;360000
40;450000;18000;9000000;360000
41;450000;18000;9000000;360000
42;450000;18000;9000000;360000
43;450000;18000;9000000;360000
44;450000;18000;9000000;360000
45;450000;18000;9000000;360000
46;450000;18000;9000000;360000
47;449999;17999;9000000;360000
48;449999;17999;9000000;360000
49;450000;18000;9000000;360000
50;450000;18000;9000000;360000
THREADS; MESSAGES; WORK-UNITS
1;17703;355545
1;17706;356745
1;17704;356809
1;17706;357010
1;17706;356264
1;17705;356361
1;17706;356377
1;17706;356622
1;17706;357203
1;17706;356912
1;17706;356378
1;17706;356243
1;17705;356994
1;17705;356951
1;17705;356504
1;17706;356623
1;17706;356783
1;17706;356645
1;17705;356865
1;17706;356904
1;17706;356007
1;17706;355492
1;17706;356396
1;17704;357216
1;17702;356752


THREADS; MESSAGES; WORK-UNITS
2;18000;360000
2;18000;360000
2;18000;360000
2;18000;360000
2;18000;360000
2;18000;360000
2;18000;360000
2;18000;360000
2;18000;360000
2;18000;360000
2;18000;360000
2;18000;360000
2;18000;360000
2;18000;360000
2;18000;360000
2;18000;360000
2;18000;360000
2;18000;360000
2;18000;360000
2;18000;360000
2;18000;360000
2;18000;360000
2;18000;360000
2;18000;360000
2;17964;360000


THREADS; MESSAGES; WORK-UNITS
3;18000;360000
3;18000;360000
3;18000;360000
3;18000;360000
3;18000;360000
3;18000;360000
3;18000;360000
3;18000;360000
3;18000;360000
3;18000;360000
3;18000;360000
3;18000;360000
3;18000;360000
3;18000;360000
3;18000;360000
3;18000;360000
3;18000;360000
3;18000;360000
3;18000;360000
3;18000;360000
3;18000;360000
3;18000;360000
3;18000;360000
3;18000;360000
3;18000;360000


THREADS; MESSAGES; WORK-UNITS
4;18000;360000
4;18000;360000
4;18000;360000
4;18000;360000
4;18000;360000
4;18000;360000
4;18000;360000
4;18000;360000
4;18000;360000
4;18000;360000
4;18000;360000
4;18000;360000
4;18000;360000
4;18000;360000
4;18000;360000
4;18000;360000
4;18000;360000
4;18000;360000
4;18000;360000
4;18000;360000
4;18000;360000
4;18000;360000
4;18000;360000
4;18000;360000
4;18000;360000


THREADS; MESSAGES; WORK-UNITS
5;18000;360000
5;18000;360000
5;18000;360000
5;18000;360000
5;18000;360000
5;18000;360000
5;18000;360000
5;18000;360000
5;18000;360000
5;18000;360000
5;18000;360000
5;18000;360000
5;18000;360000
5;18000;360000
5;18000;360000
5;18000;360000
5;18000;360000
5;18000;360000
5;18000;360000
5;18000;360000
5;18000;360000
5;18000;360000
5;18000;360000
5;18000;360000
5;18000;360000


THREADS; MESSAGES; WORK-UNITS
6;18000;360000
6;18000;360000
6;18000;360000
6;18000;360000
6;18000;360000
6;18000;360000
6;18000;360000
6;18000;360000
6;18000;360000
6;18000;360000
6;18000;360000
6;18000;360000
6;17999;360000
6;18000;360000
6;18000;360000
6;18000;360000
6;18000;360000
6;18000;360000
6;18000;360000
6;18000;360000
6;18000;360000
6;18000;360000
6;18000;360000
6;18000;360000
6;18000;360000


THREADS; MESSAGES; WORK-UNITS
7;18000;360000
7;18000;360000
7;18000;360000
7;18000;360000
7;18000;360000
7;18000;360000
7;18000;360000
7;18000;360000
7;18000;360000
7;18000;360000
7;18000;360000
7;18000;360000
7;18000;360000
7;18000;360000
7;18000;360000
7;18000;360000
7;18000;360000
7;18000;360000
7;18000;360000
7;18000;360000
7;18000;360000
7;18000;360000
7;18000;360000
7;18000;360000
7;18000;360000


THREADS; MESSAGES; WORK-UNITS
8;18000;360000
8;18000;360000
8;18000;360000
8;18000;360000
8;18000;360000
8;18000;360000
8;18000;360000
8;18000;360000
8;18000;360000
8;18000;360000
8;18000;360000
8;18000;360000
8;18000;360000
8;18000;360000
8;18000;360000
8;18000;360000
8;18000;360000
8;18000;360000
8;18000;360000
8;18000;360000
8;18000;360000
8;18000;360000
8;18000;360000
8;18000;360000
8;18000;360000


THREADS; MESSAGES; WORK-UNITS
9;18000;360000
9;18000;360000
9;18000;360000
9;18000;360000
9;18000;360000
9;18000;360000
9;18000;360000
9;18000;360000
9;18000;360000
9;18000;360000
9;18000;360000
9;18000;360000
9;18000;360000
9;18000;360000
9;18000;360000
9;18000;360000
9;18000;360000
9;18000;360000
9;18000;360000
9;18000;360000
9;18000;360000
9;18000;360000
9;18000;360000
9;18000;360000
9;18000;360000


THREADS; MESSAGES; WORK-UNITS
10;18000;360000
10;18000;360000
10;18000;360000
10;18000;360000
10;18000;360000
10;18000;360000
10;18000;360000
10;18000;360000
10;18000;360000
10;18000;360000
10;18000;360000
10;18000;360000
10;18000;360000
10;18000;360000
10;18000;360000
10;18000;360000
10;18000;360000
10;18000;360000
10;18000;360000
10;18000;360000
10;18000;360000
10;18000;360000
10;18000;360000
10;18000;360000
10;18000;360000


THREADS; MESSAGES; WORK-UNITS
11;18000;360000
11;18000;360000
11;18000;360000
11;18000;360000
11;18000;360000
11;18000;360000
11;18000;360000
11;18000;360000
11;18000;360000
11;18000;360000
11;18000;360000
11;18000;360000
11;18000;360000
11;18000;360000
11;18000;360000
11;18000;360000
11;18000;360000
11;18000;360000
11;18000;360000
11;18000;360000
11;18000;360000
11;18000;360000
11;18000;360000
11;18000;360000
11;18000;360000


THREADS; MESSAGES; WORK-UNITS
12;18000;360000
12;18000;360000
12;18000;360000
12;18000;360000
12;18000;360000
12;18000;360000
12;18000;360000
12;18000;360000
12;18000;360000
12;18000;360000
12;18000;360000
12;18000;360000
12;18000;360000
12;18000;360000
12;18000;360000
12;18000;360000
12;18000;360000
12;18000;360000
12;18000;360000
12;18000;360000
12;18000;360000
12;18000;360000
12;18000;360000
12;18000;360000
12;18000;360000


THREADS; MESSAGES; WORK-UNITS
13;18000;360000
13;18000;360000
13;18000;360000
13;18000;360000
13;18000;360000
13;18000;360000
13;18000;360000
13;18000;360000
13;18000;360000
13;18000;360000
13;17999;360000
13;18000;360000
13;18000;360000
13;18000;360000
13;18000;360000
13;18000;360000
13;18000;360000
13;18000;360000
13;18000;360000
13;18000;360000
13;18000;360000
13;18000;360000
13;18000;360000
13;18000;360000
13;18000;360000


THREADS; MESSAGES; WORK-UNITS
14;18000;360000
14;18000;360000
14;18000;360000
14;18000;360000
14;18000;360000
14;18000;360000
14;18000;360000
14;18000;360000
14;18000;360000
14;18000;360000
14;18000;360000
14;18000;360000
14;18000;360000
14;18000;360000
14;18000;360000
14;18000;360000
14;18000;360000
14;18000;360000
14;18000;360000
14;18000;360000
14;18000;360000
14;18000;360000
14;18000;360000
14;18000;360000
14;18000;360000


THREADS; MESSAGES; WORK-UNITS
15;18000;360000
15;18000;360000
15;18000;360000
15;18000;360000
15;18000;360000
15;18000;360000
15;18000;360000
15;18000;360000
15;18000;360000
15;18000;360000
15;18000;360000
15;18000;360000
15;18000;360000
15;18000;360000
15;18000;360000
15;18000;360000
15;18000;360000
15;18000;360000
15;18000;360000
15;18000;360000
15;18000;360000
15;18000;360000
15;18000;360000
15;18000;360000
15;18000;360000


THREADS; MESSAGES; WORK-UNITS
16;18000;360000
16;18000;360000
16;18000;360000
16;18000;360000
16;18000;360000
16;18000;360000
16;18000;360000
16;18000;360000
16;18000;360000
16;18000;360000
16;18000;360000
16;18000;360000
16;18000;360000
16;18000;360000
16;18000;360000
16;18000;360000
16;18000;360000
16;18000;360000
16;18000;360000
16;18000;360000
16;18000;360000
16;18000;360000
16;18000;360000
16;18000;360000
16;18000;360000


THREADS; MESSAGES; WORK-UNITS
17;18000;360000
17;18000;360000
17;18000;360000
17;18000;360000
17;18000;360000
17;18000;360000
17;18000;360000
17;18000;360000
17;18000;360000
17;18000;360000
17;18000;360000
17;18000;360000
17;18000;360000
17;18000;360000
17;18000;360000
17;18000;360000
17;18000;360000
17;18000;360000
17;18000;360000
17;18000;360000
17;18000;360000
17;18000;360000
17;18000;360000
17;18000;360000
17;18000;360000


THREADS; MESSAGES; WORK-UNITS
18;18000;360000
18;18000;360000
18;18000;360000
18;18000;360000
18;18000;360000
18;18000;360000
18;18000;360000
18;18000;360000
18;18000;360000
18;18000;360000
18;18000;360000
18;18000;360000
18;18000;360000
18;18000;360000
18;18000;360000
18;18000;360000
18;18000;360000
18;18000;360000
18;18000;360000
18;18000;360000
18;18000;360000
18;18000;360000
18;18000;360000
18;18000;360000
18;18000;360000


THREADS; MESSAGES; WORK-UNITS
19;18000;360000
19;18000;360000
19;18000;360000
19;18000;360000
19;18000;360000
19;18000;360000
19;18000;360000
19;18000;360000
19;18000;360000
19;18000;360000
19;18000;360000
19;18000;360000
19;18000;360000
19;18000;360000
19;18000;360000
19;18000;360000
19;18000;360000
19;18000;360000
19;18000;360000
19;18000;360000
19;18000;360000
19;18000;360000
19;18000;360000
19;18000;360000
19;18000;360000


THREADS; MESSAGES; WORK-UNITS
20;18000;360000
20;18000;360000
20;18000;360000
20;18000;360000
20;18000;360000
20;18000;360000
20;18000;360000
20;18000;360000
20;18000;360000
20;18000;360000
20;18000;360000
20;18000;360000
20;18000;360000
20;18000;360000
20;18000;360000
20;18000;360000
20;18000;360000
20;18000;360000
20;18000;360000
20;18000;360000
20;18000;360000
20;18000;360000
20;18000;360000
20;18000;360000
20;18000;360000


THREADS; MESSAGES; WORK-UNITS
21;18000;360000
21;18000;360000
21;18000;360000
21;18000;360000
21;18000;360000
21;18000;360000
21;18000;360000
21;18000;360000
21;18000;360000
21;18000;360000
21;18000;360000
21;18000;360000
21;18000;360000
21;18000;360000
21;18000;360000
21;18000;360000
21;18000;360000
21;18000;360000
21;18000;360000
21;18000;360000
21;18000;360000
21;18000;360000
21;18000;360000
21;18000;360000
21;18000;360000


THREADS; MESSAGES; WORK-UNITS
22;18000;360000
22;18000;360000
22;18000;360000
22;18000;360000
22;18000;360000
22;18000;360000
22;18000;360000
22;18000;360000
22;18000;360000
22;18000;360000
22;18000;360000
22;18000;360000
22;18000;360000
22;18000;360000
22;18000;360000
22;18000;360000
22;18000;360000
22;18000;360000
22;18000;360000
22;18000;360000
22;18000;360000
22;18000;360000
22;18000;360000
22;18000;360000
22;18000;360000


THREADS; MESSAGES; WORK-UNITS
23;18000;360000
23;18000;360000
23;18000;360000
23;18000;360000
23;18000;360000
23;18000;360000
23;18000;360000
23;18000;360000
23;18000;360000
23;18000;360000
23;18000;360000
23;18000;360000
23;18000;360000
23;18000;360000
23;18000;360000
23;18000;360000
23;18000;360000
23;18000;360000
23;18000;360000
23;18000;360000
23;18000;360000
23;18000;360000
23;18000;360000
23;18000;360000
23;18000;360000


THREADS; MESSAGES; WORK-UNITS
24;18000;360000
24;18000;360000
24;18000;360000
24;18000;360000
24;18000;360000
24;18000;360000
24;18000;360000
24;18000;360000
24;18000;360000
24;18000;360000
24;18000;360000
24;18000;360000
24;18000;360000
24;18000;360000
24;18000;360000
24;18000;360000
24;18000;360000
24;18000;360000
24;18000;360000
24;18000;360000
24;18000;360000
24;18000;360000
24;18000;360000
24;18000;360000
24;18000;360000


THREADS; MESSAGES; WORK-UNITS
25;18000;360000
25;18000;360000
25;18000;360000
25;18000;360000
25;18000;360000
25;18000;360000
25;18000;360000
25;18000;360000
25;18000;360000
25;18000;360000
25;18000;360000
25;18000;360000
25;18000;360000
25;18000;360000
25;18000;360000
25;18000;360000
25;18000;360000
25;18000;360000
25;18000;360000
25;18000;360000
25;18000;360000
25;18000;360000
25;18000;360000
25;18000;360000
25;18000;360000


THREADS; MESSAGES; WORK-UNITS
26;18000;360000
26;18000;360000
26;18000;360000
26;18000;360000
26;18000;360000
26;18000;360000
26;18000;360000
26;18000;360000
26;18000;360000
26;18000;360000
26;18000;360000
26;18000;360000
26;18000;360000
26;18000;360000
26;18000;360000
26;18000;360000
26;18000;360000
26;18000;360000
26;18000;360000
26;18000;360000
26;18000;360000
26;18000;360000
26;18000;360000
26;18000;360000
26;18000;360000


THREADS; MESSAGES; WORK-UNITS
27;18000;360000
27;18000;360000
27;18000;360000
27;18000;360000
27;18000;360000
27;18000;360000
27;18000;360000
27;18000;360000
27;18000;360000
27;18000;360000
27;18000;360000
27;18000;360000
27;18000;360000
27;18000;360000
27;18000;360000
27;18000;360000
27;18000;360000
27;18000;360000
27;18000;360000
27;18000;360000
27;18000;360000
27;18000;360000
27;18000;360000
27;18000;360000
27;18000;360000


THREADS; MESSAGES; WORK-UNITS
28;18000;360000
28;18000;360000
28;18000;360000
28;18000;360000
28;18000;360000
28;18000;360000
28;18000;360000
28;18000;360000
28;18000;360000
28;18000;360000
28;18000;360000
28;18000;360000
28;18000;360000
28;18000;360000
28;18000;360000
28;18000;360000
28;18000;360000
28;18000;360000
28;18000;360000
28;18000;360000
28;18000;360000
28;18000;360000
28;18000;360000
28;18000;360000
28;18000;360000


THREADS; MESSAGES; WORK-UNITS
29;18000;360000
29;18000;360000
29;18000;360000
29;18000;360000
29;18000;360000
29;18000;360000
29;18000;360000
29;18000;360000
29;18000;360000
29;18000;360000
29;18000;360000
29;18000;360000
29;18000;360000
29;18000;360000
29;18000;360000
29;18000;360000
29;18000;360000
29;18000;360000
29;18000;360000
29;18000;360000
29;18000;360000
29;18000;360000
29;18000;360000
29;18000;360000
29;18000;360000


THREADS; MESSAGES; WORK-UNITS
30;18000;360000
30;18000;360000
30;18000;360000
30;18000;360000
30;18000;360000
30;18000;360000
30;18000;360000
30;18000;360000
30;18000;360000
30;18000;360000
30;18000;360000
30;18000;360000
30;18000;360000
30;18000;360000
30;18000;360000
30;18000;360000
30;18000;360000
30;18000;360000
30;18000;360000
30;18000;360000
30;18000;360000
30;18000;360000
30;18000;360000
30;18000;360000
30;18000;360000


THREADS; MESSAGES; WORK-UNITS
31;18000;360000
31;18000;360000
31;18000;360000
31;18000;360000
31;18000;360000
31;18000;360000
31;18000;360000
31;18000;360000
31;18000;360000
31;18000;360000
31;18000;360000
31;18000;360000
31;18000;360000
31;18000;360000
31;18000;360000
31;18000;360000
31;18000;360000
31;18000;360000
31;18000;360000
31;18000;360000
31;18000;360000
31;18000;360000
31;18000;360000
31;18000;360000
31;18000;360000


THREADS; MESSAGES; WORK-UNITS
32;18000;360000
32;18000;360000
32;18000;360000
32;18000;360000
32;18000;360000
32;18000;360000
32;18000;360000
32;18000;360000
32;18000;360000
32;18000;360000
32;18000;360000
32;18000;360000
32;18000;360000
32;18000;360000
32;18000;360000
32;18000;360000
32;18000;360000
32;18000;360000
32;18000;360000
32;18000;360000
32;18000;360000
32;18000;360000
32;18000;360000
32;18000;360000
32;18000;360000


THREADS; MESSAGES; WORK-UNITS
33;18000;360000
33;18000;360000
33;18000;360000
33;18000;360000
33;18000;360000
33;18000;360000
33;18000;360000
33;18000;360000
33;18000;360000
33;18000;360000
33;18000;360000
33;18000;360000
33;18000;360000
33;18000;360000
33;18000;360000
33;18000;360000
33;18000;360000
33;18000;360000
33;18000;360000
33;18000;360000
33;18000;360000
33;18000;360000
33;18000;360000
33;18000;360000
33;18000;360000


THREADS; MESSAGES; WORK-UNITS
34;18000;360000
34;18000;360000
34;18000;360000
34;18000;360000
34;18000;360000
34;18000;360000
34;18000;360000
34;18000;360000
34;18000;360000
34;18000;360000
34;18000;360000
34;18000;360000
34;18000;360000
34;18000;360000
34;18000;360000
34;18000;360000
34;18000;360000
34;18000;360000
34;18000;360000
34;18000;360000
34;18000;360000
34;18000;360000
34;18000;360000
34;18000;360000
34;18000;360000


THREADS; MESSAGES; WORK-UNITS
35;18000;360000
35;18000;360000
35;18000;360000
35;18000;360000
35;18000;360000
35;18000;360000
35;18000;360000
35;18000;360000
35;18000;360000
35;18000;360000
35;18000;360000
35;18000;360000
35;18000;360000
35;18000;360000
35;18000;360000
35;18000;360000
35;18000;360000
35;18000;360000
35;18000;360000
35;18000;360000
35;18000;360000
35;18000;360000
35;18000;360000
35;18000;360000
35;18000;360000


THREADS; MESSAGES; WORK-UNITS
36;18000;360000
36;18000;360000
36;18000;360000
36;18000;360000
36;18000;360000
36;18000;360000
36;18000;360000
36;18000;360000
36;18000;360000
36;18000;360000
36;18000;360000
36;18000;360000
36;18000;360000
36;18000;360000
36;18000;360000
36;18000;360000
36;18000;360000
36;18000;360000
36;18000;360000
36;18000;360000
36;18000;360000
36;18000;360000
36;18000;360000
36;18000;360000
36;18000;360000


THREADS; MESSAGES; WORK-UNITS
37;18000;360000
37;18000;360000
37;18000;360000
37;18000;360000
37;18000;360000
37;18000;360000
37;18000;360000
37;18000;360000
37;18000;360000
37;18000;360000
37;18000;360000
37;18000;360000
37;18000;360000
37;18000;360000
37;18000;360000
37;18000;360000
37;18000;360000
37;18000;360000
37;18000;360000
37;18000;360000
37;18000;360000
37;18000;360000
37;18000;360000
37;18000;360000
37;18000;360000


THREADS; MESSAGES; WORK-UNITS
38;18000;360000
38;18000;360000
38;18000;360000
38;18000;360000
38;18000;360000
38;18000;360000
38;18000;360000
38;18000;360000
38;18000;360000
38;18000;360000
38;18000;360000
38;18000;360000
38;18000;360000
38;18000;360000
38;18000;360000
38;18000;360000
38;18000;360000
38;18000;360000
38;18000;360000
38;18000;360000
38;18000;360000
38;18000;360000
38;18000;360000
38;18000;360000
38;18000;360000


THREADS; MESSAGES; WORK-UNITS
39;18000;360000
39;18000;360000
39;18000;360000
39;18000;360000
39;18000;360000
39;18000;360000
39;18000;360000
39;18000;360000
39;18000;360000
39;18000;360000
39;18000;360000
39;18000;360000
39;18000;360000
39;18000;360000
39;18000;360000
39;18000;360000
39;18000;360000
39;18000;360000
39;18000;360000
39;18000;360000
39;18000;360000
39;18000;360000
39;18000;360000
39;18000;360000
39;18000;360000


THREADS; MESSAGES; WORK-UNITS
40;18000;360000
40;18000;360000
40;18000;360000
40;18000;360000
40;18000;360000
40;18000;360000
40;18000;360000
40;18000;360000
40;18000;360000
40;18000;360000
40;18000;360000
40;18000;360000
40;18000;360000
40;18000;360000
40;18000;360000
40;18000;360000
40;18000;360000
40;18000;360000
40;18000;360000
40;18000;360000
40;18000;360000
40;18000;360000
40;18000;360000
40;18000;360000
40;18000;360000


THREADS; MESSAGES; WORK-UNITS
41;18000;360000
41;18000;360000
41;18000;360000
41;18000;360000
41;18000;360000
41;18000;360000
41;18000;360000
41;18000;360000
41;18000;360000
41;18000;360000
41;18000;360000
41;18000;360000
41;18000;360000
41;18000;360000
41;18000;360000
41;18000;360000
41;18000;360000
41;18000;360000
41;18000;360000
41;18000;360000
41;18000;360000
41;18000;360000
41;18000;360000
41;18000;360000
41;18000;360000


THREADS; MESSAGES; WORK-UNITS
42;18000;360000
42;18000;360000
42;18000;360000
42;18000;360000
42;18000;360000
42;18000;360000
42;18000;360000
42;18000;360000
42;18000;360000
42;18000;360000
42;18000;360000
42;18000;360000
42;18000;360000
42;18000;360000
42;18000;360000
42;18000;360000
42;18000;360000
42;18000;360000
42;18000;360000
42;18000;360000
42;18000;360000
42;18000;360000
42;18000;360000
42;18000;360000
42;18000;360000


THREADS; MESSAGES; WORK-UNITS
43;18000;360000
43;18000;360000
43;18000;360000
43;18000;360000
43;18000;360000
43;18000;360000
43;18000;360000
43;18000;360000
43;18000;360000
43;18000;360000
43;18000;360000
43;18000;360000
43;18000;360000
43;18000;360000
43;18000;360000
43;18000;360000
43;18000;360000
43;18000;360000
43;18000;360000
43;18000;360000
43;18000;360000
43;18000;360000
43;18000;360000
43;18000;360000
43;18000;360000


THREADS; MESSAGES; WORK-UNITS
44;18000;360000
44;18000;360000
44;18000;360000
44;18000;360000
44;18000;360000
44;18000;360000
44;18000;360000
44;18000;360000
44;18000;360000
44;18000;360000
44;18000;360000
44;18000;360000
44;18000;360000
44;18000;360000
44;18000;360000
44;18000;360000
44;18000;360000
44;18000;360000
44;18000;360000
44;18000;360000
44;18000;360000
44;18000;360000
44;18000;360000
44;18000;360000
44;18000;360000


THREADS; MESSAGES; WORK-UNITS
45;18000;360000
45;18000;360000
45;18000;360000
45;18000;360000
45;18000;360000
45;18000;360000
45;18000;360000
45;18000;360000
45;18000;360000
45;18000;360000
45;18000;360000
45;18000;360000
45;18000;360000
45;18000;360000
45;18000;360000
45;18000;360000
45;18000;360000
45;18000;360000
45;18000;360000
45;18000;360000
45;18000;360000
45;18000;360000
45;18000;360000
45;18000;360000
45;18000;360000


THREADS; MESSAGES; WORK-UNITS
46;18000;360000
46;18000;360000
46;18000;360000
46;18000;360000
46;18000;360000
46;18000;360000
46;18000;360000
46;18000;360000
46;18000;360000
46;18000;360000
46;18000;360000
46;18000;360000
46;18000;360000
46;18000;360000
46;18000;360000
46;18000;360000
46;18000;360000
46;18000;360000
46;18000;360000
46;18000;360000
46;18000;360000
46;18000;360000
46;18000;360000
46;18000;360000
46;18000;360000


THREADS; MESSAGES; WORK-UNITS
47;18000;360000
47;18000;360000
47;18000;360000
47;18000;360000
47;18000;360000
47;18000;360000
47;18000;360000
47;18000;360000
47;18000;360000
47;18000;360000
47;18000;360000
47;18000;360000
47;18000;360000
47;18000;360000
47;17999;360000
47;18000;360000
47;18000;360000
47;18000;360000
47;18000;360000
47;18000;360000
47;18000;360000
47;18000;360000
47;18000;360000
47;18000;360000
47;18000;360000


THREADS; MESSAGES; WORK-UNITS
48;18000;360000
48;18000;360000
48;18000;360000
48;18000;360000
48;17999;360000
48;18000;360000
48;18000;360000
48;18000;360000
48;18000;360000
48;18000;360000
48;18000;360000
48;18000;360000
48;18000;360000
48;18000;360000
48;18000;360000
48;18000;360000
48;18000;360000
48;18000;360000
48;18000;360000
48;18000;360000
48;18000;360000
48;18000;360000
48;18000;360000
48;18000;360000
48;18000;360000


THREADS; MESSAGES; WORK-UNITS
49;18000;360000
49;18000;360000
49;18000;360000
49;18000;360000
49;18000;360000
49;18000;360000
49;18000;360000
49;18000;360000
49;18000;360000
49;18000;360000
49;18000;360000
49;18000;360000
49;18000;360000
49;18000;360000
49;18000;360000
49;18000;360000
49;18000;360000
49;18000;360000
49;18000;360000
49;18000;360000
49;18000;360000
49;18000;360000
49;18000;360000
49;18000;360000
49;18000;360000


THREADS; MESSAGES; WORK-UNITS
50;18000;360000
50;18000;360000
50;18000;360000
50;18000;360000
50;18000;360000
50;18000;360000
50;18000;360000
50;18000;360000
50;18000;360000
50;18000;360000
50;18000;360000
50;18000;360000
50;18000;360000
50;18000;360000
50;18000;360000
50;18000;360000
50;18000;360000
50;18000;360000
50;18000;360000
50;18000;360000
50;18000;360000
50;18000;360000
50;18000;360000
50;18000;360000
50;18000;360000


