THREADS; TOTAL MESSAGES; AVERAGE MESSAGES; TOTAL WORK-UNITS; AVERAGE WORK-UNITS 
1;0;0;5009546;200381
2;29;1;9561071;382442
3;43;1;7119737;284789
4;40119;1604;8826410;353056
5;73063;2922;9600132;384005
6;81249;3249;9722203;388888
7;81249;3249;11888407;475536
8;83752;3350;14044185;561767
9;84780;3391;14928735;597149
10;82839;3313;14028536;561141
11;85807;3432;13547221;541888
12;83315;3332;13750146;550005
13;81603;3264;13873998;554959
14;81551;3262;12604603;504184
15;81281;3251;13102997;524119
16;81543;3261;13221022;528840
17;83905;3356;13421373;536854
18;82372;3294;13503891;540155
19;82363;3294;14559953;582398
20;82895;3315;15154435;606177
21;86196;3447;16603819;664152
22;81344;3253;15090582;603623
23;87188;3487;14447530;577901
24;86059;3442;16271122;650844
25;90969;3638;15183033;607321
26;87199;3487;16253722;650148
27;91065;3642;16336303;653452
28;95416;3816;16527871;661114
29;92523;3700;16845104;673804
30;97387;3895;16175669;647026
31;90415;3616;17448423;697936
32;83973;3358;16507605;660304
33;83961;3358;18008094;720323
34;88801;3552;15612917;624516
35;83389;3335;17493852;699754
36;83596;3343;17341260;693650
37;91828;3673;16590763;663630
38;90067;3602;17098207;683928
39;82313;3292;14903268;596130
40;88248;3529;15574565;622982
41;83540;3341;15439068;617562
42;86981;3479;16061874;642474
43;86612;3464;15964934;638597
44;84005;3360;16286440;651457
45;86100;3444;16202085;648083
46;86992;3479;15462947;618517
47;85111;3404;15631330;625253
48;87917;3516;15612489;624499
49;82048;3281;16701788;668071
50;84581;3383;18327134;733085
THREADS; MESSAGES; WORK-UNITS
1;0;201116
1;0;198423
1;0;199865
1;0;201356
1;0;201320
1;0;202477
1;0;201045
1;0;200447
1;0;200172
1;0;198977
1;0;200054
1;0;197287
1;0;202692
1;0;198558
1;0;197836
1;0;202854
1;0;200794
1;0;201775
1;0;199740
1;0;200633
1;0;200418
1;0;199799
1;0;202290
1;0;201761
1;0;197857


THREADS; MESSAGES; WORK-UNITS
2;0;377055
2;0;392068
2;1;377281
2;1;377602
2;1;385516
2;1;377458
2;1;390060
2;1;377404
2;1;377374
2;1;393507
2;1;392170
2;2;377656
2;1;383425
2;2;377466
2;1;392856
2;2;374255
2;2;377652
2;2;393596
2;2;374525
2;1;381148
2;2;377529
2;1;377474
2;1;391373
2;1;377637
2;0;386984


THREADS; MESSAGES; WORK-UNITS
3;3;284839
3;0;283813
3;2;284600
3;1;283757
3;3;283617
3;2;287593
3;2;284322
3;1;285266
3;1;287023
3;0;286751
3;2;283661
3;2;284500
3;3;283763
3;1;286914
3;2;283892
3;1;283616
3;3;284217
3;3;286959
3;2;284143
3;0;283747
3;2;284798
3;1;285819
3;1;283881
3;4;283753
3;1;284493


THREADS; MESSAGES; WORK-UNITS
4;1571;338885
4;1659;367686
4;1493;329755
4;1747;370053
4;1576;363978
4;1695;363388
4;1560;346564
4;1692;357175
4;1729;370260
4;1679;356172
4;1719;365089
4;1603;357396
4;1727;370293
4;1749;348621
4;1466;346429
4;1713;356359
4;1680;348782
4;1;272422
4;1786;361082
4;1762;354199
4;1689;362688
4;1761;354445
4;1740;366881
4;1618;327041
4;1704;370767


THREADS; MESSAGES; WORK-UNITS
5;3250;416765
5;3250;428205
5;3250;360211
5;2322;336715
5;3250;428392
5;3250;496032
5;2152;350804
5;3250;394219
5;2515;338929
5;3250;492547
5;2769;339657
5;3165;337451
5;3250;424786
5;3250;476885
5;2565;314489
5;3250;427289
5;3250;412322
5;2354;335427
5;3250;378553
5;2483;331109
5;2338;330105
5;3028;336654
5;2416;337833
5;3249;459576
5;2707;315177


THREADS; MESSAGES; WORK-UNITS
6;3250;404371
6;3250;340650
6;3250;499268
6;3249;320912
6;3250;420971
6;3250;317878
6;3250;351050
6;3250;472144
6;3250;364381
6;3250;378377
6;3250;534076
6;3250;321214
6;3250;366496
6;3250;415171
6;3250;363889
6;3250;472197
6;3250;320970
6;3250;347907
6;3250;500259
6;3250;357844
6;3250;415739
6;3250;321365
6;3250;399692
6;3250;367412
6;3250;347970


THREADS; MESSAGES; WORK-UNITS
7;3250;316673
7;3250;323581
7;3250;482609
7;3250;350798
7;3250;482066
7;3250;582859
7;3250;371824
7;3250;458563
7;3250;346633
7;3250;666073
7;3250;679548
7;3250;366024
7;3250;460623
7;3250;351011
7;3250;596132
7;3250;356921
7;3250;473948
7;3250;681082
7;3250;338197
7;3250;291318
7;3250;546342
7;3250;609084
7;3249;687732
7;3250;745223
7;3250;323543


THREADS; MESSAGES; WORK-UNITS
8;3250;401223
8;3250;392930
8;4290;528890
8;3250;767617
8;3715;678937
8;3250;683013
8;3558;629942
8;3250;367352
8;3321;721265
8;3445;646814
8;3250;362470
8;3250;629322
8;3564;672109
8;3250;537198
8;3250;386483
8;3250;398547
8;3359;618011
8;3250;309914
8;3250;761810
8;3250;554876
8;3250;580265
8;3250;697751
8;3250;603614
8;3250;779975
8;3250;333857


THREADS; MESSAGES; WORK-UNITS
9;3250;382869
9;3250;259081
9;3250;608862
9;3250;703346
9;4103;637204
9;3250;491807
9;3250;490647
9;3250;602176
9;3250;687690
9;3250;724790
9;3250;478021
9;3250;620165
9;4057;636417
9;3250;504064
9;3250;785453
9;3250;575428
9;3252;739849
9;4938;616385
9;3250;492072
9;3250;622429
9;3250;609006
9;3250;768095
9;3250;722918
9;3430;667627
9;3250;502334


THREADS; MESSAGES; WORK-UNITS
10;3250;530718
10;3250;494323
10;3249;611909
10;3250;584653
10;3250;667270
10;3250;491197
10;3250;755489
10;3250;476243
10;3250;588713
10;3250;604864
10;3250;759144
10;3250;724558
10;3250;702249
10;3250;494945
10;3250;503857
10;3250;374602
10;3250;305445
10;3250;498334
10;3250;698437
10;4840;636575
10;3250;495162
10;3250;552002
10;3250;514074
10;3250;470934
10;3250;492839


THREADS; MESSAGES; WORK-UNITS
11;3250;626538
11;3250;756689
11;3250;494535
11;3250;523309
11;3250;492368
11;3250;542457
11;3250;544255
11;3250;711952
11;5250;606660
11;3250;454417
11;3250;474576
11;3249;446936
11;3250;487295
11;3249;511644
11;3250;331553
11;3250;423833
11;3250;480462
11;3250;577959
11;3250;599248
11;5809;558984
11;3250;579541
11;3250;519893
11;3250;432336
11;3250;657610
11;3250;712171


THREADS; MESSAGES; WORK-UNITS
12;3249;485745
12;3250;479050
12;5125;633196
12;3250;621946
12;3250;512314
12;3250;480987
12;3249;751358
12;3251;730936
12;3250;377886
12;3250;477806
12;3442;686174
12;3249;473357
12;3250;500530
12;3250;488541
12;3250;479915
12;3250;605653
12;3250;713917
12;3250;506943
12;3250;456155
12;3250;471612
12;3250;539735
12;3250;484789
12;3250;682505
12;3250;632470
12;3250;476626


THREADS; MESSAGES; WORK-UNITS
13;3250;708549
13;3250;483657
13;3250;472591
13;3250;606393
13;3250;542865
13;3379;719405
13;3384;675659
13;3250;625861
13;3250;633640
13;3250;445857
13;3250;540867
13;3250;459500
13;3250;480218
13;3250;554476
13;3250;476015
13;3250;552651
13;3250;541467
13;3341;746461
13;3249;412565
13;3250;657548
13;3250;458747
13;3250;651336
13;3250;510786
13;3250;485628
13;3250;431256


THREADS; MESSAGES; WORK-UNITS
14;3250;379608
14;3250;746580
14;3250;632550
14;3406;720248
14;3250;386954
14;3250;559928
14;3250;380861
14;3250;453178
14;3250;456683
14;3250;478361
14;3250;475922
14;3250;649392
14;3250;549326
14;3395;700921
14;3250;387612
14;3250;382928
14;3250;394108
14;3250;515907
14;3250;501480
14;3250;659453
14;3250;359645
14;3250;391956
14;3250;530898
14;3250;472104
14;3250;438000


THREADS; MESSAGES; WORK-UNITS
15;3250;673413
15;3283;806570
15;3250;673842
15;3250;603635
15;3250;427946
15;3250;604928
15;3250;689467
15;3250;492501
15;3250;529830
15;3249;657967
15;3250;497637
15;3250;610718
15;3250;529916
15;3250;599047
15;3250;374403
15;3250;505347
15;3250;466912
15;3250;498553
15;3250;409442
15;3250;391330
15;3250;439724
15;3249;393890
15;3250;417762
15;3250;427661
15;3250;380556


THREADS; MESSAGES; WORK-UNITS
16;3250;796044
16;3350;772240
16;3250;369103
16;3272;796880
16;3250;628712
16;3250;474670
16;3250;538623
16;3250;377649
16;3250;365172
16;3250;654234
16;3249;365348
16;3250;374157
16;3250;584785
16;3250;488298
16;3250;781806
16;3250;369135
16;3250;369140
16;3250;667347
16;3250;610567
16;3250;378999
16;3250;395216
16;3250;299752
16;3422;732329
16;3250;439350
16;3250;591466


THREADS; MESSAGES; WORK-UNITS
17;3250;664341
17;3250;478843
17;3250;401199
17;3250;661401
17;3249;366226
17;3250;670099
17;3250;500622
17;3530;680633
17;3250;657532
17;3835;671812
17;3250;382601
17;3250;468307
17;3283;769176
17;3250;374935
17;4785;590731
17;3250;369180
17;3250;434657
17;3250;625889
17;3250;657533
17;3249;628246
17;3249;439939
17;3250;370062
17;3250;399546
17;3475;782624
17;3250;375239


THREADS; MESSAGES; WORK-UNITS
18;3250;622261
18;3250;400730
18;3250;486473
18;3250;578210
18;3250;801024
18;3250;377428
18;3250;408981
18;3250;776912
18;3250;373120
18;3250;575697
18;3250;495023
18;3249;694033
18;3250;398346
18;3250;368373
18;3250;367116
18;3250;501383
18;3250;577379
18;3250;647642
18;3250;785535
18;3250;504948
18;4367;625456
18;3249;473624
18;3258;768141
18;3249;412695
18;3250;483361


THREADS; MESSAGES; WORK-UNITS
19;3250;661570
19;3249;550667
19;3250;694253
19;3250;520152
19;4362;612491
19;3250;374769
19;3250;659987
19;3250;656661
19;3250;614380
19;3250;619357
19;3249;391750
19;3250;508839
19;3250;841246
19;3249;375355
19;3250;708605
19;3250;434255
19;3250;655243
19;3250;374409
19;3250;643597
19;3256;811554
19;3250;426032
19;3250;673189
19;3250;485845
19;3248;558263
19;3250;707484


THREADS; MESSAGES; WORK-UNITS
20;3249;690568
20;3250;417409
20;3250;579106
20;3250;525793
20;3250;415452
20;3248;366739
20;3445;715779
20;3248;628013
20;3250;748574
20;3250;605589
20;3250;684512
20;3250;366935
20;3250;737672
20;3323;759025
20;3250;851883
20;4245;672002
20;3250;544011
20;3250;589147
20;3250;711745
20;3250;377517
20;3260;791212
20;3623;661899
20;3254;632130
20;3250;417396
20;3250;664327


THREADS; MESSAGES; WORK-UNITS
21;3249;805957
21;3262;776167
21;3832;672102
21;3250;416811
21;3250;676741
21;3250;670788
21;3250;574770
21;3250;646142
21;3250;834342
21;3504;712193
21;3250;656017
21;3250;406054
21;5381;542948
21;3250;370594
21;3250;641398
21;3250;713174
21;3250;839892
21;3257;754800
21;3252;750394
21;3250;699900
21;3250;835329
21;3270;793226
21;5189;514063
21;3250;554450
21;3250;745567


THREADS; MESSAGES; WORK-UNITS
22;3250;416517
22;3250;526721
22;3250;418085
22;3250;367218
22;3250;465297
22;3250;375473
22;3250;637918
22;3249;820512
22;3250;383959
22;3250;463532
22;3250;451460
22;3250;575166
22;3318;719433
22;3250;442723
22;3250;745577
22;3250;837203
22;3250;714772
22;3250;723061
22;3277;794316
22;3250;805058
22;3250;573374
22;3250;833049
22;3250;656923
22;3250;685345
22;3250;657890


THREADS; MESSAGES; WORK-UNITS
23;3249;408169
23;3250;387601
23;3250;491401
23;3249;387628
23;3252;768411
23;3250;544652
23;3250;367357
23;3257;801058
23;3250;678353
23;5007;513881
23;3249;694914
23;3250;706520
23;3250;524145
23;3250;418638
23;4843;641869
23;3250;821801
23;3250;480151
23;5478;549554
23;3249;664889
23;3250;683722
23;3265;805895
23;3590;589637
23;3250;370140
23;3250;471248
23;3250;675896


THREADS; MESSAGES; WORK-UNITS
24;3250;830055
24;3277;780592
24;5009;625312
24;3250;461993
24;3250;533623
24;3250;721650
24;3250;671033
24;3250;420303
24;3248;660968
24;3250;569676
24;3250;627971
24;3751;763444
24;3250;658293
24;3250;696929
24;5675;552868
24;3250;369506
24;3250;774846
24;3249;770829
24;3250;534293
24;3250;722338
24;3250;734419
24;3260;832156
24;3250;402413
24;3249;834777
24;3341;720835


THREADS; MESSAGES; WORK-UNITS
25;3250;568809
25;4903;616898
25;3250;367338
25;3250;584046
25;3250;703154
25;3250;425184
25;4658;654986
25;5747;480794
25;5161;613481
25;3250;650705
25;3250;370038
25;3257;783961
25;3252;804807
25;3250;660909
25;3250;496283
25;5409;558987
25;3250;632120
25;3250;675872
25;3332;727445
25;3250;629150
25;3250;367721
25;3250;799843
25;3250;703050
25;3250;809986
25;3250;497466


THREADS; MESSAGES; WORK-UNITS
26;4478;664162
26;3250;580145
26;3293;784821
26;3248;464462
26;3249;597341
26;5309;523560
26;3250;751446
26;3250;634304
26;3250;675648
26;3250;533331
26;3250;377536
26;3975;706936
26;3249;698800
26;3250;815418
26;3251;812499
26;3321;712017
26;3250;856672
26;3248;482935
26;3250;436976
26;3250;625048
26;3251;805640
26;3250;687238
26;5074;587840
26;3253;742027
26;3250;696920


THREADS; MESSAGES; WORK-UNITS
27;5447;502613
27;3250;700674
27;3250;702729
27;3250;831259
27;4897;616044
27;3250;367081
27;4227;674181
27;3250;503871
27;3250;850030
27;3250;499601
27;3250;799662
27;3250;498850
27;3250;498010
27;3250;832563
27;3250;693470
27;4936;587520
27;3250;828324
27;3250;734859
27;3263;809893
27;3266;753393
27;3250;432535
27;3251;835879
27;3278;793984
27;3250;505276
27;6500;484002


THREADS; MESSAGES; WORK-UNITS
28;5139;642838
28;3250;839355
28;3250;828372
28;3250;751987
28;3250;403810
28;5328;556030
28;5458;553264
28;3253;817997
28;3250;687609
28;5202;619783
28;3250;842502
28;3270;750765
28;3250;780506
28;4903;654989
28;3247;582262
28;3250;836623
28;3250;519733
28;5684;575199
28;3250;454000
28;3250;733443
28;5182;616109
28;3250;695289
28;3250;476768
28;3250;571286
28;3250;737352


THREADS; MESSAGES; WORK-UNITS
29;4730;635890
29;3250;732034
29;3316;753839
29;5858;575209
29;3250;871260
29;3250;779139
29;3915;664356
29;3250;842315
29;5056;647530
29;3250;667820
29;3250;542370
29;3250;595481
29;6452;474562
29;3250;529066
29;3275;796261
29;3250;474407
29;3249;633908
29;3250;694547
29;3332;743802
29;3250;698903
29;3250;700371
29;4582;700873
29;3258;831132
29;3250;826576
29;3250;433453


THREADS; MESSAGES; WORK-UNITS
30;3250;888703
30;3284;767008
30;3250;499877
30;3250;498997
30;3250;848848
30;3250;843187
30;5303;600568
30;5271;600567
30;3256;845724
30;5274;587911
30;3263;772884
30;5788;499816
30;4157;694164
30;3250;852789
30;3249;420008
30;3250;611749
30;3250;548463
30;3250;541420
30;3250;523068
30;4971;661716
30;5677;559839
30;3250;841074
30;5645;511662
30;3249;454502
30;3250;701125


THREADS; MESSAGES; WORK-UNITS
31;3960;672302
31;3250;787330
31;3249;850040
31;3269;776038
31;3250;694483
31;3250;705423
31;3250;523673
31;4727;631506
31;3312;767498
31;3250;701974
31;3250;893747
31;3249;761563
31;4589;638695
31;3250;524365
31;3261;807112
31;3250;759119
31;5378;511422
31;3250;536604
31;3250;623569
31;3250;870232
31;4570;689943
31;3250;871345
31;5351;559351
31;3250;877459
31;3250;413630


THREADS; MESSAGES; WORK-UNITS
32;3250;738677
32;3250;401804
32;3250;449327
32;3250;739446
32;3249;655447
32;3250;792245
32;3264;796474
32;3250;454018
32;3250;599328
32;3250;509374
32;3250;477442
32;3249;777728
32;5419;543119
32;3250;834182
32;3249;843725
32;3250;723226
32;3250;672231
32;3761;709944
32;3250;450887
32;3250;687125
32;3283;812467
32;3250;853481
32;3250;736770
32;3249;390160
32;3250;858978


THREADS; MESSAGES; WORK-UNITS
33;3659;675526
33;3319;748731
33;5317;555880
33;3251;835249
33;3250;847511
33;3261;815177
33;3357;780991
33;3250;651261
33;3250;691630
33;3250;823283
33;3250;595578
33;3250;875666
33;3296;724475
33;3250;703532
33;3250;846637
33;3250;672823
33;3253;786875
33;3250;704507
33;3250;692531
33;3250;681532
33;3250;579185
33;3249;848923
33;3249;401649
33;3250;662270
33;3250;806672


THREADS; MESSAGES; WORK-UNITS
34;3250;414664
34;3250;815245
34;3250;849024
34;3250;526560
34;6068;476808
34;3311;636258
34;3249;454674
34;3250;804806
34;3356;791981
34;3285;804899
34;3250;665993
34;5426;584627
34;5606;511498
34;3250;807925
34;3250;453953
34;3250;844824
34;3250;392648
34;3250;764992
34;3250;663887
34;3250;470941
34;3250;644163
34;3250;429929
34;3250;664248
34;3250;731921
34;3250;406449


THREADS; MESSAGES; WORK-UNITS
35;3250;874730
35;3268;753888
35;3249;467712
35;3250;668511
35;3456;756063
35;3249;468221
35;3253;862927
35;4830;692878
35;3250;799602
35;3250;614617
35;3250;782890
35;3250;845896
35;3250;711110
35;3250;434210
35;3250;843615
35;3530;703894
35;3250;809780
35;3250;580479
35;3250;731052
35;3250;820342
35;3250;691804
35;3304;780112
35;3250;486046
35;3250;674629
35;3250;638844


THREADS; MESSAGES; WORK-UNITS
36;3250;402541
36;3509;757930
36;3250;703057
36;3252;836569
36;3250;558824
36;3264;784335
36;3764;709968
36;3250;586648
36;3250;856590
36;3250;814017
36;3250;401836
36;3250;704677
36;3250;642300
36;3250;748208
36;3250;735697
36;3251;866185
36;3250;651061
36;4578;671104
36;3250;535682
36;3249;701684
36;3250;605343
36;3250;841922
36;3270;823340
36;3459;788108
36;3250;613634


THREADS; MESSAGES; WORK-UNITS
37;3250;836629
37;3250;520568
37;3651;706102
37;3710;684897
37;3250;513978
37;3250;813904
37;3349;779534
37;3249;565279
37;3841;716759
37;5749;588007
37;3250;505927
37;3250;537979
37;3250;800753
37;3318;784842
37;5698;642839
37;3249;474488
37;5584;539830
37;3250;392849
37;3250;721224
37;3250;799447
37;3250;628965
37;3250;821457
37;4884;679547
37;3297;824146
37;3249;710813


THREADS; MESSAGES; WORK-UNITS
38;3250;638578
38;3866;690795
38;3250;636819
38;3250;846555
38;3250;466577
38;4870;674743
38;3694;700564
38;3254;782430
38;3252;839851
38;3250;619727
38;3250;813165
38;3250;541347
38;3249;808460
38;5089;542671
38;4711;696899
38;3250;632655
38;3250;838658
38;3250;437505
38;3250;696604
38;3964;671032
38;5065;571510
38;3260;848270
38;3250;631870
38;3530;666219
38;3263;804703


THREADS; MESSAGES; WORK-UNITS
39;3250;640880
39;3250;485563
39;3249;705506
39;3250;454521
39;3250;641457
39;3250;458867
39;3250;387279
39;3250;459060
39;3250;647332
39;3250;680122
39;3250;768785
39;3250;471457
39;3337;803938
39;3725;631630
39;3250;735320
39;3248;445676
39;3250;597404
39;3249;702123
39;3250;601747
39;3755;675865
39;3250;633128
39;3250;418967
39;3250;545756
39;3250;632613
39;3250;678272


THREADS; MESSAGES; WORK-UNITS
40;3250;495288
40;3659;695760
40;3250;463105
40;5311;576809
40;5215;482817
40;3250;383034
40;3250;695104
40;3249;401257
40;3250;770169
40;3250;398672
40;3250;553733
40;3259;830802
40;3300;780824
40;5756;643237
40;3250;836635
40;3250;702723
40;3250;767571
40;3250;707768
40;3250;524875
40;3250;433681
40;3250;705891
40;3250;726786
40;3250;604451
40;3250;778004
40;3249;615569


THREADS; MESSAGES; WORK-UNITS
41;3250;552575
41;3250;839879
41;3250;440186
41;3529;707976
41;3249;594665
41;3250;523647
41;3250;369435
41;3538;672016
41;3250;470384
41;3250;674326
41;3250;735690
41;3250;631184
41;3250;675985
41;3250;811581
41;3492;755292
41;3798;709484
41;3250;388513
41;3250;588917
41;3250;599013
41;3250;413933
41;3250;599291
41;4142;693799
41;3292;782342
41;3250;520154
41;3250;688801


THREADS; MESSAGES; WORK-UNITS
42;3250;832506
42;3249;813976
42;3250;402729
42;3251;823790
42;3248;645326
42;4240;656666
42;3250;732767
42;3259;823806
42;3250;503805
42;3250;698882
42;3250;805983
42;5263;645569
42;3250;455245
42;5546;572139
42;3250;684757
42;3250;745051
42;3249;552820
42;3250;755617
42;3250;427741
42;3677;680394
42;3250;507124
42;3250;393394
42;3249;715178
42;3250;442172
42;3250;744437


THREADS; MESSAGES; WORK-UNITS
43;3250;419533
43;3249;589974
43;3319;772154
43;4487;695559
43;3250;598565
43;3250;631769
43;3250;464046
43;3250;770984
43;3250;693609
43;3250;663892
43;4223;701602
43;3250;667179
43;3250;547397
43;3836;655513
43;3547;711891
43;3262;789923
43;3250;378821
43;3250;758299
43;3249;688363
43;5119;665786
43;3250;606054
43;3250;408086
43;3250;732356
43;3571;733234
43;3250;620345


THREADS; MESSAGES; WORK-UNITS
44;3250;690168
44;3250;701679
44;3253;816084
44;3719;737155
44;3573;729507
44;3250;436483
44;3250;679487
44;4253;694008
44;3250;692195
44;3250;442429
44;3249;696194
44;3250;434552
44;3250;744608
44;3286;771275
44;3250;638726
44;3250;710670
44;3249;497382
44;4161;659240
44;3262;837054
44;3250;410424
44;3250;673046
44;3250;503811
44;3250;834929
44;3250;547120
44;3250;708214


THREADS; MESSAGES; WORK-UNITS
45;4148;659901
45;5783;600947
45;3250;510691
45;3639;764313
45;3250;677324
45;3250;706650
45;3249;631884
45;3306;797526
45;3250;713261
45;3250;755679
45;3250;421129
45;3250;664218
45;3250;487313
45;3250;712539
45;3250;808177
45;3250;598584
45;3250;713951
45;3250;688172
45;3250;781869
45;3250;475486
45;3250;558407
45;3250;714396
45;4225;702905
45;3250;399817
45;3250;656946


THREADS; MESSAGES; WORK-UNITS
46;3656;663607
46;3250;636425
46;3250;666119
46;3250;494975
46;3250;601725
46;3250;435460
46;3250;448458
46;4046;686320
46;3250;676029
46;3609;753702
46;3569;717030
46;3255;791246
46;3459;779026
46;3250;632057
46;3250;498168
46;3913;622815
46;5720;649381
46;3248;511696
46;3767;689515
46;3250;713446
46;3250;552620
46;3250;411208
46;3250;699969
46;3250;419630
46;3250;712320


THREADS; MESSAGES; WORK-UNITS
47;3250;445066
47;3250;405783
47;3250;745322
47;3316;778458
47;3250;647200
47;3250;644939
47;3250;666523
47;3250;696994
47;3250;666401
47;3250;515183
47;4214;667290
47;3249;655337
47;3249;403357
47;3250;499086
47;3250;407830
47;3250;641719
47;3250;635228
47;3250;674180
47;3250;720579
47;3250;874011
47;3250;645933
47;3250;418108
47;3250;874421
47;5579;646093
47;3754;656289


THREADS; MESSAGES; WORK-UNITS
48;3249;419341
48;3250;668737
48;3250;398822
48;3250;632631
48;3250;476539
48;3636;664563
48;3253;807090
48;3250;565681
48;5613;530780
48;3259;829413
48;3250;452018
48;3881;696303
48;3250;573761
48;3250;854293
48;3250;646475
48;3250;740318
48;3881;733551
48;3250;706872
48;3250;456208
48;4802;526812
48;3250;679931
48;4335;671328
48;3250;438000
48;3250;650648
48;3258;792374


THREADS; MESSAGES; WORK-UNITS
49;3250;739503
49;3250;802501
49;3250;576272
49;3250;656719
49;3250;803117
49;3250;636839
49;3250;441810
49;3250;579802
49;3250;714000
49;3250;622395
49;3250;492919
49;3249;777744
49;3250;602098
49;3248;621472
49;3250;692620
49;3529;730902
49;3250;534590
49;3249;849231
49;3769;744553
49;3251;822745
49;3253;838817
49;3250;636648
49;3250;707590
49;3250;439194
49;3250;637707


THREADS; MESSAGES; WORK-UNITS
50;3251;824939
50;3250;624016
50;3250;549985
50;3250;677150
50;3253;826805
50;3250;657415
50;3250;791945
50;3250;707714
50;3250;731530
50;3259;858988
50;3250;698458
50;3250;701194
50;3250;779903
50;3253;846439
50;3250;800064
50;3429;777010
50;3250;890496
50;3250;723889
50;3250;831352
50;5130;554799
50;3250;728159
50;3250;567892
50;3250;685098
50;3250;826360
50;4506;665534


