THREAD; AVERAGE-REPETITIONS; MIN-REPETITIONS; MAX-REPETITIONS (nanoseconds)
1;23288836674;1562463352;47317988761
2;5726237554;411694072;22892946488
3;845485691;2841640;1167645650
4;698608950;2522907;870584621
5;606957415;2412063;783681967
6;578309607;2291305;721024099
7;488294232;2285572;661364603
8;456306938;2299728;663223487
9;494273668;2279879;647940442
10;460625152;2308963;642486737
11;462099509;2358132;629747300
12;379138195;2426165;629882683
13;358285909;2476099;607075362
14;355797600;2506405;610186526
15;351826083;2581098;586472504
16;345650065;2687257;576533713
17;350527279;2736252;581544503
18;348193418;2857645;563376172
19;347486786;2948279;580989701
20;347600292;2978886;590617106
21;345458238;3164812;564703986
22;342047902;3253092;575873020
23;337960757;3264909;588661695
24;337968063;3425326;606143694
25;346543386;3503255;558242349
26;348451142;3716975;588669551
27;349960089;3797038;583044339
28;351222185;3940534;599336750
29;358860597;4128745;587351744
30;361036106;4415969;601800868
31;355952622;4496166;574916557
32;356834072;4603417;600392309
33;359064669;4759526;601891282
34;356074930;4673018;584474943
35;354635100;5197990;593953038
36;356434532;5596870;584711531
37;355031176;5527543;587013128
38;354661454;5513295;596575824
39;353045246;5376688;592200950
40;352576382;5819457;580272087
41;353297327;6096981;580738563
42;353096376;5713471;598119886
43;354108477;5728610;586066131
44;356185560;5568621;573756983
45;353966077;5766070;600547675
46;355377818;6367275;582766776
47;352956097;6240452;587566852
48;356032950;5807190;593638775
49;351737639;6542057;592799769
50;353586177;6277367;589847438
THREAD; REPETITION; AVERAGE; MIN; MAX (nanoseconds)
1;1;23426824824;4029652581;46839694640
1;2;24120872218;1302982363;49269168916
1;3;23637837648;351448298;50320404479
1;4;22792294770;350362127;47527091921
1;5;22692524985;349510063;47361370859
1;6;22741563749;336093973;47995620044
1;7;24324147378;4008360630;53016484078
1;8;25286626131;1082264925;49107230179
1;9;22745801827;4105109658;45258781354
1;10;22692216738;1091037339;45609086281
1;11;23099061420;335511916;45276289165
1;12;24381443885;349708133;49147948621
1;13;22779997579;5522439793;44650408362
1;14;22621903731;350135213;47080689585
1;15;21807923616;332885674;43612409188
1;16;24054390837;3356316236;48392496602
1;17;22420028129;336174569;44295040012
1;18;23072491434;349902431;46805985258
1;19;22222768107;333565509;46281724703
1;20;22421190849;335939834;44632445744
1;21;24187944056;2136709903;49868050828
1;22;25506763610;4341791694;49428467165
1;23;23843648170;336108150;48928003280
1;24;22144311995;347863416;43831878423
1;25;23196339185;3289709377;48412949341


THREAD; REPETITION; AVERAGE; MIN; MAX (nanoseconds)
2;1;6140194705;10752135;28799278260
2;2;5422683964;171215127;22705322604
2;3;5075425857;177928899;19597716679
2;4;4951259503;194761695;17001450603
2;5;5404515951;1083249756;16577399293
2;6;6543582929;807622896;32638249554
2;7;6430257560;1169340866;28501878940
2;8;5363578751;13348414;19073865813
2;9;5473575402;277503705;18679728568
2;10;5678566928;980263902;21029312734
2;11;7236053484;187625872;30784636734
2;12;5433128697;210997278;21629605718
2;13;5503739970;740731154;25584202601
2;14;5252749029;178659089;19110733278
2;15;4893194620;168112498;15729920073
2;16;7928265665;11743671;36048866545
2;17;5791920760;614474884;22802370483
2;18;5914993698;193124545;23793781821
2;19;5299785644;222943349;17720352237
2;20;5967003970;1238619433;28434211401
2;21;5436418289;210848585;23654211429
2;22;5473991233;179695604;20506834598
2;23;5280611593;192132100;17474604244
2;24;5504832499;275642365;23760201436
2;25;5755608150;781013998;20684926576


THREAD; REPETITION; AVERAGE; MIN; MAX (nanoseconds)
3;1;844695853;2820191;1074437952
3;2;864028550;2839397;1724529375
3;3;832375561;2800636;947378857
3;4;855061675;2730794;989558729
3;5;837229529;2876762;959096268
3;6;840347668;2779822;1802332489
3;7;831581375;2890591;984755535
3;8;848494513;2883886;974122061
3;9;823292283;2851130;917068720
3;10;841746159;2952610;946863917
3;11;866890940;2693708;1824077222
3;12;835755323;2772908;929847089
3;13;844194467;2885981;949006089
3;14;859098738;2762223;958828916
3;15;845820831;2907912;969906511
3;16;833196954;2905188;1616960745
3;17;866523986;2764108;1935395421
3;18;849769167;2849874;992543117
3;19;845387404;2911473;972286072
3;20;833829048;2835626;985140151
3;21;844575817;2709981;1487347274
3;22;827323063;2801543;1011103855
3;23;851772866;2985436;990837662
3;24;848819543;2914966;1250298711
3;25;865330975;2914267;997418527


THREAD; REPETITION; AVERAGE; MIN; MAX (nanoseconds)
4;1;701284148;2474198;933377915
4;2;709867378;2622540;918013393
4;3;712718519;2719619;858111087
4;4;704711464;2718433;817196809
4;5;710671038;2371949;888087034
4;6;707455302;2344433;898193974
4;7;705268938;2470007;916644923
4;8;716887934;2680090;849919473
4;9;713764376;2611435;854149968
4;10;693406412;2474546;871823165
4;11;691133493;2342058;930968042
4;12;690161579;2308603;849048692
4;13;702231141;2728978;841127015
4;14;696745495;2293588;827071039
4;15;687884459;2328299;821659596
4;16;687302442;2325435;838219871
4;17;691919442;2343664;935461001
4;18;700278076;2592648;846862171
4;19;687344011;2676877;853782533
4;20;686605423;2497524;812739049
4;21;686272644;2462324;913882560
4;22;700229807;2549486;904503226
4;23;694319204;2693429;904884489
4;24;686587279;2744064;850794584
4;25;700173763;2698457;828093934


THREAD; REPETITION; AVERAGE; MIN; MAX (nanoseconds)
5;1;593689414;2266000;791799097
5;2;609569951;2393251;803970617
5;3;608875037;2421118;723815038
5;4;608628991;2672895;781325699
5;5;602801687;2329346;781806766
5;6;598326222;2313702;779356105
5;7;592325323;2261670;844556291
5;8;598588463;2460299;724333680
5;9;588952562;2447587;748691104
5;10;603488709;2468679;775549896
5;11;594526174;2408756;844612025
5;12;607313879;2445213;947083498
5;13;616169795;2476432;778177744
5;14;608165539;2513867;747778209
5;15;604407645;2387315;739528627
5;16;602582531;2463581;758859505
5;17;608287773;2419372;724268726
5;18;622316040;2612133;810832312
5;19;638739622;2398699;810495119
5;20;617326226;2227727;748193276
5;21;612937685;2346876;850823150
5;22;612120903;2347994;855756248
5;23;606796284;2323968;735789814
5;24;605724842;2597607;718703634
5;25;611274080;2297499;765943018


THREAD; REPETITION; AVERAGE; MIN; MAX (nanoseconds)
6;1;584347648;2376350;713843799
6;2;583413905;2242045;683876443
6;3;575233274;2252172;765112326
6;4;581579182;2398419;692746285
6;5;577178366;2231010;711764694
6;6;578714358;2241975;678744855
6;7;577514538;2380260;713389621
6;8;576176532;2362870;723384466
6;9;570027528;2406172;685646360
6;10;572415670;2336959;736333389
6;11;587266977;2290515;852899391
6;12;589517481;2181911;764387024
6;13;582641458;2249238;772895997
6;14;581623841;2248121;693862069
6;15;576275189;2334445;691099358
6;16;586735632;2314401;774223889
6;17;580415500;2296172;711006008
6;18;574655112;2301480;700136260
6;19;577131380;2204680;688684665
6;20;580210093;2242604;659270942
6;21;572551103;2305111;703857962
6;22;576413532;2369296;743982406
6;23;564143645;2176953;706035683
6;24;578678709;2280806;750483371
6;25;572879534;2258667;707935226


THREAD; REPETITION; AVERAGE; MIN; MAX (nanoseconds)
7;1;470008269;2241625;605474509
7;2;482194985;2292121;658771505
7;3;513247740;2327880;651158178
7;4;483035859;2140984;640697631
7;5;475157532;2248819;711208338
7;6;482576794;2300152;676034245
7;7;489113679;2309512;664494719
7;8;488329478;2198533;629268943
7;9;522848701;2319778;697930812
7;10;486882957;2305600;674901838
7;11;477666744;2242534;627232651
7;12;497252351;2271308;631478582
7;13;492185752;2245048;656807150
7;14;488777287;2313493;656754560
7;15;489566722;2276686;628420093
7;16;481783451;2363499;809090471
7;17;474679172;2282832;638038285
7;18;500358832;2304622;650589879
7;19;486994467;2254476;715545342
7;20;474002244;2351207;656341588
7;21;486751372;2324457;664137132
7;22;493366846;2303575;636745662
7;23;504682495;2280038;640528614
7;24;498997462;2310279;696743999
7;25;466894610;2330255;615720364


THREAD; REPETITION; AVERAGE; MIN; MAX (nanoseconds)
8;1;429214243;2250775;763780243
8;2;425659702;2328718;670998549
8;3;425719695;2356375;657206433
8;4;476285757;2270750;638344958
8;5;487222636;2276686;628227470
8;6;444244670;2312934;698981854
8;7;416261136;2275499;780142378
8;8;445032019;2310419;622256809
8;9;457122085;2380679;633603782
8;10;454018066;2270890;614930459
8;11;512532589;2274312;626701997
8;12;489291792;2381029;760149893
8;13;487535069;2264464;645116558
8;14;443828151;2240998;650829994
8;15;455545078;2269842;650443352
8;16;438613372;2325854;742562113
8;17;478028588;2284997;644905638
8;18;449143776;2317333;681927103
8;19;460154397;2201118;603004013
8;20;421067401;2265721;611631367
8;21;467248740;2170318;628806384
8;22;482045139;2372858;639019903
8;23;468390769;2325575;706425398
8;24;429227558;2305740;649050578
8;25;464241043;2459321;631539972


THREAD; REPETITION; AVERAGE; MIN; MAX (nanoseconds)
9;1;490227837;2226819;593834272
9;2;508794312;2329556;660689766
9;3;486694802;2198184;610961589
9;4;498126010;2273543;620583133
9;5;480652489;2266419;665878484
9;6;505334754;2404006;615517685
9;7;492406895;2327111;636180087
9;8;493629953;2169270;642976482
9;9;497594582;2367480;637238322
9;10;488786389;2282833;646113892
9;11;508869182;2276616;802117797
9;12;490858393;2333886;717957869
9;13;499765462;2211175;632903624
9;14;489601440;2306648;613527558
9;15;476572772;2228565;618895907
9;16;498682704;2305181;671010142
9;17;497318030;2244908;645639390
9;18;507366159;2340172;651961981
9;19;495985102;2329766;630443325
9;20;487136034;2093981;613395487
9;21;490911689;2270819;610888814
9;22;505260158;2253708;731124835
9;23;477545301;2382216;616005735
9;24;497483324;2256781;650992026
9;25;491237947;2317334;661672852


THREAD; REPETITION; AVERAGE; MIN; MAX (nanoseconds)
10;1;463716526;2357842;628953470
10;2;467325377;2256851;765900694
10;3;456204682;2258667;603604927
10;4;469100960;2301898;638118183
10;5;454136114;2298546;612577856
10;6;472488504;2320337;781893439
10;7;459703072;2323480;673332575
10;8;469697261;2318870;631894626
10;9;455006609;2396463;643614342
10;10;462695774;2363219;579995782
10;11;457568387;2313981;669574486
10;12;466591676;2260273;713557030
10;13;447563185;2354000;573786613
10;14;467416174;2335143;656170617
10;15;443317992;2310210;556650008
10;16;470350853;2336470;670138732
10;17;460384082;2317892;634201553
10;18;462014370;2206147;607576312
10;19;456039426;2294006;636440316
10;20;460942312;2307836;723944454
10;21;463865872;2302457;678373020
10;22;456467587;2326483;605898026
10;23;457406815;2314889;582754163
10;24;457828346;2237994;588730132
10;25;457796868;2310139;604487093


THREAD; REPETITION; AVERAGE; MIN; MAX (nanoseconds)
11;1;456870369;2334165;711721741
11;2;462557653;2410013;588726779
11;3;461870255;2328369;635746442
11;4;462381514;2366152;611008173
11;5;465348610;2366013;601534483
11;6;462080905;2340312;610164560
11;7;473831137;2301270;628414645
11;8;465374978;2348343;628603217
11;9;456611196;2320128;613876693
11;10;465986940;2407917;614251113
11;11;469165904;2350229;756170267
11;12;463182830;2315308;636301890
11;13;466528426;2281505;629473508
11;14;446478355;2346947;639812182
11;15;460637980;2301479;601628839
11;16;459394638;2451149;699673282
11;17;461511136;2404565;597964895
11;18;465304033;2352743;636798252
11;19;455246760;2364756;596455555
11;20;459619977;2424680;596150070
11;21;469450406;2360286;632852080
11;22;465272826;2230102;685181147
11;23;446813842;2421118;589854856
11;24;468969602;2424959;616556155
11;25;461997462;2400794;584761680


THREAD; REPETITION; AVERAGE; MIN; MAX (nanoseconds)
12;1;370092941;2394229;584810709
12;2;412992486;2433061;709472224
12;3;391796846;2387175;620206129
12;4;370787389;2410990;544838240
12;5;373994924;2417137;589646170
12;6;385018259;2484883;668403666
12;7;378865971;2363359;654320311
12;8;384222775;2470147;628228378
12;9;358627066;2417067;570330936
12;10;371948457;2390248;633211763
12;11;382365001;2508070;675827305
12;12;373479486;2477968;628774746
12;13;389270654;2448076;591509815
12;14;379346214;2488864;563142452
12;15;382720438;2337028;586909859
12;16;367573063;2330115;692438284
12;17;368792580;2487956;633272316
12;18;360421985;2530000;622503838
12;19;359014895;2412597;563126529
12;20;354912849;2463651;669597672
12;21;378541771;2426774;667864980
12;22;423444969;2391365;793434641
12;23;410443110;2389620;574651458
12;24;368303154;2440604;571634034
12;25;381477598;2353162;708910630


THREAD; REPETITION; AVERAGE; MIN; MAX (nanoseconds)
13;1;364715313;2643632;710261849
13;2;368401895;2538870;761412554
13;3;374579334;2715429;562537976
13;4;356589089;2458134;558825004
13;5;343695714;2477550;691401422
13;6;361820137;2473848;694662171
13;7;366947556;2572044;559197817
13;8;362567866;2338566;552789950
13;9;356578682;2319289;517376859
13;10;358260139;2392134;821280428
13;11;342601585;2519594;553001917
13;12;362340023;2601867;519667165
13;13;359313336;2400584;568383132
13;14;352858820;2512121;562071856
13;15;353976552;2355397;552381029
13;16;346584470;2569181;589285021
13;17;357681814;2163054;577924918
13;18;375017512;2370552;569770669
13;19;366762856;2499060;557559061
13;20;352086938;2456178;674041184
13;21;350636114;2558426;720393164
13;22;364278582;2580914;551968057
13;23;359655458;2486978;512303170
13;24;356040806;2524902;527768194
13;25;343157142;2374185;710619506


THREAD; REPETITION; AVERAGE; MIN; MAX (nanoseconds)
14;1;337065870;2521061;532899013
14;2;351973338;2520223;560210446
14;3;361677698;2561778;589306812
14;4;365631070;2603473;574589089
14;5;350955608;2425727;647370685
14;6;346878970;2433270;796559689
14;7;349076887;2657810;665663793
14;8;358152596;2518406;589165383
14;9;358832296;2738756;520017139
14;10;336539173;2330604;630115699
14;11;358886792;2409315;666218541
14;12;367542764;2529022;720409787
14;13;373206646;2597328;567433291
14;14;353898338;2435924;571241527
14;15;342346980;2406450;532572576
14;16;342805768;2430617;664252789
14;17;360375441;2458204;747847841
14;18;370572381;2276965;568861895
14;19;351882223;2391156;531157032
14;20;338994486;2445772;637626011
14;21;340081542;2413924;501650559
14;22;369021119;2583638;590228507
14;23;380801873;2782616;564836243
14;24;358326693;2510375;539484348
14;25;369413455;2677714;744944469


THREAD; REPETITION; AVERAGE; MIN; MAX (nanoseconds)
15;1;361070321;2491797;565937360
15;2;378225306;2564153;657726750
15;3;358568173;2565130;621530111
15;4;357525115;2429219;557029385
15;5;323831538;2603613;574615559
15;6;337410961;2713752;497622254
15;7;357611235;2565340;599480032
15;8;372657084;2649987;631586976
15;9;357657900;2712705;567753094
15;10;334363521;2546273;733312614
15;11;339513512;2727023;671013844
15;12;352684921;2670521;543612107
15;13;369967872;2679880;588554691
15;14;357717167;2221302;558276192
15;15;341440619;2736940;496096362
15;16;338686074;2705861;562087151
15;17;354600261;2587131;566635145
15;18;359740199;2511492;515911030
15;19;363833489;2478178;575722753
15;20;345714731;2440184;680389827
15;21;357552203;2596909;577811356
15;22;354630808;2612413;621017267
15;23;341766967;2662909;684942640
15;24;347668737;2447168;527174753
15;25;331213375;2607594;485973357


THREAD; REPETITION; AVERAGE; MIN; MAX (nanoseconds)
16;1;337183720;2705581;535675903
16;2;344653327;2674572;553170445
16;3;348323963;2697899;691345269
16;4;350804036;2702648;536932138
16;5;343938570;2791416;487337776
16;6;351407853;2818584;690058304
16;7;345126571;2650337;639349834
16;8;344197222;2615206;565086694
16;9;342320586;2517080;542063307
16;10;341216961;2854832;580419369
16;11;337891672;2654597;628370296
16;12;342564175;2825359;689170761
16;13;356652956;2938222;546830672
16;14;350368090;2747556;506903601
16;15;346678157;2713543;453868788
16;16;356490329;2565200;695420298
16;17;351060246;2524622;600142616
16;18;343573144;2804686;493551275
16;19;338160536;2578400;511436370
16;20;347155041;2442908;614330592
16;21;342123827;2751398;562586516
16;22;348862737;2663188;654298451
16;23;340234019;2749092;492434374
16;24;342487454;2750769;506765944
16;25;347776442;2443747;635793236


THREAD; REPETITION; AVERAGE; MIN; MAX (nanoseconds)
17;1;348731842;2714032;585994380
17;2;358342773;2878298;605869601
17;3;350095053;2672477;505475626
17;4;347889075;2589086;559312986
17;5;348251159;2736731;751174101
17;6;358491116;2890661;643093186
17;7;355432924;2711238;574174511
17;8;347620539;2484185;561135703
17;9;345456177;2730934;511678928
17;10;348055940;2635041;623133108
17;11;353737036;2688889;615414319
17;12;351399955;2764178;558699500
17;13;345579053;2724229;509738249
17;14;349401304;2734007;575428093
17;15;349787053;2524693;689252265
17;16;354296236;2797563;707686522
17;17;356365872;2783524;549320304
17;18;357483011;2759010;493661764
17;19;349989133;2954775;598386736
17;20;347410077;2899879;568697628
17;21;347508054;2511772;534930068
17;22;344577259;2710260;493610780
17;23;340272703;2777727;507965886
17;24;348564999;2894851;581170652
17;25;358443641;2838280;633607693


THREAD; REPETITION; AVERAGE; MIN; MAX (nanoseconds)
18;1;348454224;2858045;500597283
18;2;345053717;2819492;496743162
18;3;350110361;2643492;648772610
18;4;344086537;2829899;506110064
18;5;353558377;2746089;616694440
18;6;339049514;2909448;522078783
18;7;340697878;2910007;493215967
18;8;347996346;2889125;681888481
18;9;363414685;2506743;699737955
18;10;351203720;2989207;492986538
18;11;359418071;3136502;457518274
18;12;342367242;2949607;500755683
18;13;349343659;2800915;597819346
18;14;343600699;2788553;621052396
18;15;343071589;2960572;504516775
18;16;342447308;2756985;496448012
18;17;347840708;2793162;696272431
18;18;347796260;2933055;655297741
18;19;351252881;2932286;516567050
18;20;342242757;2808597;501417150
18;21;354202439;2970490;549929181
18;22;353062052;2938292;732131388
18;23;350486166;2821239;586036353
18;24;346893853;2979429;456611106
18;25;347184408;2769905;553206133


THREAD; REPETITION; AVERAGE; MIN; MAX (nanoseconds)
19;1;341515140;2797073;532444417
19;2;347341977;2914826;600125435
19;3;346627247;3126095;611028915
19;4;346361136;3220591;525986264
19;5;346554470;2705372;512495093
19;6;342306266;2558915;615286161
19;7;350015027;3101022;700112724
19;8;346854987;3132591;546228571
19;9;338714132;2917689;458530344
19;10;342894130;2929772;519601583
19;11;347299194;3113874;648238044
19;12;342085598;2994584;648969143
19;13;336357871;2927397;506445372
19;14;349313056;3007714;584947109
19;15;351147499;2684629;508887791
19;16;349026843;2827105;609720300
19;17;354904849;3059677;635028474
19;18;361921961;3004712;529355757
19;19;353100019;3042356;505456490
19;20;347990135;3109822;532237756
19;21;342711171;3142717;656303524
19;22;354273105;2840724;634113483
19;23;353968743;2673175;514739932
19;24;347902790;3094388;538051833
19;25;345982315;2780172;850408013


THREAD; REPETITION; AVERAGE; MIN; MAX (nanoseconds)
20;1;344132797;3123512;561874414
20;2;366985551;3276324;729831515
20;3;347986016;2845404;513257551
20;4;342665621;2854064;506169919
20;5;344430715;3143625;613800288
20;6;343966844;3121346;620634885
20;7;353344366;2891429;544758832
20;8;348128335;3150749;537506024
20;9;339308708;3311734;533763229
20;10;351509499;3103118;684841229
20;11;347520600;2982083;547370476
20;12;345590113;3158014;564464757
20;13;348157009;2317403;530588734
20;14;335564089;2932426;525910695
20;15;343897487;3058350;688011954
20;16;346506692;3078952;679234372
20;17;350952505;2992419;529648880
20;18;342950123;3162203;544867155
20;19;344362183;2909169;732591642
20;20;347334312;2227797;660662319
20;21;355219928;3181899;577169794
20;22;342478532;3024127;533838030
20;23;353492453;2776959;531566162
20;24;349077988;2816280;617741431
20;25;354444844;3032787;655323372


THREAD; REPETITION; AVERAGE; MIN; MAX (nanoseconds)
21;1;360201855;3339112;539900252
21;2;354884250;3072946;567467165
21;3;342365331;3047803;536594246
21;4;336431126;3295670;551728222
21;5;355617551;3356362;616278535
21;6;354707167;2956242;520268847
21;7;345048750;3316273;512073252
21;8;334820066;2888845;620029431
21;9;344553112;3343441;646723816
21;10;348284324;3063937;564318161
21;11;354888420;3237003;576787622
21;12;345837579;3100184;509159963
21;13;334104272;3106121;673761749
21;14;336955245;3162483;603595568
21;15;352308141;3244896;515184402
21;16;344175952;3151867;521450282
21;17;335280497;3031042;498844965
21;18;334936767;3378223;541176951
21;19;338918349;3310965;519061152
21;20;345669012;3444432;583169229
21;21;344771126;3072737;533682493
21;22;338524239;2786597;568815939
21;23;341711661;2886890;637016716
21;24;353325485;3101441;629395985
21;25;358135686;3424807;531114708


THREAD; REPETITION; AVERAGE; MIN; MAX (nanoseconds)
22;1;346786671;2947022;535242818
22;2;327160317;2640280;689422259
22;3;333686832;3152706;561880979
22;4;346283215;3075182;592713809
22;5;349112440;3449042;535985300
22;6;337918457;3605137;531233648
22;7;328210553;3133988;571981774
22;8;339787336;3535365;605535620
22;9;354798984;3535156;649729435
22;10;360618414;3664153;539448170
22;11;331032827;3540184;509270592
22;12;328924789;3316413;550959061
22;13;356045647;3539276;674884308
22;14;354007364;3101511;500763994
22;15;345989830;3306565;519665278
22;16;339045797;3390654;543941968
22;17;347794693;3258444;752121988
22;18;344146522;2834578;631684474
22;19;347892688;3327029;510494630
22;20;339058133;2837372;511230198
22;21;329292742;3107169;483641007
22;22;338125940;3356712;577119508
22;23;337012527;2987182;608831360
22;24;347172745;3433188;579693858
22;25;341292108;3252997;629349470


THREAD; REPETITION; AVERAGE; MIN; MAX (nanoseconds)
23;1;321343743;2949187;596211321
23;2;324180710;3534038;587042766
23;3;348489952;3611493;674424403
23;4;346523756;2818165;540264545
23;5;340521457;3404553;524809648
23;6;319101987;3425226;488481148
23;7;328314675;3480261;756674103
23;8;345834624;3151657;589501459
23;9;345412398;3117994;555207505
23;10;335586312;3298184;579049992
23;11;338572647;2539289;703843156
23;12;341240638;3470273;606458224
23;13;353906759;3082514;527427368
23;14;343535132;3280794;508633359
23;15;322263965;3384159;542354196
23;16;326284391;3588724;606701480
23;17;346085554;3410699;630241693
23;18;350646714;3280794;559323461
23;19;339952224;3181899;526043883
23;20;322414877;2439765;624901279
23;21;338516071;3471182;676720784
23;22;355608323;3613587;691457224
23;23;355803880;3213676;512924967
23;24;339618938;3508127;502982292
23;25;319259213;3366489;604862140


THREAD; REPETITION; AVERAGE; MIN; MAX (nanoseconds)
24;1;335077796;3481448;647835479
24;2;356475134;3393238;589922393
24;3;349833370;3038864;476049958
24;4;332636577;3600038;601950597
24;5;323708040;3344908;630291489
24;6;338391872;3370331;669952605
24;7;358017659;3647600;577336924
24;8;344643731;3729175;607743023
24;9;337463929;2737010;495407447
24;10;336897644;3876750;630888982
24;11;343379047;3402598;630684626
24;12;350149046;3499048;524711800
24;13;339374719;2388502;521628656
24;14;318186702;3397778;558275702
24;15;320930708;3523772;525522518
24;16;347212911;3519791;760355436
24;17;349119050;3768565;573648397
24;18;339868176;3681823;562038052
24;19;319632021;3392261;785617935
24;20;330190797;3385207;692305447
24;21;340356293;3669461;618610675
24;22;351772831;3326121;585050824
24;23;332449463;3838686;501814127
24;24;318386037;3060375;720172536
24;25;335048026;3559810;665776726


THREAD; REPETITION; AVERAGE; MIN; MAX (nanoseconds)
25;1;350681927;3755505;551887600
25;2;355469100;4053937;565065951
25;3;336489420;3398965;496326767
25;4;331629328;3669879;560412566
25;5;333974580;3363276;561336497
25;6;354811337;3615264;559009734
25;7;348797621;3191048;550207708
25;8;340568358;3527265;557471760
25;9;326007361;3067080;547461061
25;10;342549234;3978927;577532061
25;11;345603527;3805302;568966168
25;12;365198824;2826965;487720646
25;13;339130387;3630349;508238617
25;14;339174661;3584813;525380460
25;15;350197294;3549404;717263227
25;16;363750789;3829258;560048763
25;17;354530755;3868718;549451258
25;18;342045846;3499258;504638439
25;19;345670991;3555410;640796177
25;20;351597271;3697746;658223322
25;21;368126280;2639092;559247754
25;22;353382707;3422781;529633375
25;23;332668338;2606267;495276285
25;24;334603112;3446178;565547088
25;25;356925616;3998692;558915449


THREAD; REPETITION; AVERAGE; MIN; MAX (nanoseconds)
26;1;363749912;3829119;552668076
26;2;352070160;3937861;524765788
26;3;333011153;3184902;619623653
26;4;339732221;3867321;568715786
26;5;359990097;4095911;597095231
26;6;369893155;4181467;497275282
26;7;338050163;2782127;562838084
26;8;342049535;3870115;686657243
26;9;346697729;3775830;662495443
26;10;373370469;3451067;568248548
26;11;351187074;3869975;536369637
26;12;336571956;3777994;562031767
26;13;334246336;3397359;667606078
26;14;347659203;3651931;607413372
26;15;360170198;4044369;559801734
26;16;347823386;3997645;523530644
26;17;326792920;3975645;657838286
26;18;334572013;3987029;665276104
26;19;361734521;3821366;725867394
26;20;352821341;3616940;557705169
26;21;355790729;3838267;513630434
26;22;330613810;3868159;567723691
26;23;342614169;3648159;666289710
26;24;350979402;4022579;515999101
26;25;359086917;2431245;549272533


THREAD; REPETITION; AVERAGE; MIN; MAX (nanoseconds)
27;1;342200634;3631048;556786966
27;2;338742251;3634680;689952913
27;3;348938245;3155080;661908497
27;4;362895266;3903778;528523387
27;5;361339871;3992965;523960727
27;6;335637730;3758578;524342409
27;7;334748714;3510781;612075487
27;8;343424673;4015384;665361520
27;9;355029179;3232185;603591657
27;10;352507030;3576292;541477618
27;11;338056224;3406997;552335073
27;12;343714055;4061759;698180774
27;13;361273291;3929690;605264845
27;14;377294889;4406286;570839939
27;15;356955937;4121403;522279927
27;16;335644062;3778692;669197063
27;17;346855788;3782744;552607454
27;18;356356667;3883105;536866348
27;19;360985876;4173296;541341218
27;20;341307930;3719397;544781041
27;21;338613760;3871930;661498808
27;22;357432240;3660452;662404021
27;23;369479734;4197950;554442395
27;24;356765083;3384368;525675959
27;25;332803113;4137119;470412441


THREAD; REPETITION; AVERAGE; MIN; MAX (nanoseconds)
28;1;340041126;4163448;770759901
28;2;350139804;4104153;585566741
28;3;359866831;4443232;576259412
28;4;352772241;2823892;576499597
28;5;343078743;3929759;631961813
28;6;343223478;3615823;556842839
28;7;369404733;3775200;566624949
28;8;357585297;4305575;514058351
28;9;344775054;2701320;481798176
28;10;342906788;3926965;724083927
28;11;347520673;4531722;761432668
28;12;368139479;3926757;550428965
28;13;369658078;4262623;586001923
28;14;346607466;4293423;593952723
28;15;339649828;4271353;671300682
28;16;348949106;4109042;749243479
28;17;373217458;4467118;566855634
28;18;353263124;4126432;510382465
28;19;334204038;2388432;501688482
28;20;331686407;4089487;648283232
28;21;361680297;4191524;672504885
28;22;364261047;4187404;563562617
28;23;356073284;4005467;505347886
28;24;335643757;3871930;500205054
28;25;346206495;4001277;617772371


THREAD; REPETITION; AVERAGE; MIN; MAX (nanoseconds)
29;1;362419642;3819061;712517233
29;2;382487982;4412572;555459772
29;3;374128090;2527695;545643441
29;4;351912589;4570832;586383115
29;5;356417341;3793010;634259521
29;6;382240334;4403213;615327507
29;7;374037785;4118470;554472426
29;8;344925609;4182515;531714087
29;9;345030610;4256825;736209071
29;10;364498449;4238877;646259999
29;11;372317692;3367258;554330579
29;12;358564814;4504414;538086684
29;13;334745066;3639290;533664823
29;14;339052375;3954623;575631679
29;15;358229246;4209334;656587290
29;16;364781431;4631943;570985349
29;17;361890252;4215969;603409931
29;18;336325204;4365080;463388014
29;19;343979125;3944985;555550984
29;20;363174072;4656248;667919177
29;21;364992857;4603378;514372497
29;22;376680465;3999042;555032134
29;23;334577832;4026140;584368824
29;24;349181277;4365080;603450368
29;25;374924806;4412781;588769103


THREAD; REPETITION; AVERAGE; MIN; MAX (nanoseconds)
30;1;379255532;4911867;576070073
30;2;373466284;4830153;622935527
30;3;341802508;4600515;575986613
30;4;362084760;4744877;568971964
30;5;375734233;4513842;593255427
30;6;369372817;4778121;573193381
30;7;348867930;4641092;598822406
30;8;347322623;4503854;575610168
30;9;372839486;4523620;701370914
30;10;372395314;4556445;552955474
30;11;360986111;4350693;543950628
30;12;345170615;3849791;713785551
30;13;341848922;2835975;490083097
30;14;360477558;2722343;533929662
30;15;372305483;4651709;574524695
30;16;354237932;4593042;545722012
30;17;351797314;4471868;763680509
30;18;347568160;4440090;675723591
30;19;365384029;4498058;587551979
30;20;369451293;4827080;581702563
30;21;355385116;4460553;591568481
30;22;348179196;4230565;717557189
30;23;352645858;4747252;629170607
30;24;378604707;4604077;565279106
30;25;378718872;4511746;591620094


THREAD; REPETITION; AVERAGE; MIN; MAX (nanoseconds)
31;1;346164095;4869403;600890825
31;2;347499827;4763664;568363018
31;3;358497229;4885677;563313843
31;4;378554444;4685931;549458241
31;5;363351675;3690273;532480734
31;6;340862118;3037537;634476240
31;7;347957460;4883651;680199928
31;8;358942583;3989893;546454438
31;9;380125585;5203176;547759910
31;10;362989497;5016070;562260147
31;11;337844600;4885817;570116803
31;12;346718834;5033111;690360297
31;13;372368403;5157290;583483236
31;14;374023452;4302642;584469045
31;15;359648480;4906141;561616141
31;16;340891779;4774839;636194195
31;17;342352122;4971022;509915227
31;18;366733806;4486534;620830021
31;19;368855892;5320928;546608089
31;20;351245057;2590552;538739141
31;21;337222921;4838743;523829565
31;22;343986046;4879111;520779805
31;23;367401480;3120368;557797220
31;24;363426261;3264661;555003918
31;25;341151926;4847124;587513916


THREAD; REPETITION; AVERAGE; MIN; MAX (nanoseconds)
32;1;339294282;5170140;631015045
32;2;361421252;5066217;655916394
32;3;375588320;5437214;589656018
32;4;359703450;3282401;528333768
32;5;339876448;5231461;548648710
32;6;348790658;2922928;683001052
32;7;365870164;5310940;712436218
32;8;370604101;5415563;601065778
32;9;352087488;2669403;540200920
32;10;353844514;5060280;549977302
32;11;355317782;3315925;624676949
32;12;375397252;4186426;599342025
32;13;368964262;5402572;609703817
32;14;358560315;5259537;561819099
32;15;342051575;5389163;582315839
32;16;362690684;5313804;630219693
32;17;371473795;5141785;554861931
32;18;363035369;5270642;532275261
32;19;338219132;5080674;625998975
32;20;341097018;4567899;683727890
32;21;364402275;2919086;633584925
32;22;372225087;2802451;593653314
32;23;352560077;5213512;533739554
32;24;343355846;4727905;594383085
32;25;344420669;4927512;609254179


THREAD; REPETITION; AVERAGE; MIN; MAX (nanoseconds)
33;1;365812433;5427994;548484654
33;2;368568080;5166997;558605563
33;3;365050694;5109797;565390364
33;4;353121840;5069708;758633570
33;5;352519598;5130819;560907391
33;6;374703365;4825055;598305022
33;7;373226707;5203944;515619933
33;8;353336283;3618058;533893693
33;9;342330896;5344394;640392703
33;10;356970427;5245708;725093343
33;11;371909937;4977448;589509910
33;12;373955066;5171119;547482361
33;13;339876663;5153728;524289260
33;14;340675927;5056089;626260111
33;15;355538540;5623270;692178824
33;16;378580975;3120578;577893350
33;17;359961412;2874248;557919373
33;18;341920971;5287613;715272681
33;19;345535747;5392235;563344922
33;20;368113122;2888635;559673436
33;21;369931968;4619581;555772731
33;22;353038211;5567537;555726635
33;23;342007292;2936686;630337725
33;24;358540539;4786432;775766543
33;25;371390042;5390490;570527958


THREAD; REPETITION; AVERAGE; MIN; MAX (nanoseconds)
34;1;371004576;5511106;565566504
34;2;350019187;5158267;535775426
34;3;344505487;5410325;594630533
34;4;360070879;2480553;672360034
34;5;375100512;5438401;559530751
34;6;366760778;5428693;555395448
34;7;338345897;5073620;556844655
34;8;343620557;5575080;626372696
34;9;364609825;5137315;588396011
34;10;372437202;5201918;597246089
34;11;356891924;5265683;535660468
34;12;335493333;5514947;619369361
34;13;342092552;4457969;677620899
34;14;358963580;5529194;534893890
34;15;370788325;2646216;548271778
34;16;353269477;3280794;537349999
34;17;343441309;5471436;632455522
34;18;344037829;2887867;639774678
34;19;373096053;3319835;657324255
34;20;371987830;3887366;584375668
34;21;352634524;4662953;554831270
34;22;339178566;4892102;555431556
34;23;344119725;5249131;606559562
34;24;356957806;5431975;541665840
34;25;372445534;3912718;534170683


THREAD; REPETITION; AVERAGE; MIN; MAX (nanoseconds)
35;1;344727568;3687550;564540465
35;2;343722672;5818547;694779714
35;3;352930612;5556502;589348926
35;4;373389709;5614540;580563870
35;5;364916567;5604973;554368432
35;6;336973955;5605531;708978864
35;7;342854561;5387137;706082477
35;8;370413574;5887899;564791964
35;9;374308392;5671461;564543818
35;10;353972466;3389747;507422033
35;11;344054325;5356267;642175472
35;12;356450149;3338343;570947425
35;13;363788160;5885594;541595371
35;14;374360069;5868413;630273471
35;15;340662713;5320858;528727114
35;16;343771196;5370445;703912788
35;17;356105621;5475556;616515576
35;18;368844880;5074039;534905903
35;19;356542173;5237537;603977042
35;20;339950334;5787747;594668805
35;21;336657779;5116642;592598501
35;22;358160774;5760509;546740717
35;23;368143476;3291480;576131604
35;24;359796283;5180337;553662756
35;25;340379494;5662102;576572861


THREAD; REPETITION; AVERAGE; MIN; MAX (nanoseconds)
36;1;344761227;5843620;606171385
36;2;366727824;5819245;652547461
36;3;369150303;5858007;555148070
36;4;348016336;5541975;543161351
36;5;341205895;5760299;637719249
36;6;351588501;5782438;652071981
36;7;368321101;5788515;553452114
36;8;372192116;6018363;548317873
36;9;348137407;5864712;541844425
36;10;347396151;3785187;772469825
36;11;350039856;4819816;625673095
36;12;374312867;6161257;570397565
36;13;365149124;6068508;549295442
36;14;352265255;5731594;544062653
36;15;345693038;5824343;741653967
36;16;358638525;5926451;539986506
36;17;367058076;5604134;538150799
36;18;362030822;5989099;510456496
36;19;347662361;5669855;540365466
36;20;340827503;5793962;541850292
36;21;356210816;5640801;608306642
36;22;383591789;6297030;600839352
36;23;358905226;4025092;524555006
36;24;341557960;5443779;484572411
36;25;349423226;4863677;634718868


THREAD; REPETITION; AVERAGE; MIN; MAX (nanoseconds)
37;1;363238931;6126198;625784981
37;2;375323813;5817848;545332787
37;3;351240787;5565651;592935694
37;4;341813665;5687734;629063610
37;5;352312498;5201918;623522822
37;6;366427790;5500419;539345713
37;7;362560430;6341239;538758977
37;8;349648501;5629486;542866901
37;9;340459025;3304470;586994367
37;10;351198002;5998178;712966941
37;11;371825662;5987004;574431248
37;12;366299233;5877492;590601668
37;13;348290846;5740953;532554627
37;14;344513374;5577176;651378108
37;15;354906104;6078217;592790285
37;16;369932209;6200788;553381505
37;17;360092680;5965423;572851158
37;18;336729178;5803950;502764178
37;19;340051120;6008935;668183107
37;20;356634183;5645550;570724841
37;21;364968947;4115188;534604957
37;22;361079228;5866388;573112924
37;23;343035173;2653829;681962582
37;24;342470937;5941258;615799075
37;25;360727103;5553290;522615165


THREAD; REPETITION; AVERAGE; MIN; MAX (nanoseconds)
38;1;368348911;5894255;546935714
38;2;350222355;6148756;581784906
38;3;338128291;4979753;728151204
38;4;343423236;5812122;543241459
38;5;374595641;6506204;565376395
38;6;367861276;6199321;556980146
38;7;331630320;2876693;527604067
38;8;341100387;5676419;658825004
38;9;362032464;3547378;629020029
38;10;380954935;6374204;562707690
38;11;362547604;4873524;499272603
38;12;339935278;5611118;658729741
38;13;353366242;6156928;644749542
38;14;357849761;6059150;525901267
38;15;364398543;6210845;549543518
38;16;358131884;6323290;516841176
38;17;345496863;5348165;771714073
38;18;354956048;3062749;648509936
38;19;360632843;6542451;558910002
38;20;357892799;6004814;620345951
38;21;341195705;5417798;707624782
38;22;342499041;5760230;698859142
38;23;352453595;4129435;535036646
38;24;366124901;6169638;560419969
38;25;350757443;6147150;517310649


THREAD; REPETITION; AVERAGE; MIN; MAX (nanoseconds)
39;1;335434781;5757156;627504822
39;2;341088817;4765759;612304008
39;3;365711907;5006921;587343084
39;4;358168860;6149524;530625820
39;5;349861892;3855937;531590887
39;6;337393900;6109086;663725068
39;7;344925891;2977404;661720903
39;8;369394723;6108947;587361103
39;9;366127218;6201835;570325767
39;10;331893449;3494997;502605638
39;11;339154996;5161201;584247439
39;12;355697322;5850743;631874722
39;13;364971674;6392782;551167536
39;14;362882471;6002229;547375854
39;15;334909359;5237328;562722706
39;16;340826355;5538833;555691156
39;17;374870377;5980229;689586456
39;18;366611880;6608801;572110213
39;19;355332386;3382204;526340638
39;20;349163946;5747239;677494137
39;21;359278801;4378419;643174481
39;22;370214789;5588420;547462875
39;23;361256741;5862616;563825221
39;24;342201952;6142960;574566670
39;25;348756679;6115652;702276546


THREAD; REPETITION; AVERAGE; MIN; MAX (nanoseconds)
40;1;361668363;6504737;628152810
40;2;364037743;6186611;536025528
40;3;364106852;6472889;550531842
40;4;334087982;5758903;534542449
40;5;343567798;6007048;703747822
40;6;364377065;6628915;530209914
40;7;364182215;6288788;537401821
40;8;351084051;3723378;513821100
40;9;337627833;6254776;621225184
40;10;351290906;3025804;618649926
40;11;363404201;6608033;547057238
40;12;361587974;6269581;539104201
40;13;334969382;6279500;552548159
40;14;342575355;6078636;645875872
40;15;348955496;5883290;595010679
40;16;365782179;6242833;534824538
40;17;353476726;3727150;495347593
40;18;334892575;6280896;578544130
40;19;339714246;5426597;685300436
40;20;362221903;5456210;582434220
40;21;363509323;5934553;569891704
40;22;349213083;5966960;522446568
40;23;339342404;6115024;625548149
40;24;348677235;5963747;683143248
40;25;370056679;6401582;575417057


THREAD; REPETITION; AVERAGE; MIN; MAX (nanoseconds)
41;1;359084528;6123264;527200105
41;2;343338302;6484483;535729890
41;3;346953774;6473448;661342433
41;4;354955646;6591201;660032001
41;5;364256945;6949557;545854641
41;6;355694113;6500617;565483393
41;7;338900026;6303734;690751269
41;8;340309736;4991206;523756232
41;9;360798070;6255823;755226222
41;10;353221379;6299404;498277155
41;11;357279165;6891797;511160567
41;12;340874022;6809315;651036723
41;13;337889940;5958858;678696245
41;14;363686235;6794578;647648095
41;15;373084889;2338844;567963457
41;16;363543998;6208121;511607412
41;17;338610359;6449005;571277844
41;18;349117254;6213430;677899356
41;19;363451822;5018515;525796714
41;20;368124179;4918642;551213422
41;21;340573005;6431893;532155274
41;22;337317172;6010890;493451751
41;23;353742672;5726845;580501572
41;24;365906363;6794369;529204550
41;25;361719601;6886700;525197755


THREAD; REPETITION; AVERAGE; MIN; MAX (nanoseconds)
42;1;341929826;6790807;562799671
42;2;349114157;6652592;693039758
42;3;367887327;5514109;571186142
42;4;357809773;6520312;533811072
42;5;353738752;6481341;587074545
42;6;340389732;2898483;553251460
42;7;347924189;6518565;688804373
42;8;362791721;5983442;517712098
42;9;374992531;7190160;577172867
42;10;345462675;2514705;558489696
42;11;346433620;6515004;774691616
42;12;351624339;6478826;643413479
42;13;371471311;4656248;571113088
42;14;357339870;6570109;578545597
42;15;340038486;5761067;580514144
42;16;337015736;6027232;546743021
42;17;371794618;6089251;634456055
42;18;362411268;6430566;634649935
42;19;339292665;6307087;527894048
42;20;339558473;6354020;606380280
42;21;354577744;2453385;696281021
42;22;367756570;6653080;570656117
42;23;359718836;3069315;523739400
42;24;344235746;6125289;532960055
42;25;342099437;6281804;687617630


THREAD; REPETITION; AVERAGE; MIN; MAX (nanoseconds)
43;1;360387120;5874001;627805699
43;2;368134183;6054121;539898647
43;3;369812567;2474127;569321869
43;4;342753915;5945728;522459768
43;5;344481324;6124871;694045403
43;6;355614030;6188147;548965511
43;7;367176970;5415493;563835208
43;8;355746725;2260204;519149501
43;9;338204963;6221811;458128128
43;10;342831057;6732210;552864540
43;11;351169792;6925251;649754368
43;12;373014872;6320845;589570671
43;13;359213234;6021855;523320981
43;14;339558400;6877969;558234427
43;15;349868841;5286007;716144929
43;16;357691628;6994116;577555388
43;17;359360245;6176483;530154601
43;18;352356752;6258966;564013653
43;19;336873357;5396147;585086791
43;20;350658903;6689049;640087567
43;21;365605976;5156032;615299151
43;22;358364641;6583449;568421335
43;23;356619033;2481251;612111945
43;24;340851376;6708394;598712895
43;25;356362034;6048743;726710308


THREAD; REPETITION; AVERAGE; MIN; MAX (nanoseconds)
44;1;369399337;6704902;554486953
44;2;366053584;2952889;534470233
44;3;343608453;3716254;472639539
44;4;342620507;6982941;673394244
44;5;361543468;3433747;599095066
44;6;368312050;6699595;557495506
44;7;363258153;5543651;566319812
44;8;348442881;3081467;668973221
44;9;345665215;5850255;529903521
44;10;362784093;4728814;670079647
44;11;369064799;7206781;566787259
44;12;355994653;3624204;526566854
44;13;346568886;6566827;677846905
44;14;346410600;6796534;616702682
44;15;363344544;6228166;571345450
44;16;370268983;6706579;544524304
44;17;345654754;4147176;529855261
44;18;341725936;7115709;572549235
44;19;356371758;6508369;584108665
44;20;360851664;5871277;544512291
44;21;357630500;6457455;530213896
44;22;343390624;6862325;498468800
44;23;346433648;6919315;555854096
44;24;366330139;5510337;646149580
44;25;362909790;2999963;551581556


THREAD; REPETITION; AVERAGE; MIN; MAX (nanoseconds)
45;1;348270680;6520871;482852569
45;2;347870318;4783360;666011532
45;3;341495144;6043227;586744125
45;4;362536104;2554026;584344100
45;5;365436659;4590249;575133362
45;6;359847179;6177461;568826974
45;7;338531589;6009143;581220309
45;8;347351510;6684579;747344286
45;9;361868506;6392991;658328223
45;10;364549852;6876013;558210890
45;11;349518462;7292127;540724589
45;12;341057270;3044730;600919041
45;13;345513413;5408439;696816006
45;14;365614759;4904464;509156122
45;15;374068936;7110191;525456028
45;16;339137402;6301569;532787687
45;17;346467557;7093220;784075072
45;18;351833853;7049499;690398431
45;19;361718658;6655525;555652883
45;20;364567195;7091823;555022915
45;21;333823221;6343124;525613032
45;22;342783500;6398229;679963166
45;23;357205990;6423372;638331896
45;24;370300940;3098648;602545156
45;25;367783239;3304890;567213501


THREAD; REPETITION; AVERAGE; MIN; MAX (nanoseconds)
46;1;347535601;6990623;612046433
46;2;345345001;6957728;597758444
46;3;359123523;6019060;597845117
46;4;371794319;7712712;556379581
46;5;358193725;2638394;529750360
46;6;342938843;7287379;576110372
46;7;344442732;3288058;587774564
46;8;360391919;7714109;562289411
46;9;363576474;6680388;551150565
46;10;356280567;6023950;598551980
46;11;345840117;7545931;644817917
46;12;341657489;6684090;611160078
46;13;371445634;7496553;636824234
46;14;360427932;5687455;559342528
46;15;353984828;6864071;586874239
46;16;340172195;6830477;610403347
46;17;352878333;5159804;653117086
46;18;378349104;5901099;561058459
46;19;369152059;7015976;557083931
46;20;348857172;6795277;547971949
46;21;341693935;6777049;567369596
46;22;356970646;6155880;599639759
46;23;365529167;6248141;526895108
46;24;368111529;6573740;565017831
46;25;339752628;6133949;571936517


THREAD; REPETITION; AVERAGE; MIN; MAX (nanoseconds)
47;1;345096348;7283956;697344215
47;2;358378457;4548972;636270392
47;3;365651517;7390744;537064836
47;4;359687767;6887048;556540426
47;5;344822586;5943912;622509007
47;6;341663773;5875467;589214900
47;7;363613742;7038394;600166222
47;8;358163590;2628546;511847804
47;9;350542835;4246280;558374388
47;10;341665165;3488432;637563364
47;11;346097138;7799175;646506609
47;12;369603554;6999423;537377865
47;13;358634105;6080801;543778889
47;14;345316307;2671290;519183654
47;15;338855796;6749531;552938572
47;16;348704005;7025614;596308958
47;17;363108930;6902134;536861110
47;18;355597217;7499627;562473862
47;19;344679641;6914985;602171086
47;20;339312675;6569689;557407646
47;21;364601097;7217957;684413732
47;22;365184962;6696521;578770556
47;23;351436991;7113614;545466183
47;24;341374026;7055855;658160534
47;25;362110218;7383340;620456511


THREAD; REPETITION; AVERAGE; MIN; MAX (nanoseconds)
48;1;364319346;3576851;670379336
48;2;366936736;6768179;560104915
48;3;359919752;6124172;529994385
48;4;349342582;5066496;628246746
48;5;349100390;6809874;697249790
48;6;365521411;6964573;581981718
48;7;371709285;2557448;545894869
48;8;352080270;6693728;540476025
48;9;342332814;6620045;659094242
48;10;353407282;6515143;667960383
48;11;369151339;4209683;522063209
48;12;355554933;6204420;558098166
48;13;336694250;6865468;516153798
48;14;343726526;5495181;599772806
48;15;360251181;5016210;629221102
48;16;361347215;7642312;549595549
48;17;358172255;3473836;574256644
48;18;339801187;7284515;637911033
48;19;346431898;5421638;649392870
48;20;370445698;6739614;613951074
48;21;368598856;4735448;545636946
48;22;360127193;6195271;527146606
48;23;342178461;4523829;663987601
48;24;346543089;7202801;627453768
48;25;367129813;6473029;544945796


THREAD; REPETITION; AVERAGE; MIN; MAX (nanoseconds)
49;1;354630290;6700153;509554077
49;2;348009372;4541919;553424039
49;3;340070813;7423709;639712938
49;4;354495210;7157613;669557933
49;5;352407826;4425214;509361385
49;6;354351252;7363227;524189038
49;7;345958116;6342008;553741467
49;8;338947777;5759182;635495923
49;9;344876899;7343321;526429337
49;10;363607060;4230286;555540858
49;11;360198719;6917919;533863313
49;12;341499316;6781518;660563354
49;13;339457581;6952909;656720058
49;14;357643949;7131143;725847489
49;15;364646245;7701677;553852236
49;16;355396908;7085537;589650780
49;17;340210759;7757411;569966294
49;18;346389799;7247081;627104492
49;19;368393222;6949836;599242781
49;20;356833972;6651614;554488001
49;21;354104980;7049499;583943909
49;22;341988093;7068007;571127755
49;23;349510898;6137931;691677644
49;24;360260735;3636705;653991639
49;25;359551188;7196026;570947495


THREAD; REPETITION; AVERAGE; MIN; MAX (nanoseconds)
50;1;350164458;7598941;554640255
50;2;344101650;2311677;670567488
50;3;347339322;2570858;619372015
50;4;371893806;2679461;634058309
50;5;364014662;7880611;553317810
50;6;348821875;7523931;514290782
50;7;340392070;5972198;592891485
50;8;353426071;6026255;637687332
50;9;359844632;8225976;518262796
50;10;356535401;6983150;559987582
50;11;341990728;7402826;585526932
50;12;345591370;2482648;695213917
50;13;365244035;7514293;680768924
50;14;364611564;3760953;557763417
50;15;351045498;7584693;557402687
50;16;340545127;6494680;581449947
50;17;348913321;7234997;620627342
50;18;361001031;7178147;649791454
50;19;366713400;7427620;524596143
50;20;348875104;7042515;512401436
50;21;348017237;6604890;675515743
50;22;348272863;6985874;610563773
50;23;368205140;7033925;582726366
50;24;360300215;6798839;541295192
50;25;343793862;7614236;515466840


