THREAD; AVERAGE-REPETITIONS; MIN-REPETITIONS; MAX-REPETITIONS (nanoseconds)
1;27124146795;4441433821;56675613168
2;9623279537;552025600;36742293643
3;1038142069;3046169;1993000344
4;795834313;2875532;1155554574
5;641589394;2736744;905271399
6;620158503;2572486;856837273
7;656532023;2531738;856928754
8;573486562;2474951;812993204
9;482379689;2430250;766547949
10;442182882;2364294;781481110
11;460898043;2412884;758449584
12;520643254;2418318;761745392
13;563222588;2487324;758982691
14;549730904;2584736;775982880
15;547461982;2692191;774323370
16;540591339;2753523;778238837
17;548052525;2841861;777197702
18;557473595;2942622;801393029
19;557434083;2943117;777304171
20;558441601;3037148;812914479
21;548705362;3284833;775847016
22;544906953;3361072;789785925
23;542089684;3474408;786682491
24;538448861;3548132;774853326
25;545491074;3776725;767256539
26;549121213;3849653;766549824
27;547747920;4037895;811899414
28;548069171;4167323;764301854
29;550187206;4348496;755821765
30;552392300;4679094;793050848
31;555157221;4910079;784326329
32;548881653;5090756;777682861
33;542811124;5080081;796496543
34;545682423;5259894;799788797
35;545258001;5169475;786289819
36;544262909;5656316;759161572
37;540330780;5746618;743912388
38;538444075;5650184;818935655
39;540158959;5881750;768062069
40;537556962;6075931;786898183
41;541476641;6130438;771758483
42;538238288;6037376;783179613
43;544666136;6091615;801441971
44;551701639;6383196;785643409
45;551346340;6126356;768163789
46;552314079;6788907;764117450
47;544479744;6315861;785199236
48;531499048;6165848;823236422
49;518010167;6618472;769466962
50;516110700;6906668;788434700
THREAD; REPETITION; AVERAGE; MIN; MAX (nanoseconds)
1;1;26789949220;6588784538;57974278435
1;2;28988496623;5070887152;57866520396
1;3;29755000322;5452530768;57950796680
1;4;26262491468;8816017957;55670099272
1;5;28341930592;5486140348;57043453428
1;6;24788059560;2075650397;51196833955
1;7;26715007622;9006953258;55850145759
1;8;24522558374;8799261987;56489678087
1;9;26333641824;5592103117;57014153056
1;10;29947580418;380545223;57277096531
1;11;29701876352;382645001;58167107342
1;12;26056077444;7624887312;57700225378
1;13;28614936969;383496925;57806405842
1;14;25381334376;2971506225;54389626265
1;15;20270530963;11089934195;49231548144
1;16;26682771456;4679990543;57457361760
1;17;24948983714;398222889;57732985408
1;18;28820339282;382009027;57991734425
1;19;27226353928;381325839;57900596235
1;20;28617763147;2025499680;57932477661
1;21;24670330002;6531086702;57482505319
1;22;27302385691;7193865351;56445539447
1;23;30463188210;2836553668;58155497976
1;24;25139670191;5647712768;54336586144
1;25;31762412129;1238234677;59827076277


THREAD; REPETITION; AVERAGE; MIN; MAX (nanoseconds)
2;1;10330348736;210234122;38905637937
2;2;11843804353;224925025;38156632128
2;3;10034307828;192537040;36562575061
2;4;9079886044;1459546185;36440908202
2;5;9353437633;710353411;36039473243
2;6;8742096168;215316472;42318111310
2;7;8043027474;9166598;25440642526
2;8;8845650505;196964558;31247928298
2;9;9086694054;224087209;33798196419
2;10;11363909481;238936583;46838616150
2;11;9431306837;222031012;32531407693
2;12;8686332056;800729283;40785905471
2;13;10155268686;210680826;46469607800
2;14;8400290819;223499565;38482118747
2;15;8186466120;221867165;27281414397
2;16;10884783738;236121071;37993356628
2;17;11103906051;644357593;41274358264
2;18;11296485438;2168246802;40828499432
2;19;9411831607;1153022940;35823387120
2;20;8919441977;822445590;42763041671
2;21;9280083625;1116867228;34552521061
2;22;8529782039;1366175240;25014018960
2;23;9157605294;224584340;35148098361
2;24;10010715212;482068531;33521122238
2;25;10404526660;225875635;40339761967


THREAD; REPETITION; AVERAGE; MIN; MAX (nanoseconds)
3;1;975016592;3137480;1655120553
3;2;1057553768;3009601;2426856974
3;3;1112012779;2991511;2304697944
3;4;1015161906;3007225;1717986923
3;5;1014920527;3038306;1801631143
3;6;1014288213;3266616;2298857187
3;7;1005415992;3014070;1962070738
3;8;1104625654;2994585;1967213850
3;9;1032635121;3981023;1727456423
3;10;1043590345;2773048;2143687885
3;11;1049715156;3085937;2235744138
3;12;1063220994;2944229;1941018202
3;13;1021263534;2809854;1830819978
3;14;987313502;2716616;1724409038
3;15;1050743384;3098648;2172920930
3;16;1073296422;3111849;2435510170
3;17;1073677675;2943671;1986009465
3;18;1005810669;2984387;1687624894
3;19;1061997853;3039632;2410524033
3;20;1051095015;3038794;2058727226
3;21;1035807119;2890730;1800171670
3;22;1022761334;3226667;1747162628
3;23;970721430;2947791;1684815667
3;24;1055097055;3162552;2061248776
3;25;1055809706;2939410;2042722189


THREAD; REPETITION; AVERAGE; MIN; MAX (nanoseconds)
4;1;801614599;2876902;942188183
4;2;788100781;2663956;987985484
4;3;775957740;2867822;1691979987
4;4;776706695;2905327;964689995
4;5;807651590;2674572;1129964283
4;6;802457354;2683232;944893834
4;7;780819252;3119181;920950708
4;8;784975434;2360635;1143323593
4;9;789679526;3096832;1131095642
4;10;804050739;2938222;941431383
4;11;804303366;3136013;975178480
4;12;785278405;2899600;986976558
4;13;781439074;2940248;1418634212
4;14;837532569;2876134;2047535231
4;15;801241234;2915105;963535240
4;16;777811269;2622889;938672443
4;17;791638011;3200616;1677882594
4;18;810060806;2880673;1119382911
4;19;801227569;2948419;1354823238
4;20;793309555;3133918;981598499
4;21;805439265;2937035;980156626
4;22;789281462;2530908;1173132689
4;23;804240158;2816839;985464843
4;24;827038246;2884096;1590225853
4;25;774003127;2979149;897161860


THREAD; REPETITION; AVERAGE; MIN; MAX (nanoseconds)
5;1;615154960;2811740;884462900
5;2;646175119;2845753;850736756
5;3;655309562;2714451;860392173
5;4;646465066;2569810;841676875
5;5;618855315;2935220;773508784
5;6;636698501;2744344;955022426
5;7;663726485;2837721;926464467
5;8;658224430;2767531;849901384
5;9;652616145;2682743;866939373
5;10;626524435;2685607;883940906
5;11;644303174;2860559;957649646
5;12;647131172;2778774;899681035
5;13;641616146;2453175;841467631
5;14;618387472;2814185;843741662
5;15;622508087;2633435;861028217
5;16;667241771;2647962;950456203
5;17;657446096;2646007;886758582
5;18;620437743;2693638;857976084
5;19;627308849;2790438;953060235
5;20;651841447;2584966;902698458
5;21;656838569;2803778;865522154
5;22;647064566;2825359;889186265
5;23;621758994;2754191;949634171
5;24;628835856;2676597;913237646
5;25;667264902;2860629;1366640942


THREAD; REPETITION; AVERAGE; MIN; MAX (nanoseconds)
6;1;638633209;2819911;817515703
6;2;621345054;2403727;788174964
6;3;612341295;2487676;878637648
6;4;626912472;2557029;810606376
6;5;642922844;2684769;809193068
6;6;615771798;2527836;780061153
6;7;606326745;2590762;834370080
6;8;619815204;2568483;1258242947
6;9;628149117;2561219;810780629
6;10;630212066;2594813;821595342
6;11;622626797;2543899;783966328
6;12;605964872;2623098;897898685
6;13;610290385;2441791;946757828
6;14;629328502;2489771;809925284
6;15;607641865;2561289;806482668
6;16;618020429;2603125;919481946
6;17;625153875;2719410;840716488
6;18;631921159;2616534;845127174
6;19;617323191;2609968;782252773
6;20;610456110;2632388;855461169
6;21;603613830;2636298;928138632
6;22;634694753;2478178;845209168
6;23;632020114;2325225;805339505
6;24;613134394;2487886;775846232
6;25;599342498;2747068;969150059


THREAD; REPETITION; AVERAGE; MIN; MAX (nanoseconds)
7;1;671312901;2640978;909680699
7;2;641340058;2449892;788165045
7;3;672538533;2431804;813972446
7;4;673010778;2524902;941080011
7;5;688938669;2627220;947507854
7;6;648511377;2643702;924042511
7;7;645257862;2574420;805811912
7;8;674927960;2449683;848365435
7;9;681517760;2711378;916759812
7;10;624049138;2580844;836478868
7;11;650335191;2257131;827895166
7;12;653934681;2529302;787724627
7;13;677511238;2460997;775401343
7;14;683201238;2548299;813032661
7;15;667473846;2600819;868955272
7;16;628136185;2483486;796080996
7;17;632176956;2572114;792115897
7;18;665443395;2495359;1141401142
7;19;643134111;2685956;860473398
7;20;620736432;2619537;777796899
7;21;611955135;2392134;807926427
7;22;684634274;2496617;948591162
7;23;684658750;2467422;831200893
7;24;649489791;2485442;878817210
7;25;639074329;2564013;783941186


THREAD; REPETITION; AVERAGE; MIN; MAX (nanoseconds)
8;1;563701624;2437601;755256394
8;2;549763475;2436622;766095900
8;3;569810193;2479854;956307366
8;4;590315296;2492216;754042413
8;5;578203218;2477829;749104495
8;6;563591367;2526020;741448703
8;7;571521942;2663187;797594806
8;8;583799141;2338216;755216026
8;9;569712401;2630781;726907331
8;10;573668238;2565130;779636658
8;11;561880332;2285277;915850478
8;12;568905247;2523715;1090943751
8;13;592472418;2632248;778035895
8;14;577647943;2511423;753514972
8;15;562171743;2549206;834030722
8;16;571398869;2518686;843294888
8;17;597886368;2375441;791376139
8;18;586649657;2466934;796625200
8;19;551319593;2164242;698353980
8;20;563762100;2520501;763124992
8;21;586078435;2299524;982694589
8;22;580310366;2532724;784653637
8;23;570202224;2377676;768330821
8;24;570727053;2489493;783116848
8;25;581664816;2579239;959273106


THREAD; REPETITION; AVERAGE; MIN; MAX (nanoseconds)
9;1;497337539;2354000;725289597
9;2;497868668;2564921;764918446
9;3;477452448;2432711;717142891
9;4;476826364;2474686;648743695
9;5;496751663;2556541;869302663
9;6;497000632;2327042;745693307
9;7;488761044;2458552;751971619
9;8;452234796;2457156;764872281
9;9;463800913;2207962;846428456
9;10;499106099;2341849;914648929
9;11;512754052;2531746;765645983
9;12;475664148;2424889;767763780
9;13;468880989;2518826;753270388
9;14;472399899;2362172;757150490
9;15;495983523;2318241;723312041
9;16;493419351;2382076;793476196
9;17;452021907;2475803;700510540
9;18;462497306;2337378;966500491
9;19;569237509;2428242;734243249
9;20;460944905;2550394;710013773
9;21;469003350;2602007;728726276
9;22;441880156;2552768;631258931
9;23;461515568;2294356;895163562
9;24;491100363;2481530;705865410
9;25;485049036;2320406;781785744


THREAD; REPETITION; AVERAGE; MIN; MAX (nanoseconds)
10;1;423160730;2451220;762248973
10;2;426082673;2423353;808009328
10;3;449784131;2288070;813349741
10;4;464876828;2107111;701326915
10;5;443841835;2388851;677489597
10;6;428412627;2389201;898572304
10;7;449771987;2316147;978416880
10;8;464770958;2288349;786811802
10;9;446051692;2310209;709618680
10;10;427403239;2218997;842840849
10;11;423999067;2336750;766243265
10;12;450502965;2402959;728835788
10;13;465523279;2478946;724045514
10;14;433385778;2427473;722187736
10;15;422361431;2497175;878957452
10;16;440999032;2446121;881912646
10;17;454746969;2494521;651007809
10;18;451884772;2545924;694722444
10;19;427355607;2173041;819293444
10;20;432744354;2353511;803123302
10;21;466633185;2167174;821330923
10;22;453772000;2458274;727779439
10;23;448370213;2457086;784911700
10;24;419751970;2354628;824849108
10;25;438384747;2332280;729142112


THREAD; REPETITION; AVERAGE; MIN; MAX (nanoseconds)
11;1;464098247;2385220;684090715
11;2;465278538;2422375;754006375
11;3;439782815;2530000;672998384
11;4;438843492;2426914;701016470
11;5;469327875;2490959;804456712
11;6;496570612;2518616;693220507
11;7;421130219;2389060;644789491
11;8;450024906;2463232;958981030
11;9;460308180;2368597;823659152
11;10;496853962;2409873;724923419
11;11;459295568;2415111;698594374
11;12;440401771;2375581;714810612
11;13;463966169;2611924;797389123
11;14;474751517;2500597;755291734
11;15;470823030;2264464;768994383
11;16;445550892;2459880;756671378
11;17;450931958;2310489;691139028
11;18;483525823;2384522;723686251
11;19;480266676;2385918;739307928
11;20;453623075;2318381;699942241
11;21;450451663;2420001;1187796353
11;22;445298093;2402680;692060723
11;23;485130273;2490261;748726444
11;24;469861455;2149435;691996609
11;25;446354283;2428032;832690188


THREAD; REPETITION; AVERAGE; MIN; MAX (nanoseconds)
12;1;489698383;2420210;713565202
12;2;535542418;2408267;747181625
12;3;544189566;2532934;743645142
12;4;516067695;2351277;877408512
12;5;517097457;2420768;818493412
12;6;530240773;2519734;748471663
12;7;541624127;2476851;741129040
12;8;515228875;2209219;670222333
12;9;504853313;2324946;752755099
12;10;523776261;2316495;847434031
12;11;526579934;2446679;698488705
12;12;525286688;2737080;725805655
12;13;519210181;2491517;729850163
12;14;518352654;2544876;707287797
12;15;527457067;2396324;1197341561
12;16;532815501;2533143;729995083
12;17;531174852;2279968;712380834
12;18;493995350;2426984;703176521
12;19;500570299;2410083;667871895
12;20;537703351;2482928;781746982
12;21;516965199;2342756;752689797
12;22;486099139;2307206;698307677
12;23;513955747;2537334;767763920
12;24;527153343;2347435;802577912
12;25;540443200;2192947;708044249


THREAD; REPETITION; AVERAGE; MIN; MAX (nanoseconds)
13;1;560618407;2549975;701096508
13;2;557841109;2544387;731442683
13;3;557617417;2324387;702401981
13;4;566177393;2575886;752387664
13;5;575747940;2576445;752774724
13;6;547688452;2506673;667146314
13;7;564529038;2575677;874783248
13;8;569077809;2570648;740343396
13;9;562966294;2213339;735260138
13;10;556634818;2362521;714726592
13;11;559426694;2530489;897342888
13;12;560471498;2170597;746898279
13;13;576250644;2670801;744805974
13;14;572724146;2550045;776154372
13;15;562919457;2457855;711931964
13;16;563168328;2410921;789408081
13;17;566815685;2698877;729779483
13;18;562710023;2500108;739367643
13;19;563405129;2498781;704011823
13;20;568515348;2540965;887168969
13;21;567591146;2496826;911764903
13;22;562512464;2583499;754378001
13;23;560383855;2362032;735067446
13;24;557373804;2402959;704412362
13;25;557397813;2508420;769711862


THREAD; REPETITION; AVERAGE; MIN; MAX (nanoseconds)
14;1;559490632;2766692;749706876
14;2;552272154;2540966;771732580
14;3;538462637;2432293;737206125
14;4;546726797;2665492;981035229
14;5;543212118;2608572;773749527
14;6;550576541;2510515;718280116
14;7;542889828;2652223;752267327
14;8;527933567;2636578;805650230
14;9;533333317;2609061;808090693
14;10;561765373;2749791;759479906
14;11;575199655;2587270;742754246
14;12;556618365;2704324;707996268
14;13;547638302;2607245;893040456
14;14;549529251;2461975;868430834
14;15;534959818;2692660;743352507
14;16;534523644;2227518;710528433
14;17;553415474;2311606;777912416
14;18;553518395;2439696;831348607
14;19;560403965;2707607;792111847
14;20;534997626;2739943;705208134
14;21;555948239;2708794;722674739
14;22;555685161;2541105;741225491
14;23;563793933;2626382;744059720
14;24;552624312;2566038;789131509
14;25;557753499;2524064;772598193


THREAD; REPETITION; AVERAGE; MIN; MAX (nanoseconds)
15;1;557474593;2645238;741306646
15;2;539054719;2696641;738759256
15;3;548903325;2760336;779458493
15;4;567186029;2832343;730533490
15;5;555482894;2521130;871666511
15;6;559027853;2750629;869687139
15;7;541507426;2700832;733567884
15;8;533465769;2824940;762517513
15;9;546235724;2753841;740044336
15;10;551581124;2572673;835839541
15;11;547654186;2625892;759875906
15;12;541697357;2701042;763863634
15;13;559610457;2664864;725938073
15;14;554630380;2712775;970693621
15;15;540132547;2834648;879022892
15;16;551353031;2715290;749849771
15;17;531721402;2481181;720334847
15;18;543351577;2697899;763233455
15;19;549606513;2728001;722875393
15;20;551351100;2746368;744726564
15;21;532250032;2631690;688180411
15;22;543269078;2543061;749274279
15;23;549529166;2701391;785927471
15;24;548506195;2694477;770762975
15;25;541967096;2767600;760144167


THREAD; REPETITION; AVERAGE; MIN; MAX (nanoseconds)
16;1;550454307;2891988;766341113
16;2;553817738;2736101;802528255
16;3;555209732;2476920;956316655
16;4;531081460;2820331;765147177
16;5;535988834;2726952;719704111
16;6;542526675;2767600;726713172
16;7;554816605;2872851;847565891
16;8;528954712;2817537;674707540
16;9;533811353;2860769;727256397
16;10;551707044;2827385;797132527
16;11;549279492;2735264;727271412
16;12;538810543;2870197;730741337
16;13;534597063;2793023;763586993
16;14;535185331;2892198;746692806
16;15;536429708;2893174;748062323
16;16;544787400;2557797;796799593
16;17;542722440;2718852;1223230815
16;18;531931842;2426566;746721511
16;19;539740690;2843309;726213318
16;20;545822931;2734286;724270543
16;21;542747458;2752654;717751907
16;22;543325772;2579727;801495930
16;23;540031727;2721226;745065574
16;24;520504486;2774026;698667638
16;25;530498138;2747347;775986404


THREAD; REPETITION; AVERAGE; MIN; MAX (nanoseconds)
17;1;557426120;2904071;774228080
17;2;548554769;2974959;865558263
17;3;534501229;2881511;782016849
17;4;534920326;2928306;706841232
17;5;546525591;2916851;849461384
17;6;541497627;2974331;858907208
17;7;535253981;2636927;731159827
17;8;539416931;2727581;726407756
17;9;542102910;2916293;812275513
17;10;576631522;2956311;803328845
17;11;563352081;2714800;740780462
17;12;552167520;2969163;739259389
17;13;538970368;2722693;708472934
17;14;551297222;2769207;740513389
17;15;545241549;2865657;801351778
17;16;556131698;2910914;757552007
17;17;546158492;2758382;730912658
17;18;565509836;2788763;938791592
17;19;542337798;2748114;725027133
17;20;545478993;2839258;814966148
17;21;539784310;2879975;764821227
17;22;527322325;2780032;735693223
17;23;557869791;2888426;816827068
17;24;566185620;2814813;745550343
17;25;546674519;2779195;759238255


THREAD; REPETITION; AVERAGE; MIN; MAX (nanoseconds)
18;1;562510603;3207531;760045481
18;2;553232162;2999263;846592933
18;3;557502640;2970489;962428535
18;4;567013821;2945207;848945816
18;5;565059445;2849105;723571781
18;6;555961341;2985924;750391600
18;7;557592715;2763131;740628488
18;8;567402952;2949467;802227588
18;9;548147614;2980896;738405719
18;10;535676128;3136711;736665763
18;11;549948775;2853435;728343337
18;12;569140155;2810902;847896311
18;13;567398964;3035511;808591875
18;14;549675034;2843309;734692258
18;15;546598515;2895829;801503124
18;16;556798754;2895759;741770602
18;17;574955804;2834369;946290520
18;18;555856499;2952680;744834399
18;19;544019717;2716057;766661265
18;20;554329171;3195797;712096161
18;21;571766231;2843099;855966051
18;22;558316695;3052483;720569933
18;23;548418193;2953727;729012346
18;24;553586109;2961410;730978658
18;25;565931850;2933474;1255715182


THREAD; REPETITION; AVERAGE; MIN; MAX (nanoseconds)
19;1;558626509;3200407;733581852
19;2;561940471;2782476;838383649
19;3;550068517;2949049;747468882
19;4;553769798;3112756;715374789
19;5;573333578;2889054;858985081
19;6;547620489;3089359;804611549
19;7;556363154;2936826;809874090
19;8;559330533;2741270;714986751
19;9;564522122;2719130;910039055
19;10;578817939;2810203;895383632
19;11;540200455;2969092;728637578
19;12;567207374;3176382;773815597
19;13;563973737;3081886;844346558
19;14;548621910;2748324;723665857
19;15;549582313;3175125;761976872
19;16;547769081;2878438;718173958
19;17;550324723;2900508;703040052
19;18;558227299;2777588;782030119
19;19;557693880;2866216;785008918
19;20;555237106;3077277;727454607
19;21;545698099;3171283;745006697
19;22;572449793;2970141;792123301
19;23;565053038;2590134;804475080
19;24;565517977;2952750;804208915
19;25;543902186;3012254;709950845


THREAD; REPETITION; AVERAGE; MIN; MAX (nanoseconds)
20;1;555842774;3075182;697251117
20;2;570801647;2836254;792548634
20;3;563674907;3298393;872887406
20;4;544785679;2538660;698185942
20;5;549246216;3109892;778422887
20;6;573442743;2895131;878080734
20;7;557220214;3008413;1344942862
20;8;552892596;2839118;724199234
20;9;557913010;3061493;739314424
20;10;561985776;3249365;698470337
20;11;569490658;3237353;816967450
20;12;553384941;3103816;864424878
20;13;557128594;3049619;788226646
20;14;563407122;3344629;712485036
20;15;561348993;3044731;791077078
20;16;549825394;2841003;743147244
20;17;547434126;3231766;735705166
20;18;557314818;2975099;733410741
20;19;566914825;3035442;940789891
20;20;568940141;3130774;954728814
20;21;551339852;2312025;820712967
20;22;543492620;3112825;736479427
20;23;553372203;3242801;699764286
20;24;570946928;3167512;900834185
20;25;558893254;3187417;859804598


THREAD; REPETITION; AVERAGE; MIN; MAX (nanoseconds)
21;1;531923302;3533131;741516170
21;2;541543861;3287638;732537934
21;3;550385567;3455887;677548543
21;4;558640075;3134128;876688867
21;5;558232892;3230368;820184130
21;6;541508506;3292668;724897508
21;7;539456601;3331569;678212175
21;8;564077593;2875226;883061604
21;9;552994058;3459727;864491157
21;10;538276984;3205506;729466385
21;11;541716418;3184483;747321099
21;12;559489144;3460216;720601431
21;13;543005693;3171213;861183824
21;14;546254110;3200616;850587505
21;15;543615716;3355944;731449807
21;16;547406721;3449460;689307859
21;17;559514341;3206972;712464294
21;18;561737817;3582788;988115389
21;19;535410807;3275696;765692637
21;20;538050323;3509943;702720038
21;21;556378801;3166813;726159191
21;22;556610527;3218915;872546860
21;23;564690799;3244616;897081822
21;24;543762437;3131892;712152312
21;25;542950971;3155429;690186881


THREAD; REPETITION; AVERAGE; MIN; MAX (nanoseconds)
22;1;554572958;3461055;841216342
22;2;542665634;2911263;780360493
22;3;540830965;3098858;737594443
22;4;548883100;3450020;788231396
22;5;551993409;3497162;662303449
22;6;553427614;3297696;802857695
22;7;550832030;3389118;827936581
22;8;517817181;3356223;701855682
22;9;536429507;3488851;697935073
22;10;554741714;3270946;853856636
22;11;545641056;3384089;921254587
22;12;539768226;3691391;775169749
22;13;545314002;3365931;725757743
22;14;549052036;3223873;720074339
22;15;560970061;3394496;1184806519
22;16;551351728;3518743;787344830
22;17;543801700;3389956;693579701
22;18;543372257;3608209;737256272
22;19;547945875;3410838;870661215
22;20;553218831;2942553;928773559
22;21;537255544;3581322;728705883
22;22;533459182;3294483;676085648
22;23;544755625;3042146;762162579
22;24;534736356;3536972;750231315
22;25;539837255;3420617;788636405


THREAD; REPETITION; AVERAGE; MIN; MAX (nanoseconds)
23;1;543996532;3737626;755046311
23;2;543423346;3469994;690068430
23;3;533955792;3645436;774573514
23;4;542063313;3177918;970893997
23;5;540912470;3511480;747886673
23;6;541087642;3256210;721571666
23;7;555680545;3396731;811848363
23;8;558803900;3610096;883990074
23;9;549885627;3665340;786618691
23;10;528876716;3309569;710275607
23;11;532748013;2767810;709729868
23;12;549045568;3672254;769969437
23;13;543302854;3490736;785446753
23;14;521089686;3538229;732929255
23;15;546763037;3393588;696013809
23;16;528567527;3308241;703446806
23;17;545121807;3231067;812606770
23;18;552536829;3405321;975804118
23;19;533386052;3613099;705120972
23;20;536691206;3643619;719604726
23;21;555738673;3517277;1166274555
23;22;561026250;3546121;902827384
23;23;525164320;3815709;698531447
23;24;536074230;3672883;726666937
23;25;546300165;3463848;709316128


THREAD; REPETITION; AVERAGE; MIN; MAX (nanoseconds)
24;1;553648136;3563512;745966666
24;2;542772587;3536063;744594984
24;3;532510663;3585791;766635284
24;4;536006063;3181271;721915215
24;5;552388448;3759277;858474122
24;6;536712129;3489760;889131719
24;7;530895907;3460287;738485268
24;8;529025012;3580064;719568339
24;9;526163081;3672604;692988145
24;10;539208203;3557575;848030476
24;11;549097549;3694813;936286875
24;12;526439195;2850572;721563634
24;13;522666234;3323606;714962446
24;14;545852139;3791055;694224475
24;15;551362321;3662966;794187949
24;16;555367697;3544514;747039289
24;17;529290123;3289734;801830261
24;18;544574223;3754528;698826248
24;19;542775871;3812426;972033667
24;20;537623579;3689296;795501453
24;21;538219317;3606604;733666919
24;22;521802845;3640965;721323869
24;23;532994762;3378921;684544613
24;24;545301296;3527822;913896320
24;25;538524149;3749289;715654923


THREAD; REPETITION; AVERAGE; MIN; MAX (nanoseconds)
25;1;547397624;3386254;733863173
25;2;517458093;3700750;683024030
25;3;561614089;3968172;789075567
25;4;552422144;3780159;713721646
25;5;536549813;3887226;731696765
25;6;549308045;3892953;746031060
25;7;555136242;3803486;864912789
25;8;561250732;3586490;890907783
25;9;537631889;4175601;720383387
25;10;533395224;4022927;703411187
25;11;560337550;3593473;895563054
25;12;557961543;4115258;768090847
25;13;538094512;3670229;750308768
25;14;530464703;3781067;701834731
25;15;539603356;4012102;675910067
25;16;560599587;3709480;890957021
25;17;541823431;4272680;789232989
25;18;534683351;3731619;714284846
25;19;536246499;3630280;719950161
25;20;546642498;3659194;860297398
25;21;555929356;3581251;774165571
25;22;547287019;3366978;740258957
25;23;541778004;3776318;766167907
25;24;538974084;3386254;699483245
25;25;554687478;3927943;857880541


THREAD; REPETITION; AVERAGE; MIN; MAX (nanoseconds)
26;1;557851521;3705568;878971210
26;2;553760142;3840293;782336024
26;3;539040998;4094725;715050516
26;4;551668860;4025022;711796750
26;5;564207002;3980743;782007769
26;6;543387984;4399581;769370269
26;7;538687590;3911950;720344066
26;8;553894760;3625600;730058499
26;9;567681047;3492413;870508403
26;10;549245292;3193213;791243300
26;11;524493948;3786096;708746782
26;12;554631686;3204806;696428667
26;13;570437362;4047302;746407365
26;14;547148887;4116445;762919868
26;15;545390938;3696908;821673844
26;16;541724254;4041365;733086118
26;17;557755631;3736229;714363138
26;18;558510886;3972642;995670190
26;19;528627996;3906293;718871044
26;20;551485641;4161563;778204423
26;21;556709153;3946870;697798184
26;22;555432682;3657448;870513222
26;23;531517773;3757810;723665019
26;24;541761404;3944705;750953403
26;25;542976896;3995759;692757529


THREAD; REPETITION; AVERAGE; MIN; MAX (nanoseconds)
27;1;563263079;3839385;887030265
27;2;559497307;4020204;778625216
27;3;535539638;3527473;709258788
27;4;545176337;4133137;754999867
27;5;566028389;3982280;837629992
27;6;566649028;3710947;915109811
27;7;522140924;4288115;728534492
27;8;542370773;3939327;697502406
27;9;561733801;3923265;690011440
27;10;564383410;4248166;1241207821
27;11;551486474;4155696;800629829
27;12;531064363;4251099;779390956
27;13;540179264;4251797;710307176
27;14;564807160;4019016;913741411
27;15;557982281;4142635;812682128
27;16;522512278;4162331;716241310
27;17;531619740;4012382;719312650
27;18;570407638;3717791;1137634252
27;19;539182547;4207937;989312748
27;20;534778925;3922635;793916615
27;21;525301453;3941772;700724742
27;22;533915230;4076286;714122536
27;23;557362884;4287905;722829089
27;24;573608327;4015036;809728331
27;25;532706772;4170782;737001490


THREAD; REPETITION; AVERAGE; MIN; MAX (nanoseconds)
28;1;539530848;3994433;713083856
28;2;560093464;3842249;702363778
28;3;540057308;3293575;717341101
28;4;541083724;4317728;741623167
28;5;523222666;4138306;719475520
28;6;542327130;4374160;770411044
28;7;569207402;4276940;807720465
28;8;565404212;4044439;728199534
28;9;530378873;4044090;828883979
28;10;542728655;4139284;731386810
28;11;572176094;4033264;795879993
28;12;566659670;3868369;707126534
28;13;547761373;4590038;878301223
28;14;525229047;4129295;731602480
28;15;554886963;4453359;712872167
28;16;558601696;4320521;872567952
28;17;564838839;4211709;985246379
28;18;540041735;3940375;729240238
28;19;536569490;4342312;728945089
28;20;550377125;4653035;737126785
28;21;554138740;4221696;808216268
28;22;545886928;4532559;707351074
28;23;525177938;4525086;707501512
28;24;537195736;4116864;689326926
28;25;568153639;3779390;855752477


THREAD; REPETITION; AVERAGE; MIN; MAX (nanoseconds)
29;1;542898023;4524528;731478791
29;2;541748664;4729651;725996181
29;3;552339032;4520686;729248201
29;4;570712730;4404750;725424670
29;5;569935320;4237689;840099161
29;6;532611020;5002032;788592824
29;7;519553111;4376743;720907755
29;8;556286892;4323455;712538325
29;9;565928687;4455803;790272437
29;10;544075725;4711842;922364644
29;11;541032435;4539334;718594542
29;12;556901289;4544083;709428363
29;13;566107049;3362090;838559789
29;14;548358852;4450216;701733041
29;15;530114036;4653245;716289081
29;16;544404523;2874248;702250007
29;17;568087978;4361239;701866229
29;18;564091176;4519988;808020223
29;19;555428310;4248864;888831542
29;20;536540540;4463347;739662792
29;21;553134406;4354604;708156833
29;22;576223711;4264578;728178022
29;23;543568744;4500712;766634516
29;24;523904653;3774362;759042211
29;25;550693253;4514331;721373945


THREAD; REPETITION; AVERAGE; MIN; MAX (nanoseconds)
30;1;555289786;4717988;891221719
30;2;573693110;4919619;897054584
30;3;542097122;4864165;738973669
30;4;545104536;4580960;708371036
30;5;562742651;4640534;743546316
30;6;580189815;4842235;752478877
30;7;547374740;4842794;789335865
30;8;515359509;4719664;754870801
30;9;541447657;4472286;705402433
30;10;576585302;4570134;985480347
30;11;546854218;4382401;808233519
30;12;547710936;4897620;760143118
30;13;555278434;5057696;722422543
30;14;556261305;4388617;856149246
30;15;555686444;4520058;937042976
30;16;544631560;4523969;902570858
30;17;544335116;5027734;722029196
30;18;547749433;4572159;707169137
30;19;575343862;4348807;878342569
30;20;551134624;4912565;732534302
30;21;525976129;4423327;850977777
30;22;551995124;4536890;715577958
30;23;564579369;4797118;714341278
30;24;578500982;4322127;800670755
30;25;523885755;5095899;751330337


THREAD; REPETITION; AVERAGE; MIN; MAX (nanoseconds)
31;1;536610012;5234044;759653880
31;2;555762541;4925067;707040630
31;3;574564516;4908514;896806508
31;4;545704521;5555035;905852280
31;5;531117402;5281397;701078768
31;6;564660199;5124674;702272985
31;7;573313475;4588153;746305885
31;8;553355525;5031645;789816233
31;9;551201103;5258839;749345447
31;10;548866379;5009785;735336055
31;11;579773003;4971791;1208136648
31;12;568430384;4670775;717307996
31;13;539785789;5311779;733350608
31;14;528030536;4848801;713577354
31;15;565070087;3730433;737293008
31;16;582216691;5314223;769261107
31;17;547627412;5171327;914779113
31;18;525437230;5083607;720420821
31;19;566739548;4999029;707537830
31;20;575944776;4489817;734699103
31;21;564036461;5025499;708064014
31;22;543247126;5527379;838173706
31;23;535682659;3807887;741816348
31;24;549041476;4130414;709237556
31;25;572711694;4752071;960994345


THREAD; REPETITION; AVERAGE; MIN; MAX (nanoseconds)
32;1;531548178;5406344;730820537
32;2;531192871;5234325;752217042
32;3;568192797;4848871;745444183
32;4;572516577;5125512;857143366
32;5;549932184;2938922;700569835
32;6;534555692;5156940;759561830
32;7;541264387;5582693;737917040
32;8;586939865;5056997;1208729671
32;9;565299849;5154914;715939875
32;10;547361449;5071944;727715814
32;11;524758230;5131239;730212429
32;12;537829724;5194794;716207018
32;13;576960008;5437633;859450852
32;14;545231322;5380503;808687557
32;15;528492682;5304515;713934802
32;16;519764099;5201220;719269069
32;17;567144888;4668889;701873842
32;18;558518126;5062165;997457288
32;19;537334606;5367163;730968182
32;20;533738981;5423664;739570881
32;21;555334925;4426680;702512400
32;22;581043870;5162597;763596770
32;23;556767200;5199892;834744918
32;24;522916689;5285099;782105617
32;25;547402139;5445385;705420731


THREAD; REPETITION; AVERAGE; MIN; MAX (nanoseconds)
33;1;562282101;5219867;906135975
33;2;542998671;5393702;770464961
33;3;527646369;4997493;747733999
33;4;532273383;5347048;745020177
33;5;559589253;5080953;880166892
33;6;552592594;5397962;751216495
33;7;537233805;5385252;738655402
33;8;532799858;5318693;719410777
33;9;552335116;5513899;706560959
33;10;549850102;3056115;914392402
33;11;523229082;5279861;699291181
33;12;537336856;5739836;718686384
33;13;548605235;5437912;703804114
33;14;569944692;5491620;1004594159
33;15;554503188;5101347;1173605305
33;16;518775572;5715811;724580847
33;17;528773629;5259607;694236838
33;18;537478280;3362997;695375460
33;19;553837199;5534292;789534494
33;20;538696724;5629487;921791108
33;21;521118301;5270293;736543471
33;22;541063292;4924229;702100197
33;23;550717793;5217074;799357879
33;24;547040549;2829619;964574827
33;25;549556468;5497067;704579283


THREAD; REPETITION; AVERAGE; MIN; MAX (nanoseconds)
34;1;536438675;3495905;720486752
34;2;570330205;5089055;955637448
34;3;559747756;5625087;793179021
34;4;519135564;5597080;780593204
34;5;542034591;5526959;712199944
34;6;564017448;5336572;819067856
34;7;563866160;5434559;861074662
34;8;529845947;5951734;764358249
34;9;534726495;5390909;784665370
34;10;566829177;5724261;703278349
34;11;563779382;5146743;1224550327
34;12;542228212;5138153;710714491
34;13;519066767;5445944;723431679
34;14;543757031;5407880;706509137
34;15;569273446;3795245;842021961
34;16;524781755;5145626;799883715
34;17;507187055;5583810;689331815
34;18;545954502;5370655;709150325
34;19;569369572;3641873;850613695
34;20;551081612;5726356;752733657
34;21;528888092;5912833;739116424
34;22;521327201;5322813;684320353
34;23;568246977;5640940;1103246921
34;24;548811876;5769378;848464679
34;25;551335093;5276997;716089894


THREAD; REPETITION; AVERAGE; MIN; MAX (nanoseconds)
35;1;537467947;4420953;686848188
35;2;544327538;3640546;716034860
35;3;568855249;4545270;880289464
35;4;535226847;5535061;888893840
35;5;518582934;5793893;740161879
35;6;540253700;5692693;700439581
35;7;567980481;4202280;880499616
35;8;553743793;5500001;818687082
35;9;525941425;5667201;759542135
35;10;535979861;5759042;738653236
35;11;539482110;5235093;710469068
35;12;577408516;3729175;915686142
35;13;553946071;3661499;896563251
35;14;525566521;5720909;738145212
35;15;543529758;5291664;710506433
35;16;572314111;5605810;729681356
35;17;550708791;5747937;926252987
35;18;507341442;5767144;707310217
35;19;532989220;4223442;728267908
35;20;563003586;5752338;803645994
35;21;537895012;5210718;801908693
35;22;537677444;6342077;767272307
35;23;548619684;4925277;771331272
35;24;546385864;5638077;740109218
35;25;566222139;5628788;900045537


THREAD; REPETITION; AVERAGE; MIN; MAX (nanoseconds)
36;1;544920602;5844807;739156932
36;2;539863552;5802902;708461760
36;3;541333019;5898027;703719607
36;4;554378245;5512293;768595449
36;5;551257220;6226559;786354271
36;6;533624933;4013708;707763417
36;7;544144329;5735225;697425511
36;8;547971229;5625086;875831216
36;9;561253891;5775734;817219298
36;10;539670322;5700026;746060673
36;11;519913051;5990357;719434802
36;12;546139825;5717626;726207660
36;13;575490478;5859963;830368873
36;14;559009732;6175575;787793770
36;15;514964399;5585137;757532801
36;16;538306833;5598826;706013754
36;17;545484486;5919956;776099476
36;18;545154862;6057614;704766528
36;19;536723430;5375474;764830167
36;20;541665036;3310896;704754445
36;21;562554007;5909759;821935958
36;22;552331137;6046368;753642782
36;23;546011205;6118026;938711345
36;24;532668805;6037499;716196960
36;25;531738100;5570471;720161850


THREAD; REPETITION; AVERAGE; MIN; MAX (nanoseconds)
37;1;543717305;5936299;766230694
37;2;536926492;6470935;725021825
37;3;534154012;6306807;720245031
37;4;515771771;6004394;708909722
37;5;560130240;5877074;733856957
37;6;551169191;5952083;832605401
37;7;521551744;2884864;723916377
37;8;546034938;6130108;720676440
37;9;557074115;5890413;738476469
37;10;549589253;6016268;786372221
37;11;544655721;5777969;830636994
37;12;539365788;5767213;728696245
37;13;537543211;5923658;706475124
37;14;567336118;6216712;744646875
37;15;535554310;6205886;706034496
37;16;521282783;6222789;814080490
37;17;531940061;3867671;706012217
37;18;543589001;6118306;692457841
37;19;550730097;5373448;711327208
37;20;542676312;4564966;765953913
37;21;506385767;6175505;773776695
37;22;551604498;6109576;712346890
37;23;560778762;5616146;821997908
37;24;547549904;6146451;707454859
37;25;511158121;6109925;719600815


THREAD; REPETITION; AVERAGE; MIN; MAX (nanoseconds)
38;1;541015929;5939721;753366000
38;2;546998775;5816242;708044947
38;3;579040963;5210020;994133613
38;4;532761910;5421918;772002657
38;5;491601364;4026280;742879193
38;6;557728899;6310997;746089726
38;7;561419582;6097214;702984318
38;8;549645581;6522546;979760138
38;9;511280432;4371016;700008312
38;10;521563523;6172573;748803130
38;11;561105674;6122566;1013053475
38;12;535697402;4093118;831295737
38;13;498287861;3576712;706675709
38;14;545469657;5664966;794583530
38;15;554509345;5836916;851383766
38;16;545690512;5613004;698057784
38;17;521544145;5804578;1199711067
38;18;550568541;6320566;706918268
38;19;536234628;5981626;718136523
38;20;548699441;6069417;846210971
38;21;540771968;5888109;851689251
38;22;512028624;6009353;706574998
38;23;520285213;6247861;709437303
38;24;534723459;6014381;811668243
38;25;562428468;6122915;1179922727


THREAD; REPETITION; AVERAGE; MIN; MAX (nanoseconds)
39;1;518166053;6848147;739750582
39;2;523079939;5616985;696278438
39;3;555446535;6398439;835616817
39;4;541847532;6049931;767439367
39;5;519072420;6318611;724731147
39;6;538397223;5884407;717712167
39;7;552223945;6368896;720027336
39;8;569174112;6474985;878422397
39;9;534138414;5920864;862740795
39;10;526652754;6119703;757603899
39;11;539451923;6129410;738038214
39;12;560087938;6143099;806755677
39;13;548459790;5342369;861584852
39;14;525534449;5992521;722602663
39;15;528796452;6168242;730172969
39;16;552865005;5685220;693072583
39;17;564078988;6388941;766492040
39;18;546373869;4192083;768396472
39;19;521864828;3912369;737860119
39;20;561616371;3341416;711465424
39;21;541014711;6059010;774997031
39;22;529634090;6404585;885525326
39;23;520344542;6343195;747264526
39;24;526781820;6454313;701100279
39;25;558870286;6486020;855900610


THREAD; REPETITION; AVERAGE; MIN; MAX (nanoseconds)
40;1;578704197;6320636;1177573267
40;2;515630471;6867493;717800726
40;3;517391482;4551556;690903942
40;4;564116477;4832598;939021160
40;5;549516323;4142845;950400051
40;6;516158787;6204978;713136865
40;7;520478629;6776140;796837238
40;8;523179887;6054540;696608367
40;9;570506554;5937486;780555210
40;10;526189437;6426585;727557692
40;11;517896321;7030433;731239584
40;12;526001352;6456128;730625261
40;13;564096949;6425188;890532666
40;14;556438626;6199950;790406252
40;15;520585291;6195550;726436600
40;16;544207375;6486160;721995324
40;17;561813941;6433430;945788640
40;18;561554643;5939512;744764279
40;19;533112364;7000331;765153532
40;20;507975446;3778204;739201560
40;21;546413462;6286903;687936176
40;22;549130663;5980998;711975545
40;23;543488095;6289557;877238937
40;24;509025393;6720127;731122531
40;25;515311886;6560959;687643191


THREAD; REPETITION; AVERAGE; MIN; MAX (nanoseconds)
41;1;552855203;3039353;728103153
41;2;558253034;6726204;819509044
41;3;523653127;6757493;708105988
41;4;548624641;6190661;711859049
41;5;567873601;6421976;786471325
41;6;524808249;6565429;844190951
41;7;530723802;6798140;763212643
41;8;554669761;6499150;712799672
41;9;553286795;6055379;721049533
41;10;562775775;6197855;953508058
41;11;547461352;5956972;909397982
41;12;513334683;6669632;701320141
41;13;535553345;6893125;711625150
41;14;553630694;6661740;900826432
41;15;556955386;3543327;848389949
41;16;524106681;6474147;705382807
41;17;531515412;6663487;721327292
41;18;545525321;5532826;690140786
41;19;556936447;6641417;817826358
41;20;535395617;5630115;774236321
41;21;505849899;6227397;718477768
41;22;531759105;6332299;685297922
41;23;558175605;5519975;716884059
41;24;539229278;6381189;904509442
41;25;523963221;6881671;739510259


THREAD; REPETITION; AVERAGE; MIN; MAX (nanoseconds)
42;1;494072199;5867017;705022984
42;2;555879784;5296204;964843437
42;3;549889576;6920712;915781963
42;4;554795136;6629194;815328066
42;5;515780359;6832782;704457759
42;6;534135397;6191988;717389361
42;7;567586937;6064807;958808172
42;8;548431738;4606451;831988283
42;9;520342230;7160128;698817657
42;10;505020868;7205525;714660243
42;11;545997506;6591900;697379346
42;12;556419853;3162134;944074736
42;13;547511525;6068160;816545049
42;14;501518519;6011518;723072485
42;15;559089730;5958928;711193253
42;16;547519832;6886840;706009213
42;17;537663297;6380001;830905744
42;18;533883596;6388661;711298853
42;19;521360038;2342616;717013475
42;20;567098895;5652046;817480154
42;21;555300698;5950198;832378836
42;22;507860266;6794718;706844096
42;23;524834992;6567315;715103316
42;24;543636702;6719080;698059251
42;25;560327546;6685487;925034606


THREAD; REPETITION; AVERAGE; MIN; MAX (nanoseconds)
43;1;508146256;6185214;737890221
43;2;514292994;6682623;697602908
43;3;548529794;6928674;690437960
43;4;561010955;6698827;906224465
43;5;532067378;3693556;697610870
43;6;530496789;6463741;709036483
43;7;529839738;6847868;707204896
43;8;571550825;7197423;1348630482
43;9;568324591;6920293;980792252
43;10;554719260;6288369;913987952
43;11;517674887;6563963;738562723
43;12;525938362;6806941;696623174
43;13;573388585;6063340;921771412
43;14;546420845;6392921;896611581
43;15;532298872;7203220;717634504
43;16;542322537;6321404;701315600
43;17;558264148;6030585;759393303
43;18;543734892;5879308;694191091
43;19;563598399;6058871;896302533
43;20;547631527;3024476;687472500
43;21;558316647;6671099;686128754
43;22;547404882;6295283;689676132
43;23;560864487;5877633;931418938
43;24;559873110;3558902;937395116
43;25;519942658;5635842;692133427


THREAD; REPETITION; AVERAGE; MIN; MAX (nanoseconds)
44;1;559557334;6512280;692661638
44;2;569755103;6549226;946814888
44;3;546675577;6132693;743495961
44;4;534065295;5665805;698066724
44;5;563851039;6828800;730187426
44;6;559911344;6105873;836131687
44;7;536903614;6559074;754514750
44;8;549161659;6883557;727213793
44;9;551701496;3583556;716714973
44;10;557601769;6454242;754707651
44;11;559769110;6829220;812744357
44;12;561447461;6003975;694028850
44;13;556910242;7031830;700061809
44;14;540942567;6889353;691145103
44;15;552403076;6791576;881114569
44;16;548149835;6874407;746930756
44;17;563022262;5412001;717823494
44;18;531815916;7065493;693115466
44;19;562872331;6367011;902746649
44;20;570134537;6343194;984034913
44;21;524898517;6183398;681776385
44;22;556125641;6668585;710237334
44;23;559673999;6853524;1241793860
44;24;542982444;6330833;831403362
44;25;532208823;6660413;751618851


THREAD; REPETITION; AVERAGE; MIN; MAX (nanoseconds)
45;1;546291764;3323747;683320296
45;2;565474356;6464160;757604109
45;3;553572966;6397321;716639615
45;4;560893487;6972115;726152905
45;5;565492034;6220694;696593770
45;6;554388299;6829429;760429328
45;7;561818267;4515867;804987295
45;8;547494388;6281734;700459276
45;9;558018064;6749530;678601680
45;10;551979896;6130178;708358534
45;11;538051098;2796514;817768529
45;12;542890298;6730185;881006036
45;13;552719607;6133461;708826681
45;14;526930868;6238293;693462019
45;15;552555966;6432452;746384596
45;16;563261965;7065912;755548890
45;17;541719537;6199810;727383578
45;18;537799756;5246826;725550874
45;19;565848112;7161944;837602754
45;20;559262631;7189740;1155151912
45;21;526140541;4266464;703258096
45;22;560560624;7163340;699303962
45;23;561547629;6510743;944310869
45;24;537364874;7421055;870248733
45;25;551581480;6717404;705140389


THREAD; REPETITION; AVERAGE; MIN; MAX (nanoseconds)
46;1;560092959;6999982;697432215
46;2;558764921;7610744;818694485
46;3;572908579;6985106;841450380
46;4;553301607;7168159;728499711
46;5;535429442;7318528;693933447
46;6;570110264;6644979;979667807
46;7;572412802;7093848;956811969
46;8;528893596;6884394;700974425
46;9;534653368;6540566;713243164
46;10;543159604;6084503;699327987
46;11;565877976;7216001;731817591
46;12;557027977;7033366;834620880
46;13;562651289;6877690;718710200
46;14;551511663;6986154;700340477
46;15;555735004;6537214;694063840
46;16;546934366;7075201;699251791
46;17;547543778;6938242;718801132
46;18;550032637;7108305;700846825
46;19;545555275;2503670;705026896
46;20;555010277;7473156;917866308
46;21;542341230;6903391;719415247
46;22;529568023;6716426;723249953
46;23;561101375;6232635;903829816
46;24;558110416;7108445;801428953
46;25;549123553;7681982;703630769


THREAD; REPETITION; AVERAGE; MIN; MAX (nanoseconds)
47;1;541530444;7286890;721652054
47;2;561177431;5840477;799555320
47;3;569032890;7093220;881313547
47;4;551497580;6383772;700405499
47;5;529162964;4126083;721517330
47;6;510865102;4962153;707731360
47;7;555086508;4349924;706021854
47;8;540521180;3941981;839105669
47;9;534267874;6667816;756441321
47;10;557622357;6722782;686662131
47;11;561151303;7297715;720444008
47;12;558172922;4941829;811818192
47;13;556178473;7634070;696570444
47;14;547600000;6582261;708432077
47;15;553943571;6523455;824892131
47;16;546595167;7653557;964738186
47;17;525664390;6769715;751984401
47;18;502632572;5876026;678089184
47;19;547855572;7588465;720603107
47;20;563191085;7202033;1317713774
47;21;531843776;6301988;789401725
47;22;516641624;6502153;688979256
47;23;545250590;7276903;688070830
47;24;559663124;6420649;835580500
47;25;544845116;5950617;912257004


THREAD; REPETITION; AVERAGE; MIN; MAX (nanoseconds)
48;1;522547782;7708731;688761770
48;2;518341291;4338121;684123471
48;3;566768023;6877270;819586568
48;4;562180347;6336560;908932351
48;5;470704963;6965201;682654150
48;6;512378998;7554452;690149027
48;7;553840413;6718172;1180113324
48;8;534811822;7150699;761428548
48;9;511022130;3935556;710433798
48;10;529206770;7348420;695753371
48;11;557116494;6583099;838049039
48;12;575526140;5722516;1185520645
48;13;531164934;2646705;679394518
48;14;509637720;7235627;683556848
48;15;517563025;4082991;684272582
48;16;547132275;7055087;914836313
48;17;516818904;4954400;708255239
48;18;527167299;7730103;690249529
48;19;547790533;7010808;1177937908
48;20;556625007;6363658;1383213370
48;21;515235915;3125328;711202541
48;22;524438323;7239468;693419764
48;23;552519352;4643258;933082975
48;24;536715807;7489360;754375486
48;25;490221936;7330611;721607425


THREAD; REPETITION; AVERAGE; MIN; MAX (nanoseconds)
49;1;484680437;6428401;666472205
49;2;552459390;7455068;695631986
49;3;562679271;6640299;839019274
49;4;488307756;2955613;732988410
49;5;497980888;7508077;674245889
49;6;527270083;6856668;695687720
49;7;560984154;4583473;912351081
49;8;495615954;3383601;942541091
49;9;524871969;6690795;819002066
49;10;527796245;7968890;681695997
49;11;532515553;6431404;712203366
49;12;487391481;7545373;854675454
49;13;510224151;7724864;687410760
49;14;508810062;6736540;719722618
49;15;557930895;8226255;832525014
49;16;528521363;7512407;755485544
49;17;486260267;4359353;693181605
49;18;492067547;6529461;680108924
49;19;560496427;7695601;992079720
49;20;544618521;5901378;955222103
49;21;471863993;7963931;679015140
49;22;497833828;7120458;702900578
49;23;552109999;6821328;833397960
49;24;538154660;7593423;792240913
49;25;458809305;6829150;686868653


THREAD; REPETITION; AVERAGE; MIN; MAX (nanoseconds)
50;1;502879059;6285646;713111373
50;2;539941798;4842794;738815199
50;3;553550593;6989855;882991135
50;4;452680785;6884534;753869836
50;5;483185178;6557119;673616270
50;6;547921283;7495925;948518247
50;7;536460796;5681658;771166796
50;8;512189224;7494249;1284215381
50;9;472890805;7489848;674190575
50;10;520755727;7301696;673259939
50;11;546866550;5487359;713369507
50;12;510195296;7442706;743968786
50;13;486632475;7109074;683736480
50;14;540764368;7256579;709324649
50;15;551524390;5391816;866165882
50;16;537380457;6871195;904173366
50;17;497737297;7014928;739526044
50;18;503290116;7371188;696406107
50;19;539315921;6755817;858237359
50;20;544385912;7530146;950150718
50;21;488804140;8431169;692950710
50;22;465335920;6873779;680377743
50;23;522173543;6986223;752276337
50;24;540033339;8174502;897369847
50;25;505872543;6946902;709079226


