THREAD; AVERAGE-REPETITIONS; MIN-REPETITIONS; MAX-REPETITIONS (nanoseconds)
1;16266532724;860447366;40454173510
2;924760363;3309719;1506790206
3;692295787;2815274;850678295
4;585745899;2468710;742465075
5;514156157;2380389;638009802
6;401827410;2299672;559808836
7;431119326;2255283;566145309
8;377344525;2230275;545970080
9;334634116;2249710;478968254
10;315129552;2252663;468280116
11;306976319;2285963;490132726
12;311778723;2338146;479568450
13;326631440;2411895;493286037
14;318053234;2472252;493864136
15;322488175;2566111;488186411
16;321877910;2670993;486449233
17;319535599;2711956;493693631
18;314739536;2837391;492038351
19;319268609;2897326;484510808
20;317092950;3026144;481938400
21;315572404;3146265;492424570
22;316610894;3093736;488133310
23;317214652;3197210;479415554
24;316742200;3430790;472073431
25;314345748;3549004;487786436
26;310532580;3571613;483564796
27;309025147;3868528;478912314
28;308370703;3607455;476071419
29;307145928;4077339;479465264
30;307827840;4325130;483445613
31;306936690;4539384;462878326
32;308539953;4784080;475562793
33;309343329;4887135;475797395
34;308530907;4608812;483727864
35;310237225;4819430;461361597
36;310965618;5248180;471862555
37;309925169;5297178;476219731
38;309508281;5493589;462185470
39;308002559;5340002;474990173
40;309086696;5900367;471509152
41;308163494;5507364;464819699
42;308187144;5554228;468385088
43;309952742;5725283;480271506
44;308051560;5925230;475237623
45;307962790;5851992;482599500
46;307817774;5913854;479648388
47;306826165;5997209;458925751
48;307915498;6332601;469596627
49;308006082;6049271;477866633
50;309241497;6093450;473876886
THREAD; REPETITION; AVERAGE; MIN; MAX (nanoseconds)
1;1;16599297494;959369487;43036240989
1;2;15604927013;289329440;32637981922
1;3;16538581165;1026099266;38353883384
1;4;15807739846;289770348;40692335618
1;5;15857868516;2542732736;41798809206
1;6;16932945956;2992122323;52592316971
1;7;15867178718;304026768;40280096283
1;8;15706341227;1822208619;40425502333
1;9;16597114910;319348618;43394921981
1;10;16073940660;303917677;38260137392
1;11;16118579864;301389492;30605293969
1;12;17179568534;305287892;42074432784
1;13;16199525781;2912352128;35203375290
1;14;16726302965;304426401;41147469860
1;15;15904466939;304682509;42217488745
1;16;15716933297;929612772;37924217254
1;17;16918587762;303243778;48406699316
1;18;15916652605;303833587;38552543620
1;19;16303890949;2552994026;41726053032
1;20;16765194298;303563372;42176858162
1;21;15789753797;289789345;42257286890
1;22;15839382443;303053531;40398776520
1;23;16099530032;301737581;40347336044
1;24;16127159621;304928839;40838770430
1;25;17471853725;941363637;36005509778


THREAD; REPETITION; AVERAGE; MIN; MAX (nanoseconds)
2;1;920176794;3259842;1156926928
2;2;913151023;3260330;1169411406
2;3;956516559;3482845;2015587387
2;4;916209949;3101232;1160625932
2;5;913364298;3235746;1507857284
2;6;911865369;3313410;1480938290
2;7;939370062;3268991;1895177739
2;8;949278633;3504355;2045028558
2;9;921408224;3376127;1680522804
2;10;938328008;3431930;1641781637
2;11;914544755;3229461;1474313076
2;12;921017583;3272343;1529861337
2;13;917883523;3305936;1477217496
2;14;922022625;3230090;1416793196
2;15;918077234;3088451;1392758298
2;16;935200429;3297137;1796293034
2;17;935131846;3317391;1910330922
2;18;912923862;3221429;1156214616
2;19;912730519;3450718;1173539584
2;20;916951177;3266407;1165636065
2;21;946097123;3301747;1719613736
2;22;932141358;3434794;1965943367
2;23;911916730;3303353;1004451195
2;24;928172910;3398057;1729105445
2;25;914528499;3390864;1003825835


THREAD; REPETITION; AVERAGE; MIN; MAX (nanoseconds)
3;1;673215303;2673944;775862924
3;2;699497623;2652921;813870129
3;3;682381587;2855531;888018519
3;4;689329633;2734356;841665212
3;5;680729030;2764667;801541327
3;6;676347315;2820331;791219415
3;7;677004422;2736730;909374655
3;8;682785176;2839327;804522433
3;9;700061259;2726813;919282688
3;10;684090180;2931727;790442849
3;11;705402928;2851968;803864039
3;12;704019808;2847848;957047474
3;13;686816538;2720527;974904771
3;14;706716126;2759289;936843439
3;15;695788577;2762083;796721092
3;16;695152591;2876623;791349948
3;17;680296653;2750000;945559142
3;18;683507739;2851061;879656213
3;19;705249702;2899531;831440239
3;20;703508877;2991931;826748302
3;21;689034863;2840724;803073715
3;22;710252047;2819283;890622900
3;23;702920368;2935848;871458733
3;24;700402736;2909168;834516677
3;25;692883616;2829619;787350557


THREAD; REPETITION; AVERAGE; MIN; MAX (nanoseconds)
4;1;594478548;2442209;721729927
4;2;600049280;2457575;851197429
4;3;603859601;2420629;861734243
4;4;586085987;2648171;745261129
4;5;587122515;2754750;752592368
4;6;582144357;2355327;692577968
4;7;581628248;2286463;802616604
4;8;578661046;2293239;692821992
4;9;590615428;2596629;787209268
4;10;587670985;2224584;684405281
4;11;576815339;2245746;682871776
4;12;592551846;2398140;814339602
4;13;584768153;2266070;806451378
4;14;570882350;2577214;741542221
4;15;588574517;2661232;697422019
4;16;581654922;2378165;684723826
4;17;582884858;2640769;706729906
4;18;586514481;2527766;725832962
4;19;584554292;2361823;712453818
4;20;584870168;2530140;679015768
4;21;578684128;2531467;687491776
4;22;585068817;2378724;760672237
4;23;583316548;2329346;763717106
4;24;585203496;2685956;796812444
4;25;584987580;2725626;709403849


THREAD; REPETITION; AVERAGE; MIN; MAX (nanoseconds)
5;1;510256202;2410083;590049923
5;2;512570905;2388362;596893390
5;3;517868083;2270959;673250441
5;4;518592417;2470845;689159167
5;5;514193811;2495010;603966705
5;6;511348917;2437042;590351986
5;7;515198071;2345969;637728258
5;8;516676761;2297219;677126632
5;9;514194133;2432362;683221192
5;10;514161957;2471683;604660439
5;11;502050582;2223956;590797084
5;12;519925195;2457016;668857564
5;13;520945387;2332699;653204737
5;14;517433411;2544597;635413928
5;15;509401410;2292051;608054236
5;16;511350349;2432083;608157391
5;17;517549418;2056267;668677024
5;18;516604174;2353790;682162468
5;19;515654958;2270679;660297678
5;20;513196682;2300921;620975641
5;21;503429863;2562476;604773582
5;22;505632372;2376698;615104783
5;23;517859387;2401004;641411268
5;24;520419986;2421956;706762661
5;25;517389517;2464000;639186894


THREAD; REPETITION; AVERAGE; MIN; MAX (nanoseconds)
6;1;403779136;2278781;531898468
6;2;399693610;2270191;543911656
6;3;399362700;2284299;563102015
6;4;391875292;2218438;567854224
6;5;403728130;2212432;540436285
6;6;410139322;2398629;599310038
6;7;399873267;2273404;571027463
6;8;392621824;2304203;536113528
6;9;404005704;2296382;614410980
6;10;412550046;2252242;577483311
6;11;411778324;2328299;567371970
6;12;396991284;2376560;566850256
6;13;398579982;2265651;534646722
6;14;396275887;2356166;548686635
6;15;399456090;2288698;502349949
6;16;402233827;2388013;556625424
6;17;401097717;2231149;500988603
6;18;394660972;2281924;531670506
6;19;399899757;2326482;617248700
6;20;406654891;2200768;527874841
6;21;410923049;2383473;535809300
6;22;412060276;2424540;550176489
6;23;387338959;2256013;525681965
6;24;404775367;2313492;696550050
6;25;405329850;2281575;587141522


THREAD; REPETITION; AVERAGE; MIN; MAX (nanoseconds)
7;1;418763479;2249657;539315542
7;2;418842105;2148318;517904022
7;3;429990917;2288349;553904128
7;4;447911635;2231079;547920476
7;5;432422341;2353581;688728875
7;6;431993984;2312375;589678017
7;7;440561896;2258457;540607466
7;8;422069959;2230032;519211520
7;9;449660211;2238623;548026495
7;10;437397734;2332140;538605047
7;11;426801973;2249867;535883472
7;12;431898840;2305321;532015591
7;13;430924452;2366223;667997748
7;14;431034245;2207892;633474226
7;15;437723933;2228146;568243660
7;16;421542658;2232407;532145496
7;17;417652242;2316216;533743186
7;18;428124338;2155651;526015457
7;19;455191653;2190850;704159607
7;20;417944497;2199232;611390833
7;21;414908282;2291702;573758187
7;22;429027102;2280248;551088407
7;23;430810357;2255873;532994627
7;24;437263801;2335912;535173045
7;25;437520521;2123943;531647598


THREAD; REPETITION; AVERAGE; MIN; MAX (nanoseconds)
8;1;395649841;2282273;548435765
8;2;360357458;2228426;470312638
8;3;365821430;2281784;507042376
8;4;371807973;2264045;490718653
8;5;389427362;2251194;745077028
8;6;389998634;2209359;517462695
8;7;373654059;2004724;498098781
8;8;378251561;2233315;713244351
8;9;379234405;2231359;632694239
8;10;381022987;2309162;536792107
8;11;382584859;2216692;535616538
8;12;376841589;2252102;495088133
8;13;375097692;2256572;584205325
8;14;377945321;2303155;518204758
8;15;364766030;2158235;500991676
8;16;383675858;2312096;598806343
8;17;377779842;2250146;483131795
8;18;379411326;2246794;586815712
8;19;378933090;2147270;480403795
8;20;383709794;2250006;577947267
8;21;379538652;2197207;526562105
8;22;378306765;2265232;519634060
8;23;372123767;2253429;527638917
8;24;359443117;2238972;519114999
8;25;378229723;2113327;535211948


THREAD; REPETITION; AVERAGE; MIN; MAX (nanoseconds)
9;1;342356057;2301340;464763817
9;2;336411557;2156210;446076177
9;3;324468974;2271239;433506074
9;4;331334319;2158235;464580484
9;5;330195571;2252381;524567508
9;6;349287015;2352953;467770764
9;7;353921323;2304902;479187159
9;8;344493697;2417625;512332224
9;9;327009711;2176254;518163551
9;10;329060224;2283251;493739288
9;11;319775277;2176184;506249188
9;12;340932335;2198394;467659367
9;13;335172253;2228844;468563603
9;14;323376896;2253987;441291701
9;15;322619977;2223048;515710936
9;16;338311245;2262998;492208646
9;17;339036997;2249657;458798535
9;18;333010036;2290585;516338809
9;19;325022011;2209638;437453293
9;20;335933370;2213201;459378357
9;21;343889297;2292679;458676941
9;22;343533725;2224724;463000745
9;23;344465566;2325225;483823154
9;24;328858499;2272356;463064300
9;25;323376974;2146851;537301738


THREAD; REPETITION; AVERAGE; MIN; MAX (nanoseconds)
10;1;317909276;2262508;464819062
10;2;322216432;2264604;483080321
10;3;321272142;2186591;468304562
10;4;320184937;2242045;443997840
10;5;312739942;2223816;472622149
10;6;316893625;2098940;471023831
10;7;326908080;2301061;483839567
10;8;322235974;2308534;494730545
10;9;316304773;2301131;446745676
10;10;304563172;2251753;466156103
10;11;307903481;2281715;423682968
10;12;302129619;2227238;519257056
10;13;318291517;2162845;419242599
10;14;321229461;2328439;443953561
10;15;314335495;2288001;468898771
10;16;306000127;2304273;449367308
10;17;319491152;2217111;526656530
10;18;314403571;2260064;419172688
10;19;314711161;2317613;498941136
10;20;316242376;2361124;443076914
10;21;308059458;2228425;467683323
10;22;314669526;2235060;596262165
10;23;328652761;2254127;455114407
10;24;316565145;2220463;478028981
10;25;294325611;2189105;402344851


THREAD; REPETITION; AVERAGE; MIN; MAX (nanoseconds)
11;1;295625246;2217810;470613095
11;2;305903345;2326274;536557439
11;3;321160258;2218997;474756358
11;4;310725496;2236458;449541771
11;5;304146253;2299804;448343784
11;6;300614541;2398280;522454949
11;7;303349079;2333048;439544691
11;8;314862156;2150692;534939706
11;9;308542634;2277315;430597115
11;10;306527270;2289537;451554108
11;11;302608350;2314959;563357494
11;12;306060742;2269632;531573566
11;13;310811144;2353023;623020105
11;14;315517901;2257201;475020918
11;15;305450229;2305460;505860522
11;16;302482166;2305111;451789962
11;17;300322596;2265162;417307787
11;18;311735400;2254896;523124238
11;19;309395342;2288070;440919865
11;20;304645648;2295055;476900067
11;21;304985311;2278363;615097729
11;22;301481769;2314889;474086092
11;23;310217033;2319568;517873641
11;24;308953569;2304832;456369035
11;25;308284519;2274661;422114123


THREAD; REPETITION; AVERAGE; MIN; MAX (nanoseconds)
12;1;309592850;2342127;477355781
12;2;303662315;2269004;433906195
12;3;311772480;2335702;641894710
12;4;317598250;2377398;477915210
12;5;319763409;2357074;499427721
12;6;309523659;2329975;448963556
12;7;306129304;2320756;444523047
12;8;312563093;2348832;488907179
12;9;317928717;2396184;434133110
12;10;327171858;2474686;462892630
12;11;306482419;2372439;514679589
12;12;311726750;2276337;508508135
12;13;319066126;2266839;518418611
12;14;312317672;2303994;486386468
12;15;312718005;2260971;475919914
12;16;302460737;2340941;440020309
12;17;303341075;2362521;425647813
12;18;312935933;2150902;497689022
12;19;312900631;2301620;470307050
12;20;314110970;2361193;452730445
12;21;309794545;2408686;470030409
12;22;307856714;2396813;506090788
12;23;309485071;2316775;510748083
12;24;313664925;2399676;472402708
12;25;309900573;2382217;429712784


THREAD; REPETITION; AVERAGE; MIN; MAX (nanoseconds)
13;1;319322453;2433968;482755839
13;2;321095984;2461835;576958384
13;3;322677214;2385010;487088652
13;4;324745754;2490890;470063863
13;5;329326022;2398978;455614680
13;6;319563298;2398000;443826310
13;7;330931121;2407289;503693976
13;8;320752575;2435715;461527723
13;9;330641901;2492565;546249105
13;10;328465602;2329555;481966353
13;11;326694685;2481670;448768559
13;12;313899002;2345620;486439198
13;13;329772786;2380191;567905209
13;14;329935008;2434876;518059279
13;15;333271473;2308324;506101055
13;16;327243272;2490330;458872427
13;17;322984987;2357493;573193381
13;18;316998240;2448565;440511014
13;19;328790230;2331511;478221394
13;20;349293098;2463512;510793551
13;21;327848959;2451778;468290803
13;22;326082595;2257060;464278281
13;23;318253160;2429568;545508228
13;24;327692247;2448705;487231129
13;25;339504353;2434388;468232555


THREAD; REPETITION; AVERAGE; MIN; MAX (nanoseconds)
14;1;324164094;2577214;512818738
14;2;315653734;2487817;456291861
14;3;311826901;2476572;515995259
14;4;315870265;2482647;591498361
14;5;323422087;2475035;463267399
14;6;324201194;2342755;505208972
14;7;313428909;2400305;449549803
14;8;315129195;2540546;599060985
14;9;314570652;2574979;524822359
14;10;327611820;2664515;487443516
14;11;327445407;2305600;494046240
14;12;314167322;2447727;473726340
14;13;310327145;2470915;549062172
14;14;312944821;2588248;432719592
14;15;323367586;2410502;561252966
14;16;335044554;2356794;476841051
14;17;322041203;2614508;473076676
14;18;309790587;2501994;434444252
14;19;313834824;2505556;527586258
14;20;322200031;2438369;489274266
14;21;325542199;2475734;508614922
14;22;312029149;2387105;438842856
14;23;314981184;2507861;451502356
14;24;311904685;2406381;473193870
14;25;309831312;2366641;456462344


THREAD; REPETITION; AVERAGE; MIN; MAX (nanoseconds)
15;1;330764423;2811600;501697981
15;2;320079827;2773188;457648318
15;3;322490440;2697060;467015291
15;4;311813562;2418953;513189107
15;5;323772135;2548578;598389320
15;6;326842194;2504159;502260622
15;7;320100051;2577213;450327206
15;8;317781234;2619747;469120447
15;9;322141092;2584407;544848717
15;10;315109288;2432432;452144825
15;11;335036793;2607245;516342789
15;12;325193694;2562058;481564417
15;13;323953153;2641747;467533025
15;14;318341053;2723461;479095807
15;15;326737607;2459950;482227699
15;16;333793990;2720387;482118258
15;17;332642526;2689728;470816193
15;18;320055556;2434387;448021606
15;19;314660312;2526229;496266635
15;20;321391530;2627499;563049494
15;21;328395534;2625613;535950309
15;22;323491551;2151460;473550131
15;23;319499122;2525530;457400312
15;24;310329352;2450871;454168616
15;25;317788358;2439277;439913173


THREAD; REPETITION; AVERAGE; MIN; MAX (nanoseconds)
16;1;324379882;2590203;474564505
16;2;320390160;2751467;483139338
16;3;322091004;2806782;462716979
16;4;315885988;2567226;441940945
16;5;320736058;2674502;490428253
16;6;320969672;2612552;653867181
16;7;324856953;2799937;590191910
16;8;320730466;2732051;440051878
16;9;313438161;2596699;453665620
16;10;315670957;2507442;488981561
16;11;326115749;2630152;486725407
16;12;327601704;2732331;535617934
16;13;322469684;2692940;451914629
16;14;317281324;2631270;466597780
16;15;316775702;2625822;484901992
16;16;322077071;2842261;522770702
16;17;327701803;2791417;484605655
16;18;325460226;2718083;478226562
16;19;322604117;2595652;504409499
16;20;314568054;2636857;448963695
16;21;324744223;2572813;453651302
16;22;334442446;2507302;541915383
16;23;328673859;2799378;463826408
16;24;322571034;2841283;440306310
16;25;314711473;2518407;417249399


THREAD; REPETITION; AVERAGE; MIN; MAX (nanoseconds)
17;1;316628283;2669055;574536080
17;2;329926067;2969302;464615684
17;3;325297510;2791276;468609000
17;4;325521801;2958197;481373541
17;5;322639970;2317683;489500341
17;6;310365854;2675270;516892301
17;7;314343661;2756775;454990858
17;8;327217445;2836254;559028242
17;9;313656705;2585943;457436141
17;10;312680412;2523854;454350343
17;11;312916837;2906863;558743430
17;12;323398410;2688470;572377564
17;13;328697190;2842331;520304466
17;14;320318427;2908959;488013490
17;15;325322174;2969512;485620030
17;16;306261987;2618489;463498783
17;17;314339956;2622191;510142909
17;18;322428572;2529651;489644354
17;19;322922205;2736172;446058298
17;20;325635463;2786457;454361518
17;21;314148903;2681836;503112407
17;22;309785139;2518896;429137014
17;23;318453131;2574349;535350791
17;24;321229665;2712984;463498503
17;25;324254213;2618140;501144698


THREAD; REPETITION; AVERAGE; MIN; MAX (nanoseconds)
18;1;302982455;2737010;422200726
18;2;307869191;3069175;490743167
18;3;316529514;2875086;518753152
18;4;312929471;2979289;459798243
18;5;318274747;2681067;444601549
18;6;316389679;2728909;455191162
18;7;316531448;2462743;567456409
18;8;318053852;2972515;525325006
18;9;320761122;2576584;455532966
18;10;310629163;2789530;444434279
18;11;310691358;2864819;553908457
18;12;314622009;2964343;511473665
18;13;324060990;3032508;550833765
18;14;324178255;2771022;482539401
18;15;317420234;3176731;442555478
18;16;308842227;2715289;568222497
18;17;310287541;2837511;436562607
18;18;314840946;3188604;538797389
18;19;318880150;3056674;471610428
18;20;314523102;3014978;459542064
18;21;305612253;2509047;419381374
18;22;317416665;2922718;625096277
18;23;318472448;2816838;552577632
18;24;319332367;2805385;461815538
18;25;308357236;2386406;442005548


THREAD; REPETITION; AVERAGE; MIN; MAX (nanoseconds)
19;1;321244074;2993397;456851150
19;2;319464717;3022800;542450856
19;3;314593106;2666051;442196913
19;4;323691732;2623797;484114881
19;5;310873376;2744273;460814852
19;6;311515749;3039353;444988399
19;7;314110582;2935778;576439813
19;8;321553632;2773048;449980864
19;9;330067459;2947442;469617368
19;10;328010318;3094388;437038297
19;11;317471246;2723251;428054613
19;12;320542468;2927397;615657996
19;13;317814262;2772699;550246470
19;14;322204244;3099486;487963904
19;15;327623439;2874179;456282223
19;16;314886198;2872572;455192001
19;17;315933211;2963715;587490519
19;18;320738366;2944090;451665086
19;19;317899208;3138807;443358513
19;20;312547139;2985156;436891280
19;21;319883579;2858184;431053249
19;22;314972128;2618350;437401192
19;23;319449549;3060445;607401080
19;24;326745921;2780172;478116912
19;25;317879540;2974330;481501769


THREAD; REPETITION; AVERAGE; MIN; MAX (nanoseconds)
20;1;321394092;3096832;446471828
20;2;312664218;2896667;496681771
20;3;316653193;2940807;567599304
20;4;317751257;2876692;543657154
20;5;319742154;3210953;470231412
20;6;314067513;3218286;433108049
20;7;315844410;2579797;550707632
20;8;314986334;3253906;473826143
20;9;324152916;3153125;477575571
20;10;316297477;3185601;451559486
20;11;317921380;3090686;429965890
20;12;316051086;3031670;454628242
20;13;312830900;2781080;510028160
20;14;317511936;2824801;456855062
20;15;322298369;3130426;480698175
20;16;318958004;2991162;454339797
20;17;314443635;2901765;445050418
20;18;310584538;3158641;431632511
20;19;319180328;3372426;465498688
20;20;323114646;2989207;456325944
20;21;324539936;2791416;492347492
20;22;311598495;2920623;433420379
20;23;313709646;2946813;561574516
20;24;311004841;3028947;459017557
20;25;320022451;3281283;605658820


THREAD; REPETITION; AVERAGE; MIN; MAX (nanoseconds)
21;1;315939736;3153263;448570558
21;2;317598077;3025734;461561176
21;3;312525130;3044381;451901848
21;4;316271917;2842749;573142746
21;5;314256221;3200267;506099169
21;6;316244324;3141600;508240782
21;7;314122663;3232953;421547082
21;8;314051763;3254673;458049976
21;9;314365381;3179455;460787823
21;10;321240916;2825709;698710939
21;11;320449064;3208089;470017418
21;12;314468527;3360483;441987809
21;13;306668209;3386953;416728383
21;14;313162790;2944159;505637449
21;15;313548837;3404623;470142504
21;16;325735756;3213327;573366307
21;17;314059492;3313690;465526275
21;18;310945861;3320883;439100640
21;19;314325801;2826057;617493773
21;20;314474936;3016026;496637911
21;21;313495914;2871176;451024991
21;22;323699610;3171003;514817455
21;23;313204087;3389048;423999349
21;24;309637332;3230718;425368098
21;25;324817764;3099626;610153805


THREAD; REPETITION; AVERAGE; MIN; MAX (nanoseconds)
22;1;319195629;3278769;549929041
22;2;317022780;2833530;476052892
22;3;312327332;2764877;427240334
22;4;312042539;3058699;467611247
22;5;321149683;3122394;460901315
22;6;316375138;3174845;564890929
22;7;326235585;3502261;671766384
22;8;317874548;3222546;472764136
22;9;311360598;3147467;450128997
22;10;313166208;3302166;553714439
22;11;322984112;3124908;482770227
22;12;322203118;3070153;486418455
22;13;317394702;3126725;448609809
22;14;313551362;3230438;421619647
22;15;312058445;2921949;435510030
22;16;314961412;2788414;576211013
22;17;313100685;3486826;540656564
22;18;322659857;3658775;467951095
22;19;315598529;3357340;451262032
22;20;308353936;3092293;439768043
22;21;313739394;2588457;476671336
22;22;319473024;3403086;464349031
22;23;311249333;2374185;440967916
22;24;316345410;2945346;457713201
22;25;324848991;2766972;517854644


THREAD; REPETITION; AVERAGE; MIN; MAX (nanoseconds)
23;1;313038821;2922648;431819128
23;2;323170567;3200197;634756233
23;3;318299615;3502750;461871690
23;4;307850569;3013442;456630522
23;5;309496272;3412096;443741034
23;6;315595519;3167861;516081444
23;7;326624947;3432839;481416283
23;8;326293184;3458261;467556631
23;9;314550701;3214724;459475995
23;10;311890156;2272356;454190966
23;11;314335384;3137340;461188084
23;12;320345187;3474255;527062029
23;13;321195057;3556807;480957147
23;14;312293146;3032229;460576344
23;15;313213936;3061562;451624299
23;16;316815928;2190502;452737079
23;17;324175690;3455886;519606682
23;18;324948039;3410280;460840624
23;19;316658195;3049549;468621501
23;20;313651034;3348540;438317370
23;21;311033609;3167860;543406565
23;22;317025887;3052622;500168317
23;23;317589177;3237981;480604727
23;24;319816915;3371168;453085029
23;25;320458777;3786515;479053134


THREAD; REPETITION; AVERAGE; MIN; MAX (nanoseconds)
24;1;316406859;3124769;501402901
24;2;313836652;3080908;517792276
24;3;320506786;3110940;499034863
24;4;317553092;3462800;458761379
24;5;316564194;3456235;439781802
24;6;313754646;3008833;466338249
24;7;314461485;3425855;544647644
24;8;319579274;3431722;459577683
24;9;319431678;3579854;437206824
24;10;318365594;3932204;452418673
24;11;309458782;3253626;516941050
24;12;315135842;3147886;453284007
24;13;323944943;3498280;445755257
24;14;320414300;3621131;454115467
24;15;321321110;4048908;499602114
24;16;310900098;3109892;428332931
24;17;315242485;3220940;454676222
24;18;312925589;3416426;473892492
24;19;319384484;3590749;504044578
24;20;311864615;3562533;446036787
24;21;322115667;3518813;487047796
24;22;316960946;3547518;456833411
24;23;318799092;3365861;475133711
24;24;313199475;3628045;471386028
24;25;316427330;3625041;457791633


THREAD; REPETITION; AVERAGE; MIN; MAX (nanoseconds)
25;1;309032380;3143137;458425233
25;2;310042582;3466641;498001632
25;3;314872793;3656191;445836203
25;4;325078953;3556598;540974761
25;5;315009223;3682172;465681113
25;6;314045059;3321302;478949699
25;7;315836477;3265220;526480600
25;8;310404082;2769905;485128696
25;9;321358222;3472857;530559749
25;10;312791463;3631537;455019213
25;11;311510950;3784629;463475945
25;12;309711749;3545632;478429382
25;13;313929923;3523772;452910845
25;14;316993016;3820597;476673502
25;15;314076368;3947429;484674239
25;16;314467759;3606673;444433859
25;17;311800875;3526216;540768240
25;18;309056989;3507499;464506662
25;19;317711364;3944356;533529122
25;20;309875208;3909366;445384958
25;21;314771778;3521397;478153089
25;22;310795449;3659683;471908650
25;23;310848647;3025175;533585903
25;24;319466262;3590471;588575503
25;25;325156137;3846648;452594115


THREAD; REPETITION; AVERAGE; MIN; MAX (nanoseconds)
26;1;310542150;4026489;438644925
26;2;309113473;3463569;519034682
26;3;308988594;3731899;455973385
26;4;316890084;3610514;574253153
26;5;322196494;3579016;462529595
26;6;308930367;4121962;444834539
26;7;311693414;3467969;449624603
26;8;308694197;3041658;665492193
26;9;312427198;3908388;495279358
26;10;313085428;3637054;452548019
26;11;305290842;3705220;410672655
26;12;307733273;2979010;427259959
26;13;306148720;3418312;571882669
26;14;308429205;3318648;509324369
26;15;315993380;4002464;479020798
26;16;310669831;3784141;423566822
26;17;308371816;2972724;462443760
26;18;307243280;3762140;489238018
26;19;309169806;3312362;504575512
26;20;315741314;3608629;563997729
26;21;309776107;2946534;432240131
26;22;306711041;3572731;420322345
26;23;302483987;3657449;433978829
26;24;306239198;3599200;459041373
26;25;320751325;4062248;543340494


THREAD; REPETITION; AVERAGE; MIN; MAX (nanoseconds)
27;1;315130200;4100312;528839490
27;2;300752313;4057010;417949208
27;3;303363963;3693137;480323617
27;4;308045413;3838267;512419736
27;5;315658707;3875213;544811841
27;6;309354969;3790286;439564665
27;7;304601374;3871861;470107304
27;8;298818776;3652210;502201397
27;9;312940381;3411816;498218140
27;10;316597714;4465233;440810844
27;11;309548268;4296845;458048509
27;12;310472976;3948547;461164477
27;13;301009473;4054845;433561598
27;14;311559548;4123848;611148763
27;15;315814675;4105969;440957998
27;16;315869852;3924941;456755397
27;17;302599904;2816978;472584225
27;18;310986186;3773105;488722379
27;19;312025583;3442546;514619106
27;20;313404546;4113302;505687524
27;21;313805246;3670090;469453660
27;22;302530667;3768705;445923644
27;23;299185919;3971874;475627698
27;24;299746664;3809493;430067369
27;25;321805361;4136769;473239266


THREAD; REPETITION; AVERAGE; MIN; MAX (nanoseconds)
28;1;314293409;4020204;490320976
28;2;302255698;3923404;456910306
28;3;309200512;3959861;464013792
28;4;306699328;3560299;507272014
28;5;310645846;4242159;449259612
28;6;309524108;2459670;469623304
28;7;299562361;4024953;416321767
28;8;298881942;4031448;612183182
28;9;309624741;3750965;552051518
28;10;310574387;4025721;445636526
28;11;311084359;2970419;469801050
28;12;307427695;3722261;439703370
28;13;306128732;3568261;439202189
28;14;303832121;3958464;522699673
28;15;319883410;3983677;469339678
28;16;313575392;3763817;468318949
28;17;314361999;2277105;450854718
28;18;306092786;3847905;502849175
28;19;306804401;4057779;488807935
28;20;311783484;2394788;498720787
28;21;315814298;3907829;483209458
28;22;306234374;4347829;429336969
28;23;296506835;3740560;417835228
28;24;307865027;2553607;470488498
28;25;310610331;3093409;487024817


THREAD; REPETITION; AVERAGE; MIN; MAX (nanoseconds)
29;1;312404327;4451055;479585883
29;2;304911668;4395112;445520240
29;3;301806513;3550242;480635738
29;4;303963067;4403423;601331104
29;5;308263415;4504902;460084452
29;6;307533653;4654292;444503701
29;7;308176470;2460858;480416156
29;8;303608499;4256686;480636365
29;9;295668272;3058909;464048014
29;10;306343163;4046464;536884786
29;11;318477100;4465721;488665877
29;12;307082838;4154578;446348907
29;13;302899208;4213873;437667986
29;14;300835846;4250750;444302908
29;15;310976745;4532210;477384416
29;16;310864597;4321499;481112613
29;17;303627128;4270934;442053739
29;18;306782954;4235035;437643611
29;19;298418730;4156883;452859721
29;20;304101786;3542629;502076102
29;21;324454254;4176508;545299333
29;22;316124472;3491156;470595425
29;23;314173819;4817372;503076369
29;24;300805281;3014629;426777775
29;25;306344413;4507765;557120388


THREAD; REPETITION; AVERAGE; MIN; MAX (nanoseconds)
30;1;310567457;4187055;494394190
30;2;317392307;4793417;448056037
30;3;307745454;4398324;459511335
30;4;304867892;4223023;426154092
30;5;301316028;4399722;545174107
30;6;297352260;4530534;511047773
30;7;308245524;4114210;608615271
30;8;303163570;4714705;423658873
30;9;309535405;4277150;477451883
30;10;305121973;2983829;501470997
30;11;301473594;4538216;445452983
30;12;308292001;4474312;559046890
30;13;315007620;2781918;461276153
30;14;303838130;4633271;482967458
30;15;302081432;4351949;436767173
30;16;297050742;4492400;481097249
30;17;315004261;4324433;543768063
30;18;316938845;2885492;448050241
30;19;311299801;4547156;427888321
30;20;304121601;4774211;431078112
30;21;310266586;4648077;671276447
30;22;321302659;4596883;473113692
30;23;316344020;5025919;472959133
30;24;307967053;4969975;429215445
30;25;299399797;4462089;426648429


THREAD; REPETITION; AVERAGE; MIN; MAX (nanoseconds)
31;1;312321479;3162413;515292097
31;2;309523195;5115315;501326076
31;3;310329762;3663385;454973817
31;4;311291677;3852095;422370441
31;5;312861364;4700388;427076276
31;6;305034247;4806616;491557167
31;7;309645853;5138432;432469630
31;8;310024923;5033670;431597103
31;9;303866999;5082001;437114912
31;10;305189409;4827080;503459657
31;11;297640415;2606826;429634702
31;12;309769854;5166928;498575447
31;13;315156440;4864515;499062451
31;14;302331559;5143530;433995662
31;15;307223003;2520991;450490286
31;16;304739900;4750255;513222561
31;17;301324633;4752908;408008560
31;18;306981164;5053087;434930557
31;19;304379761;4710515;578929375
31;20;305170707;4572578;470625526
31;21;302262693;4591296;423754764
31;22;304699076;4952934;469956517
31;23;310631658;4890287;468776060
31;24;302959309;4775258;428044067
31;25;308058178;4751302;446714457


THREAD; REPETITION; AVERAGE; MIN; MAX (nanoseconds)
32;1;303357720;5255207;520244612
32;2;304749457;3209905;487065815
32;3;312843420;5411512;445694005
32;4;313589977;4605683;452328159
32;5;304770314;5044985;421311996
32;6;313919990;5043309;531980392
32;7;321789796;5291385;564240358
32;8;312654592;5198496;502189943
32;9;317167265;5426039;501350381
32;10;305209936;5133543;438091224
32;11;312937843;5119575;436881643
32;12;304602385;4807803;464262358
32;13;314967775;5288661;469021272
32;14;312713595;3061911;450399213
32;15;313790986;5275811;472083812
32;16;301531821;5320718;544541974
32;17;299283113;5076343;502577702
32;18;304357806;3053111;424950238
32;19;313524279;5232509;444907523
32;20;302839244;2509118;440168723
32;21;295131304;4996864;403062540
32;22;306748030;4674407;603492762
32;23;305298943;5188509;451456540
32;24;313042454;5279303;462383488
32;25;302676791;5097296;454383169


THREAD; REPETITION; AVERAGE; MIN; MAX (nanoseconds)
33;1;299951523;5193467;445647142
33;2;307488755;3075391;540914627
33;3;303635610;3026153;521052745
33;4;311196074;5454255;455450413
33;5;314036071;3887505;467466395
33;6;300344028;5292712;433072709
33;7;309165544;5112172;498533753
33;8;314700374;5181734;506603214
33;9;312638126;5164483;423848212
33;10;307708045;5396706;495218945
33;11;303897650;5406134;428215318
33;12;310252748;5348585;487067630
33;13;304023996;5437842;516449228
33;14;323412024;5397194;517927069
33;15;310466852;5189346;428654410
33;16;303478718;5254788;430296727
33;17;304406247;4998959;499642902
33;18;306112514;2878369;499643670
33;19;316386021;5014324;528861908
33;20;313721484;5322325;430699712
33;21;310308572;4788947;438176849
33;22;313882399;5162109;431318925
33;23;307261892;4816045;520561202
33;24;311506893;5112312;490808609
33;25;313601067;5266521;458802585


THREAD; REPETITION; AVERAGE; MIN; MAX (nanoseconds)
34;1;322536755;5544210;439588551
34;2;297136076;5503074;411141569
34;3;306305200;5361436;477827070
34;4;305051700;2730864;628321197
34;5;304103449;3031600;433804995
34;6;311292172;2425099;501877613
34;7;308011386;5506496;453483613
34;8;301628385;5378547;481892811
34;9;304122340;5391747;433982112
34;10;306420062;4739988;540434189
34;11;311996745;3008204;435150417
34;12;303575783;5519836;430022531
34;13;302007193;5396566;446346812
34;14;308689842;3657168;545450050
34;15;310048023;5316318;432292652
34;16;319795316;2841143;449959423
34;17;310922804;5525982;437744322
34;18;307352598;4784756;566630046
34;19;310130146;5559994;471007977
34;20;324624433;5682706;590708247
34;21;309710633;2418464;431185738
34;22;310568139;5295436;473180530
34;23;304589526;3524959;545106851
34;24;300064232;5342439;562226973
34;25;312589741;5733271;473830333


THREAD; REPETITION; AVERAGE; MIN; MAX (nanoseconds)
35;1;315047606;4286718;431867039
35;2;310543153;3731270;447091111
35;3;305953882;5591074;435497528
35;4;309229993;5478839;465369620
35;5;315094810;5634725;430433477
35;6;317339423;5782020;480263553
35;7;311308849;6041690;440992430
35;8;301643376;2413994;426006378
35;9;317367887;5560343;525076860
35;10;313432536;5431137;465379259
35;11;308798264;4597861;443721479
35;12;313001924;2726045;484298493
35;13;303048238;3911880;442980393
35;14;301679881;5687804;475182251
35;15;307455836;3415937;533814214
35;16;329879881;3236514;450560407
35;17;313987554;4914032;432885814
35;18;309963182;5529195;437427383
35;19;312442832;3777854;483092963
35;20;312936658;5572217;575779952
35;21;311856918;5917372;464801741
35;22;310575082;4968229;436455821
35;23;307883730;5427924;442588933
35;24;293535551;5403271;396152653
35;25;301923583;5447829;486320189


THREAD; REPETITION; AVERAGE; MIN; MAX (nanoseconds)
36;1;312492202;5733410;430300289
36;2;319944138;4066857;462596293
36;3;307974735;5493925;426736498
36;4;299871774;6065435;400769232
36;5;314071827;5522211;579870276
36;6;315545570;5710083;585360709
36;7;319291844;4855855;449247530
36;8;313359606;6214267;463233246
36;9;301597755;5635632;423476867
36;10;305866469;3571194;599240476
36;11;315596248;5865200;520060441
36;12;311917038;5945658;455019492
36;13;313550685;5094013;451143022
36;14;304711123;5168464;427277979
36;15;303081887;2648102;432668327
36;16;311789868;5849277;553980464
36;17;312230527;6095956;534500614
36;18;306081669;6036591;432152829
36;19;310008215;3565816;434871611
36;20;303166183;4176648;456213150
36;21;323951681;5562369;445601117
36;22;322136867;5592261;432663928
36;23;307006321;5567118;441741549
36;24;307848473;5649531;412488599
36;25;311047766;5518649;545349339


THREAD; REPETITION; AVERAGE; MIN; MAX (nanoseconds)
37;1;305780135;5714902;581581109
37;2;324163052;6574578;499813035
37;3;309759702;6196738;443979123
37;4;305929562;5798991;461968840
37;5;302210300;4671892;450312191
37;6;308222744;5876795;527776644
37;7;310482162;2932006;430106410
37;8;307644375;6094629;467631501
37;9;305595278;5907734;449689904
37;10;313971589;2953448;521084174
37;11;319007789;6112719;526151927
37;12;318481761;6093163;565932612
37;13;315872587;2566039;437591580
37;14;317539303;5935461;448217092
37;15;307644074;5626623;467853876
37;16;307776804;3256629;571682644
37;17;307947353;4252007;566097088
37;18;310839769;6184655;431352169
37;19;314007060;5627322;464515951
37;20;294565512;5980718;396912317
37;21;305520650;6074655;440637777
37;22;310186482;4698991;460488414
37;23;306066083;5908851;425635242
37;24;314493134;5720210;426156816
37;25;304421979;5669715;442324863


THREAD; REPETITION; AVERAGE; MIN; MAX (nanoseconds)
38;1;307358971;5658750;434664601
38;2;306298706;6005093;529434467
38;3;316346338;6232496;429375661
38;4;305769074;5387626;441463720
38;5;311122160;3661429;486321376
38;6;304302880;5958369;447457707
38;7;309226069;5732153;512234935
38;8;326199900;4999797;460963195
38;9;318107462;4948115;466780205
38;10;300937452;6302896;440890952
38;11;303320365;5607417;476588435
38;12;308569499;4507766;432899991
38;13;312608297;6382165;505825182
38;14;309295568;5393493;452918737
38;15;305240167;6035823;415332186
38;16;305811309;5421429;510906414
38;17;305656966;6135207;483083814
38;18;306366756;6119702;451798133
38;19;306482778;4501131;421325057
38;20;306213759;6205468;424963368
38;21;304853208;5617264;477119439
38;22;311849374;5984141;477895165
38;23;313879506;4825753;440302888
38;24;315863643;3285753;493737263
38;25;316026821;6430496;440353872


THREAD; REPETITION; AVERAGE; MIN; MAX (nanoseconds)
39;1;304320555;5725099;450666914
39;2;308254839;4909144;507601734
39;3;306386164;5914649;446612209
39;4;314306089;4974934;498575168
39;5;308200342;6488534;462182415
39;6;305461351;6144915;432414944
39;7;301352903;6036451;455058465
39;8;305302685;5849417;611426173
39;9;311474670;5856470;513089233
39;10;307568183;5767353;468023869
39;11;314322855;6081849;461705189
39;12;308615000;2936896;574848899
39;13;312559773;6175785;551505289
39;14;316357316;6770413;497614222
39;15;316730848;3611841;427402575
39;16;306847326;5763022;415844682
39;17;307205103;4603448;467820840
39;18;301563581;2968394;501511016
39;19;311812847;5874350;429782416
39;20;307154797;3548426;449218895
39;21;303165360;5782090;452216902
39;22;301657650;5892997;449099606
39;23;301142942;4770509;427971712
39;24;306343224;4729861;454042622
39;25;311957583;6323220;468518346


THREAD; REPETITION; AVERAGE; MIN; MAX (nanoseconds)
40;1;311575518;5939791;430342404
40;2;302643801;6337048;492596895
40;3;303651631;6292629;597205162
40;4;309925960;3371658;518567584
40;5;311696073;6474706;441070653
40;6;304027662;6095467;425129171
40;7;297054466;5649671;411803665
40;8;303622195;5606997;540632329
40;9;311924022;6545455;460467672
40;10;318688590;6428680;460676986
40;11;313571963;6238223;484461363
40;12;312900980;3810819;448998825
40;13;302554380;5500699;482990994
40;14;312725470;5857728;469796511
40;15;312264646;6209798;458862299
40;16;309646689;6146103;457759366
40;17;307803650;5651486;434564798
40;18;307277691;6172363;464444363
40;19;308368168;5819035;557444591
40;20;306127952;6342845;422550701
40;21;318971388;6619906;481399801
40;22;313027147;6502503;437012316
40;23;307927949;5830559;439185986
40;24;310376523;6407589;502882559
40;25;308812897;5657423;466881825


THREAD; REPETITION; AVERAGE; MIN; MAX (nanoseconds)
41;1;315692048;6874268;448817307
41;2;314927603;4750674;445418971
41;3;304254427;3680636;463728909
41;4;307747999;5751639;567257500
41;5;315585840;3241473;462634287
41;6;303908805;5729568;424998708
41;7;308413618;6007258;437969141
41;8;309345351;6477988;447174781
41;9;303393110;6402211;440807142
41;10;304802177;5543931;430925788
41;11;304935115;6749740;431456930
41;12;308376442;4126153;460016846
41;13;303809097;3993105;488223643
41;14;302342718;3393518;517749462
41;15;309505183;5045264;504104363
41;16;309736068;6678573;442503796
41;17;301458809;6112020;449967664
41;18;299471966;6484065;420375634
41;19;304988033;6078705;424533146
41;20;309389513;3366769;492112196
41;21;322193599;6716217;509258789
41;22;304130726;5494204;423278028
41;23;305695691;6589524;449040730
41;24;313809429;6259385;530994023
41;25;316174002;6137233;507144693


THREAD; REPETITION; AVERAGE; MIN; MAX (nanoseconds)
42;1;309948096;7046147;442377662
42;2;309050253;6535468;425806213
42;3;306400632;5257931;433575147
42;4;308932766;6403746;439549929
42;5;310257889;2582032;523424137
42;6;319066920;4594020;532447629
42;7;312706308;6187937;465599609
42;8;311304726;3353010;445213288
42;9;304871188;6365055;489888519
42;10;303892595;6136534;438453351
42;11;311332080;5008877;556680458
42;12;309170915;6082267;445336768
42;13;304689867;5932179;424885216
42;14;301276671;5468362;422623127
42;15;313327184;4572090;622794168
42;16;314849991;4396997;570964467
42;17;311735902;6223417;426758010
42;18;311450395;7143575;478944810
42;19;300347734;6429169;453395543
42;20;296324696;6088762;451338927
42;21;301241864;2361403;436483687
42;22;313496432;6407239;445594133
42;23;309319556;6893962;427826582
42;24;303394191;5990706;440643085
42;25;306289756;5394820;469022739


THREAD; REPETITION; AVERAGE; MIN; MAX (nanoseconds)
43;1;306222145;6829360;544488545
43;2;311584094;5717138;432310322
43;3;309732740;7057112;461081506
43;4;311645863;6461785;424704607
43;5;317386360;6608801;460086059
43;6;304622765;3907410;579716487
43;7;316128744;5510617;530975166
43;8;314290550;3312432;430079592
43;9;308752063;6845563;458695658
43;10;307773663;6361283;540100208
43;11;306050124;3136782;568140225
43;12;311093497;7261048;448040393
43;13;306551762;6980566;491575187
43;14;311098335;6679341;438664481
43;15;299387664;4638648;402589016
43;16;309090463;6766363;525717863
43;17;313626971;6981753;519824517
43;18;317094072;5614122;455290058
43;19;308890992;6540077;433718112
43;20;305050358;3113874;417577583
43;21;308605061;5749614;433472271
43;22;309470094;5858426;459794331
43;23;322869366;6662438;699194590
43;24;307520954;2256293;427645133
43;25;304279874;6281245;423305755


THREAD; REPETITION; AVERAGE; MIN; MAX (nanoseconds)
44;1;306344363;6540147;582322474
44;2;302091979;5721817;420404479
44;3;311774104;6821328;434723199
44;4;309101528;6218667;404853340
44;5;311180416;6268325;434345426
44;6;301513624;4462858;522491545
44;7;307923110;6221600;483007756
44;8;314124370;6626262;494535478
44;9;308427247;6022623;435877255
44;10;305402471;5673906;434740309
44;11;297173450;6934750;429339622
44;12;309872333;6218738;650150438
44;13;310068352;2574559;569830454
44;14;314033005;7262865;427732785
44;15;309281850;7081137;440936139
44;16;299509823;4267092;437758989
44;17;311189154;6704553;555554058
44;18;315886313;4167290;565783221
44;19;312410860;5207435;440367561
44;20;306475778;5990287;429397800
44;21;301870617;6444254;460625862
44;22;307823517;4664210;520720930
44;23;310382247;6259385;446611510
44;24;309684179;7340109;427425762
44;25;307744332;6436572;431404201


THREAD; REPETITION; AVERAGE; MIN; MAX (nanoseconds)
45;1;307446913;5421150;418928244
45;2;319202506;6711887;555105747
45;3;312186076;6589734;677950689
45;4;314958834;6817906;431780925
45;5;318129406;2969442;451218731
45;6;295282033;6952839;395161466
45;7;305013343;3206553;594316177
45;8;307035761;6233613;492809492
45;9;310434921;5854445;426660442
45;10;304339183;6597835;444678025
45;11;307403438;5793264;416512852
45;12;309393886;7184991;551440686
45;13;310008816;6684159;529233185
45;14;315367296;6481480;507903658
45;15;308797277;7301417;473067317
45;16;309837120;2665073;444901237
45;17;304147714;6742267;492574615
45;18;304435243;6365753;440778647
45;19;304682853;6683741;481830023
45;20;306144412;7187506;446443542
45;21;307569048;6124032;421091088
45;22;300798410;6273423;415920738
45;23;304359982;4084039;585989979
45;24;305056800;3245664;430993953
45;25;307038496;6127595;537696062


THREAD; REPETITION; AVERAGE; MIN; MAX (nanoseconds)
46;1;305031767;6673962;420670992
46;2;299924436;6873918;406053214
46;3;300996371;5382039;444924914
46;4;303837593;6229982;538142767
46;5;315039240;6871613;464612612
46;6;304633370;7150629;417026745
46;7;302003625;3054578;431107445
46;8;301661374;6862045;490639383
46;9;301992997;2848546;497474609
46;10;321322276;6502223;554871010
46;11;315470272;6618718;422253248
46;12;309604544;3466782;449375339
46;13;307342284;6947112;492187066
46;14;314057973;6754420;591552628
46;15;312936943;6766503;576405940
46;16;308782839;3492413;452900508
46;17;307390071;6703855;434934188
46;18;313701511;2526090;540557599
46;19;307978256;6628496;494115384
46;20;318683499;7491175;510125239
46;21;309002235;6250026;486149008
46;22;303207773;7213766;410531436
46;23;300184711;6088553;487658906
46;24;303671948;6280757;522987419
46;25;306986450;6168172;453952108


THREAD; REPETITION; AVERAGE; MIN; MAX (nanoseconds)
47;1;310108040;6236477;436127846
47;2;306747228;7031341;411025074
47;3;302991241;7180522;416246408
47;4;312272319;6883836;483964164
47;5;307605155;2879207;583025287
47;6;309781628;6616832;466026618
47;7;305511179;7052992;428157420
47;8;299111511;3632375;422147648
47;9;300499375;6633664;448640609
47;10;303331421;6546922;421693749
47;11;312464064;4173366;499836432
47;12;310845474;6963036;418193234
47;13;306221801;6375252;447195943
47;14;299336369;6093931;599552318
47;15;306346637;5598757;475102423
47;16;311073048;7256788;463970700
47;17;311857620;7301277;442272551
47;18;306699504;2427543;439127040
47;19;302932450;6981544;461176840
47;20;308560728;7607251;481802925
47;21;309190805;2792324;469572529
47;22;312456278;6268255;447991854
47;23;305551224;6686115;415699830
47;24;304376451;5823016;423073672
47;25;304782588;6887607;471520682


THREAD; REPETITION; AVERAGE; MIN; MAX (nanoseconds)
48;1;314146678;6583937;554350204
48;2;307923204;3673860;415386942
48;3;312164526;6762102;448213740
48;4;299283085;6236407;418191628
48;5;300955990;5746122;462376154
48;6;305553324;7073176;503163181
48;7;308885269;5920795;556618089
48;8;310710285;6391664;455235581
48;9;307574294;3032369;432497776
48;10;302146520;7049500;561966186
48;11;305192693;5561112;475321375
48;12;309913251;6662788;502387105
48;13;316586978;8135601;454774419
48;14;303139252;4783080;438050366
48;15;299490605;6731512;427129844
48;16;307238630;6238014;479008506
48;17;309411853;6556560;500767067
48;18;312339752;6698198;444610069
48;19;314076914;7435512;444425688
48;20;305655117;7462890;424634416
48;21;312244881;7268311;448713384
48;22;306213533;7051804;503229321
48;23;316184008;7274598;508394852
48;24;307418457;5600014;448814235
48;25;303438362;6385099;431655560


THREAD; REPETITION; AVERAGE; MIN; MAX (nanoseconds)
49;1;302560465;7140013;460374712
49;2;307636702;6475684;510171195
49;3;308099922;2967067;524501508
49;4;310078139;6841442;453308730
49;5;310322361;7440122;469956936
49;6;302096936;7405690;473301146
49;7;307445033;7327887;525455539
49;8;313551111;7389626;544551821
49;9;317408375;7482306;462165373
49;10;307749051;7425525;417897666
49;11;301583177;3686851;423517165
49;12;308418704;6012985;525548010
49;13;308541801;5901937;460416198
49;14;313571217;7919722;428631223
49;15;305181792;2732610;436749154
49;16;303945121;7229690;407289963
49;17;306730602;7392071;654923321
49;18;311991924;5085632;514384999
49;19;309587675;7538039;435709357
49;20;304455690;3432838;421248860
49;21;301636669;4937080;558804192
49;22;304195684;3207950;460893284
49;23;309326731;6331671;502850083
49;24;310540710;5880985;439977078
49;25;313496458;6046369;434038334


THREAD; REPETITION; AVERAGE; MIN; MAX (nanoseconds)
50;1;308176014;7304839;473130804
50;2;303135004;7366928;506800446
50;3;314317906;3730642;436111084
50;4;319194237;5621873;457515760
50;5;308062914;3068616;413178421
50;6;298634922;6903321;414863690
50;7;309653298;2706769;473818809
50;8;311619496;7366928;455855283
50;9;319717241;7424826;439398722
50;10;317171741;7504376;459160103
50;11;307746451;6268674;495487136
50;12;308296912;6311208;550987416
50;13;304823984;7762090;537849434
50;14;315210104;7724724;559076573
50;15;313431846;7107537;432918360
50;16;306153727;2382076;425965800
50;17;299972383;6627100;523509552
50;18;307932643;6724109;548434089
50;19;316416149;8310274;462018776
50;20;318194256;7560948;489978056
50;21;303472250;6663486;457757200
50;22;302626570;6703017;527885109
50;23;300537311;2976845;421666161
50;24;309330630;6831664;465614764
50;25;307209453;3383391;417940618


