THREAD; AVERAGE-REPETITIONS; MIN-REPETITIONS; MAX-REPETITIONS (nanoseconds)
1;0;0;0
2;0;0;0
3;0;0;0
4;10449314383;10362747905;10534664961
5;27795314326;25180073394;31542696560
6;25229033058;22302232638;29206152463
7;17851634566;15868646372;20143208111
8;14322873497;13705268552;14872916502
9;15683949373;13913493080;17778385062
10;13185090233;10837187019;16448597517
11;11046235952;10509200434;11594592254
12;9958975469;9080668291;10951407905
13;5268633757;4927217791;5558269123
14;3287153975;3185329177;3490743513
15;1944547005;1915479833;1991982791
16;0;0;0
17;1528620073;1528620073;1528620073
18;0;0;0
19;892196214;861629005;922763423
20;1670911409;1670911409;1670911409
21;0;0;0
22;818677264;585984587;954904067
23;938188469;884755906;984976895
24;2844663296;1970576662;3709945900
25;4289463396;3545387067;5058343180
26;5154900901;3386802953;6971462199
27;5329994895;4075626338;6142518213
28;12304572572;9720476976;15086214731
29;10540691257;8856961929;12175772451
30;10196795351;8105583941;12361845804
31;10668193705;7870915582;13348215013
32;12418956842;10338446352;13607091490
33;13794061747;10377550945;17404588574
34;10915032437;9236998386;12301346911
35;13457802841;11295833945;15717888748
36;12789390959;10243945004;15151248113
37;13480611561;11147504520;15972718292
38;15921683082;14249893358;18285147514
39;15530892884;12842816922;17857458400
40;12622155487;11191328531;14634304756
41;15257711008;13754761993;16477014626
42;16665997073;14597794144;19516176150
43;16817245065;14554625666;18527210150
44;20712980665;18910512746;23041389025
45;12314911608;11970070838;13038250442
46;13189256409;12064357880;14169072362
47;16967045083;15149879037;18596026087
48;12137980634;11117892950;13252618816
49;10287652517;9064872401;12036606940
50;14401539988;13754054666;15662462600
THREAD; REPETITION; AVERAGE; MIN; MAX (nanoseconds)
1;1;0;0;0
1;2;0;0;0
1;3;0;0;0
1;4;0;0;0
1;5;0;0;0
1;6;0;0;0
1;7;0;0;0
1;8;0;0;0
1;9;0;0;0
1;10;0;0;0
1;11;0;0;0
1;12;0;0;0
1;13;0;0;0
1;14;0;0;0
1;15;0;0;0
1;16;0;0;0
1;17;0;0;0
1;18;0;0;0
1;19;0;0;0
1;20;0;0;0
1;21;0;0;0
1;22;0;0;0
1;23;0;0;0
1;24;0;0;0
1;25;0;0;0


THREAD; REPETITION; AVERAGE; MIN; MAX (nanoseconds)
2;1;0;0;0
2;2;0;0;0
2;3;0;0;0
2;4;0;0;0
2;5;0;0;0
2;6;0;0;0
2;7;0;0;0
2;8;0;0;0
2;9;0;0;0
2;10;0;0;0
2;11;0;0;0
2;12;0;0;0
2;13;0;0;0
2;14;0;0;0
2;15;0;0;0
2;16;0;0;0
2;17;0;0;0
2;18;0;0;0
2;19;0;0;0
2;20;0;0;0
2;21;0;0;0
2;22;0;0;0
2;23;0;0;0
2;24;0;0;0
2;25;0;0;0


THREAD; REPETITION; AVERAGE; MIN; MAX (nanoseconds)
3;1;0;0;0
3;2;0;0;0
3;3;0;0;0
3;4;0;0;0
3;5;0;0;0
3;6;0;0;0
3;7;0;0;0
3;8;0;0;0
3;9;0;0;0
3;10;0;0;0
3;11;0;0;0
3;12;0;0;0
3;13;0;0;0
3;14;0;0;0
3;15;0;0;0
3;16;0;0;0
3;17;0;0;0
3;18;0;0;0
3;19;0;0;0
3;20;0;0;0
3;21;0;0;0
3;22;0;0;0
3;23;0;0;0
3;24;0;0;0
3;25;0;0;0


THREAD; REPETITION; AVERAGE; MIN; MAX (nanoseconds)
4;1;0;0;0
4;2;57600543853;57600543853;57600543853
4;3;0;0;0
4;4;0;0;0
4;5;40854003582;40854003582;40854003582
4;6;0;0;0
4;7;0;0;0
4;8;0;0;0
4;9;0;0;0
4;10;0;0;0
4;11;0;0;0
4;12;0;0;0
4;13;43288423133;42144671320;44401777461
4;14;0;0;0
4;15;0;0;0
4;16;43051340463;42030930327;44071750599
4;17;0;0;0
4;18;0;0;0
4;19;0;0;0
4;20;34929650976;34929650976;34929650976
4;21;0;0;0
4;22;0;0;0
4;23;0;0;0
4;24;41508897569;41508897569;41508897569
4;25;0;0;0


THREAD; REPETITION; AVERAGE; MIN; MAX (nanoseconds)
5;1;36350070260;36350070260;36350070260
5;2;38041968776;30343737193;45740200360
5;3;30213083366;28946025961;31480140772
5;4;43171428562;43171428562;43171428562
5;5;26428551371;23088085567;28104239715
5;6;29817306773;29814877030;29819736517
5;7;28141490608;28141490608;28141490608
5;8;40986020151;40986020151;40986020151
5;9;28338280371;16243825961;43764897983
5;10;0;0;0
5;11;29521739425;29521739425;29521739425
5;12;29445056180;29444596240;29445516120
5;13;27672083149;25118719349;30225446949
5;14;32920138523;32920138523;32920138523
5;15;26833965245;25974276758;27693653732
5;16;31969459735;22298717644;56056132554
5;17;33645201182;23474522390;46409138033
5;18;29295084955;29289020114;29301149797
5;19;22356646795;22356646795;22356646795
5;20;34445468255;29407733524;41083075292
5;21;29557805164;29547724641;29567656783
5;22;29546691549;29545164958;29548218140
5;23;36185317774;23517273215;56880676944
5;24;0;0;0
5;25;0;0;0


THREAD; REPETITION; AVERAGE; MIN; MAX (nanoseconds)
6;1;26283965629;25880554232;26687377027
6;2;25805341391;25804288185;25806394598
6;3;31273950963;21120854536;47697921593
6;4;28232605149;25262692675;36227166372
6;5;27243843631;27243843631;27243843631
6;6;27955507106;20407272432;36803202851
6;7;27811685703;21085757687;36603439054
6;8;33570492990;29538668112;39506368547
6;9;26276887496;26276887496;26276887496
6;10;21332884382;21332726576;21333042189
6;11;25720567418;25720567418;25720567418
6;12;21319825285;15729117738;26910532833
6;13;31817554535;26445042387;37190066684
6;14;17253466199;14809856769;21236128195
6;15;32031002660;28247831987;38788306684
6;16;37363180376;37363180376;37363180376
6;17;25368210206;25368210206;25368210206
6;18;23972090289;20748667777;28856950604
6;19;26203595429;26203595429;26203595429
6;20;25492812704;25492812704;25492812704
6;21;25847910186;25359215347;26804702553
6;22;0;0;0
6;23;38495278415;25917739545;51072817286
6;24;24053168331;16196432716;34960297258
6;25;0;0;0


THREAD; REPETITION; AVERAGE; MIN; MAX (nanoseconds)
7;1;22328964068;12592504773;34728359960
7;2;19919650612;19919650612;19919650612
7;3;23804000160;23804000160;23804000160
7;4;27168388021;20737419491;33599356552
7;5;18537810776;18537276525;18538345028
7;6;17760486545;12243460691;19607430623
7;7;18626450149;18626450149;18626450149
7;8;16612577506;15557341296;18634597064
7;9;32055473042;32055473042;32055473042
7;10;0;0;0
7;11;18490899053;18490899053;18490899053
7;12;17577919074;12191165357;20276511819
7;13;20047580977;20047580977;20047580977
7;14;0;0;0
7;15;20096379776;19604466978;20349420875
7;16;19998541655;17909390020;28124342619
7;17;25270963592;19375432142;31718875583
7;18;0;0;0
7;19;20967425713;20966065170;20968786257
7;20;23817378978;20490987682;25486029300
7;21;20833655348;17473948644;24985400170
7;22;18289495976;17941671846;18637320106
7;23;0;0;0
7;24;19124155095;18147756140;20100554051
7;25;24962668044;20003218566;34880818792


THREAD; REPETITION; AVERAGE; MIN; MAX (nanoseconds)
8;1;0;0;0
8;2;56518829977;56518829977;56518829977
8;3;0;0;0
8;4;24605157569;24605157569;24605157569
8;5;0;0;0
8;6;24949763028;24949763028;24949763028
8;7;0;0;0
8;8;20287357716;20286794830;20287920602
8;9;19093912355;19092430253;19095394457
8;10;0;0;0
8;11;18360117907;18360117907;18360117907
8;12;0;0;0
8;13;0;0;0
8;14;20496857526;20485249801;20508465252
8;15;24730475451;24730475451;24730475451
8;16;19527817991;18347486203;20128726696
8;17;0;0;0
8;18;26981987270;20633127534;33330847007
8;19;23444984069;20755282794;26134685344
8;20;0;0;0
8;21;19038020073;16504464254;20461950472
8;22;0;0;0
8;23;18510444973;18510444973;18510444973
8;24;23097960879;20423938587;25771983171
8;25;18428150645;18428150645;18428150645


THREAD; REPETITION; AVERAGE; MIN; MAX (nanoseconds)
9;1;18973007742;18973007742;18973007742
9;2;31368173957;18919133507;49983865687
9;3;29899549244;29899549244;29899549244
9;4;20968568142;20968537132;20968599152
9;5;20376649476;20376649476;20376649476
9;6;22279720641;18979180873;25580260410
9;7;25474563318;25468879914;25480246722
9;8;0;0;0
9;9;0;0;0
9;10;0;0;0
9;11;0;0;0
9;12;23258645443;23258645443;23258645443
9;13;21358564869;19776168759;24521395876
9;14;18491549764;18491549764;18491549764
9;15;20088456179;17640841992;22536070366
9;16;20154184772;19801564515;20859203753
9;17;0;0;0
9;18;0;0;0
9;19;24460282696;22261841170;26658724223
9;20;0;0;0
9;21;38286689509;18810451398;57762927620
9;22;0;0;0
9;23;23120382828;20671580326;25569185330
9;24;0;0;0
9;25;33539745763;33539745763;33539745763


THREAD; REPETITION; AVERAGE; MIN; MAX (nanoseconds)
10;1;36751254280;19037817097;54464691463
10;2;0;0;0
10;3;22677599387;22677508315;22677690460
10;4;0;0;0
10;5;43745856212;28931174702;58560537722
10;6;25475237006;25475237006;25475237006
10;7;0;0;0
10;8;28622724769;24787382056;36288027249
10;9;24423551317;24423551317;24423551317
10;10;30948284349;30948284349;30948284349
10;11;18894952687;11494264634;25445197713
10;12;0;0;0
10;13;0;0;0
10;14;28425464671;18230934239;58957994592
10;15;0;0;0
10;16;0;0;0
10;17;0;0;0
10;18;0;0;0
10;19;0;0;0
10;20;22030583950;18903101651;25158066249
10;21;26840557389;26840557389;26840557389
10;22;20791189824;19179862734;21975102421
10;23;0;0;0
10;24;0;0;0
10;25;0;0;0


THREAD; REPETITION; AVERAGE; MIN; MAX (nanoseconds)
11;1;16703496231;11996767047;22043281618
11;2;0;0;0
11;3;0;0;0
11;4;0;0;0
11;5;56424305254;56424305254;56424305254
11;6;28606868936;28312174871;29193586266
11;7;0;0;0
11;8;0;0;0
11;9;25767754700;19292711923;29997458616
11;10;0;0;0
11;11;0;0;0
11;12;25494122368;25494122368;25494122368
11;13;0;0;0
11;14;19984548106;19984548106;19984548106
11;15;0;0;0
11;16;0;0;0
11;17;25374412600;25374412600;25374412600
11;18;0;0;0
11;19;30249076629;30249076629;30249076629
11;20;24950351092;23000929168;28503051994
11;21;0;0;0
11;22;0;0;0
11;23;22600962902;22600962902;22600962902
11;24;0;0;0
11;25;0;0;0


THREAD; REPETITION; AVERAGE; MIN; MAX (nanoseconds)
12;1;19376513453;13840598037;23067119843
12;2;25124562829;25124562829;25124562829
12;3;0;0;0
12;4;0;0;0
12;5;59945679409;59945679409;59945679409
12;6;0;0;0
12;7;0;0;0
12;8;0;0;0
12;9;0;0;0
12;10;0;0;0
12;11;0;0;0
12;12;41234708217;27179590632;55289825802
12;13;25748785670;25748785670;25748785670
12;14;0;0;0
12;15;0;0;0
12;16;0;0;0
12;17;27583176860;25220882822;34643911377
12;18;0;0;0
12;19;26656956924;26652604520;26661309328
12;20;23304003372;23304003372;23304003372
12;21;0;0;0
12;22;0;0;0
12;23;0;0;0
12;24;0;0;0
12;25;0;0;0


THREAD; REPETITION; AVERAGE; MIN; MAX (nanoseconds)
13;1;0;0;0
13;2;0;0;0
13;3;0;0;0
13;4;0;0;0
13;5;28783484877;27985675344;29581294411
13;6;0;0;0
13;7;0;0;0
13;8;0;0;0
13;9;26187042976;26187042976;26187042976
13;10;0;0;0
13;11;26043305608;22990066405;29096544812
13;12;23348654961;21615959710;25081350213
13;13;0;0;0
13;14;0;0;0
13;15;0;0;0
13;16;27353355524;24401700355;29010495678
13;17;0;0;0
13;18;0;0;0
13;19;0;0;0
13;20;0;0;0
13;21;0;0;0
13;22;0;0;0
13;23;0;0;0
13;24;0;0;0
13;25;0;0;0


THREAD; REPETITION; AVERAGE; MIN; MAX (nanoseconds)
14;1;0;0;0
14;2;23909028522;23909028522;23909028522
14;3;0;0;0
14;4;30469108690;27923488739;35558847144
14;5;0;0;0
14;6;0;0;0
14;7;0;0;0
14;8;0;0;0
14;9;0;0;0
14;10;0;0;0
14;11;0;0;0
14;12;0;0;0
14;13;0;0;0
14;14;0;0;0
14;15;0;0;0
14;16;0;0;0
14;17;0;0;0
14;18;0;0;0
14;19;0;0;0
14;20;0;0;0
14;21;0;0;0
14;22;0;0;0
14;23;0;0;0
14;24;27800712171;27800712171;27800712171
14;25;0;0;0


THREAD; REPETITION; AVERAGE; MIN; MAX (nanoseconds)
15;1;0;0;0
15;2;24549286012;23822606714;25735180659
15;3;0;0;0
15;4;0;0;0
15;5;0;0;0
15;6;0;0;0
15;7;0;0;0
15;8;0;0;0
15;9;0;0;0
15;10;0;0;0
15;11;0;0;0
15;12;0;0;0
15;13;0;0;0
15;14;0;0;0
15;15;0;0;0
15;16;0;0;0
15;17;0;0;0
15;18;24064389119;24064389119;24064389119
15;19;0;0;0
15;20;0;0;0
15;21;0;0;0
15;22;0;0;0
15;23;0;0;0
15;24;0;0;0
15;25;0;0;0


THREAD; REPETITION; AVERAGE; MIN; MAX (nanoseconds)
16;1;0;0;0
16;2;0;0;0
16;3;0;0;0
16;4;0;0;0
16;5;0;0;0
16;6;0;0;0
16;7;0;0;0
16;8;0;0;0
16;9;0;0;0
16;10;0;0;0
16;11;0;0;0
16;12;0;0;0
16;13;0;0;0
16;14;0;0;0
16;15;0;0;0
16;16;0;0;0
16;17;0;0;0
16;18;0;0;0
16;19;0;0;0
16;20;0;0;0
16;21;0;0;0
16;22;0;0;0
16;23;0;0;0
16;24;0;0;0
16;25;0;0;0


THREAD; REPETITION; AVERAGE; MIN; MAX (nanoseconds)
17;1;0;0;0
17;2;0;0;0
17;3;0;0;0
17;4;0;0;0
17;5;0;0;0
17;6;0;0;0
17;7;0;0;0
17;8;0;0;0
17;9;0;0;0
17;10;0;0;0
17;11;0;0;0
17;12;0;0;0
17;13;0;0;0
17;14;0;0;0
17;15;0;0;0
17;16;0;0;0
17;17;0;0;0
17;18;0;0;0
17;19;0;0;0
17;20;0;0;0
17;21;0;0;0
17;22;0;0;0
17;23;0;0;0
17;24;0;0;0
17;25;38215501831;38215501831;38215501831


THREAD; REPETITION; AVERAGE; MIN; MAX (nanoseconds)
18;1;0;0;0
18;2;0;0;0
18;3;0;0;0
18;4;0;0;0
18;5;0;0;0
18;6;0;0;0
18;7;0;0;0
18;8;0;0;0
18;9;0;0;0
18;10;0;0;0
18;11;0;0;0
18;12;0;0;0
18;13;0;0;0
18;14;0;0;0
18;15;0;0;0
18;16;0;0;0
18;17;0;0;0
18;18;0;0;0
18;19;0;0;0
18;20;0;0;0
18;21;0;0;0
18;22;0;0;0
18;23;0;0;0
18;24;0;0;0
18;25;0;0;0


THREAD; REPETITION; AVERAGE; MIN; MAX (nanoseconds)
19;1;0;0;0
19;2;0;0;0
19;3;0;0;0
19;4;0;0;0
19;5;0;0;0
19;6;0;0;0
19;7;0;0;0
19;8;0;0;0
19;9;0;0;0
19;10;0;0;0
19;11;0;0;0
19;12;0;0;0
19;13;0;0;0
19;14;0;0;0
19;15;0;0;0
19;16;0;0;0
19;17;0;0;0
19;18;0;0;0
19;19;0;0;0
19;20;22304905371;21540725147;23069085596
19;21;0;0;0
19;22;0;0;0
19;23;0;0;0
19;24;0;0;0
19;25;0;0;0


THREAD; REPETITION; AVERAGE; MIN; MAX (nanoseconds)
20;1;0;0;0
20;2;0;0;0
20;3;0;0;0
20;4;0;0;0
20;5;0;0;0
20;6;0;0;0
20;7;0;0;0
20;8;0;0;0
20;9;0;0;0
20;10;0;0;0
20;11;0;0;0
20;12;0;0;0
20;13;0;0;0
20;14;0;0;0
20;15;0;0;0
20;16;41772785229;41772785229;41772785229
20;17;0;0;0
20;18;0;0;0
20;19;0;0;0
20;20;0;0;0
20;21;0;0;0
20;22;0;0;0
20;23;0;0;0
20;24;0;0;0
20;25;0;0;0


THREAD; REPETITION; AVERAGE; MIN; MAX (nanoseconds)
21;1;0;0;0
21;2;0;0;0
21;3;0;0;0
21;4;0;0;0
21;5;0;0;0
21;6;0;0;0
21;7;0;0;0
21;8;0;0;0
21;9;0;0;0
21;10;0;0;0
21;11;0;0;0
21;12;0;0;0
21;13;0;0;0
21;14;0;0;0
21;15;0;0;0
21;16;0;0;0
21;17;0;0;0
21;18;0;0;0
21;19;0;0;0
21;20;0;0;0
21;21;0;0;0
21;22;0;0;0
21;23;0;0;0
21;24;0;0;0
21;25;0;0;0


THREAD; REPETITION; AVERAGE; MIN; MAX (nanoseconds)
22;1;0;0;0
22;2;0;0;0
22;3;0;0;0
22;4;0;0;0
22;5;0;0;0
22;6;0;0;0
22;7;0;0;0
22;8;0;0;0
22;9;0;0;0
22;10;0;0;0
22;11;0;0;0
22;12;0;0;0
22;13;0;0;0
22;14;0;0;0
22;15;0;0;0
22;16;0;0;0
22;17;0;0;0
22;18;0;0;0
22;19;0;0;0
22;20;0;0;0
22;21;0;0;0
22;22;0;0;0
22;23;20466931621;14649614685;23872601685
22;24;0;0;0
22;25;0;0;0


THREAD; REPETITION; AVERAGE; MIN; MAX (nanoseconds)
23;1;23454711725;22118897653;24624422378
23;2;0;0;0
23;3;0;0;0
23;4;0;0;0
23;5;0;0;0
23;6;0;0;0
23;7;0;0;0
23;8;0;0;0
23;9;0;0;0
23;10;0;0;0
23;11;0;0;0
23;12;0;0;0
23;13;0;0;0
23;14;0;0;0
23;15;0;0;0
23;16;0;0;0
23;17;0;0;0
23;18;0;0;0
23;19;0;0;0
23;20;0;0;0
23;21;0;0;0
23;22;0;0;0
23;23;0;0;0
23;24;0;0;0
23;25;0;0;0


THREAD; REPETITION; AVERAGE; MIN; MAX (nanoseconds)
24;1;0;0;0
24;2;0;0;0
24;3;0;0;0
24;4;0;0;0
24;5;0;0;0
24;6;0;0;0
24;7;0;0;0
24;8;0;0;0
24;9;0;0;0
24;10;20956182650;12508319214;32831409229
24;11;0;0;0
24;12;0;0;0
24;13;0;0;0
24;14;0;0;0
24;15;30412607049;21988858919;36342323815
24;16;0;0;0
24;17;0;0;0
24;18;0;0;0
24;19;0;0;0
24;20;19747792713;14767238434;23574914479
24;21;0;0;0
24;22;0;0;0
24;23;0;0;0
24;24;0;0;0
24;25;0;0;0


THREAD; REPETITION; AVERAGE; MIN; MAX (nanoseconds)
25;1;19340820118;11743954539;22559219957
25;2;0;0;0
25;3;0;0;0
25;4;0;0;0
25;5;0;0;0
25;6;0;0;0
25;7;0;0;0
25;8;0;0;0
25;9;0;0;0
25;10;0;0;0
25;11;17007180067;12085049915;21667707068
25;12;0;0;0
25;13;0;0;0
25;14;0;0;0
25;15;0;0;0
25;16;0;0;0
25;17;0;0;0
25;18;0;0;0
25;19;22068733554;21769235964;23250105320
25;20;24393001066;23607144623;25960564821
25;21;24426850102;19429291642;33020982346
25;22;0;0;0
25;23;0;0;0
25;24;0;0;0
25;25;0;0;0


THREAD; REPETITION; AVERAGE; MIN; MAX (nanoseconds)
26;1;19158766407;12182443928;24437149344
26;2;0;0;0
26;3;0;0;0
26;4;0;0;0
26;5;0;0;0
26;6;0;0;0
26;7;0;0;0
26;8;0;0;0
26;9;22286011932;13166720141;23817211057
26;10;24511929505;21227159317;34852016876
26;11;0;0;0
26;12;0;0;0
26;13;0;0;0
26;14;22737035939;13242252996;33570119596
26;15;0;0;0
26;16;0;0;0
26;17;0;0;0
26;18;0;0;0
26;19;0;0;0
26;20;21986809626;12346938926;35714670370
26;21;0;0;0
26;22;0;0;0
26;23;18191969126;12504558541;21895387752
26;24;0;0;0
26;25;0;0;0


THREAD; REPETITION; AVERAGE; MIN; MAX (nanoseconds)
27;1;0;0;0
27;2;0;0;0
27;3;0;0;0
27;4;0;0;0
27;5;0;0;0
27;6;0;0;0
27;7;20951206299;20951206299;20951206299
27;8;23115121003;13557000192;35599608121
27;9;0;0;0
27;10;0;0;0
27;11;0;0;0
27;12;0;0;0
27;13;0;0;0
27;14;0;0;0
27;15;0;0;0
27;16;0;0;0
27;17;22336300982;22331772264;22340572195
27;18;21339266824;6952567575;24915430592
27;19;21076884189;13856234382;25230251889
27;20;0;0;0
27;21;0;0;0
27;22;0;0;0
27;23;24431093081;24241877739;24525886251
27;24;0;0;0
27;25;0;0;0


THREAD; REPETITION; AVERAGE; MIN; MAX (nanoseconds)
28;1;33622956898;33622956898;33622956898
28;2;0;0;0
28;3;0;0;0
28;4;0;0;0
28;5;16304694288;12015333583;21070824435
28;6;0;0;0
28;7;0;0;0
28;8;21535706792;21527148632;21553678680
28;9;21226570866;11988771618;34947146844
28;10;28079884629;21178008308;34981760950
28;11;0;0;0
28;12;18769707689;12232424303;21675959584
28;13;17886040427;7213360985;21271454752
28;14;23334061777;13624323273;43783982392
28;15;35337896088;35337896088;35337896088
28;16;22937091316;22924938994;22945524012
28;17;21635321018;7466231532;29939032405
28;18;0;0;0
28;19;0;0;0
28;20;23949928771;21393522012;32523251908
28;21;0;0;0
28;22;22994453764;22487008195;23501899334
28;23;0;0;0
28;24;0;0;0
28;25;0;0;0


THREAD; REPETITION; AVERAGE; MIN; MAX (nanoseconds)
29;1;24105876236;24105876236;24105876236
29;2;0;0;0
29;3;0;0;0
29;4;0;0;0
29;5;0;0;0
29;6;0;0;0
29;7;0;0;0
29;8;19487484736;7006305690;24318663056
29;9;27167276706;20697754463;40103831003
29;10;25440082915;25140017517;26636434170
29;11;22264585024;22264585024;22264585024
29;12;0;0;0
29;13;23683458058;23014099767;24352816349
29;14;20623195153;18905628858;22420072663
29;15;23001043988;23001043988;23001043988
29;16;0;0;0
29;17;0;0;0
29;18;20593340044;12242210044;30473723127
29;19;0;0;0
29;20;0;0;0
29;21;19969757294;18042203059;21897311530
29;22;20923488157;14842949453;24465942040
29;23;0;0;0
29;24;0;0;0
29;25;16257693121;12161374141;20354012102


THREAD; REPETITION; AVERAGE; MIN; MAX (nanoseconds)
30;1;21984626398;12584838366;34617954377
30;2;27763278293;23362604186;32163952401
30;3;0;0;0
30;4;21556733595;19473782282;23233217630
30;5;0;0;0
30;6;23623984551;14352728629;30023904085
30;7;0;0;0
30;8;0;0;0
30;9;31347509949;31347509949;31347509949
30;10;19272439246;12135571770;24953499817
30;11;0;0;0
30;12;23346447767;22904884140;24222610974
30;13;0;0;0
30;14;0;0;0
30;15;21729463522;21729463522;21729463522
30;16;0;0;0
30;17;0;0;0
30;18;0;0;0
30;19;0;0;0
30;20;0;0;0
30;21;18444801207;11810130198;21359046471
30;22;19774956813;11777110848;32664200268
30;23;0;0;0
30;24;26075642449;21160974650;32730785617
30;25;0;0;0


THREAD; REPETITION; AVERAGE; MIN; MAX (nanoseconds)
31;1;0;0;0
31;2;21326686799;21123766288;21560113576
31;3;0;0;0
31;4;19523519952;12220707450;35503035511
31;5;15374345459;11930599629;22191654735
31;6;0;0;0
31;7;0;0;0
31;8;0;0;0
31;9;0;0;0
31;10;17071730090;11884326011;20703143277
31;11;19429454539;12435182475;21188583815
31;12;22933678887;12635116264;35905074807
31;13;19641259523;17357922934;21391981732
31;14;0;0;0
31;15;19330683509;13750319036;24152718153
31;16;0;0;0
31;17;0;0;0
31;18;20449960399;12645629891;22258470211
31;19;16538853029;12530758029;23114985843
31;20;0;0;0
31;21;0;0;0
31;22;20850745800;20840961072;20875988289
31;23;20094779259;12571159393;21610341817
31;24;18123250604;12714231138;21917258618
31;25;16015894781;12132209960;21332024950


THREAD; REPETITION; AVERAGE; MIN; MAX (nanoseconds)
32;1;22999016809;21362769430;24635264189
32;2;0;0;0
32;3;20830642373;20830642373;20830642373
32;4;19220170587;12382446861;20344802970
32;5;14029632659;12653379619;15482186283
32;6;0;0;0
32;7;0;0;0
32;8;19887161089;17668318459;21511386783
32;9;0;0;0
32;10;14392576081;7344289847;21440862316
32;11;19859953546;13233667826;21199222806
32;12;17077451166;12182547782;21779576663
32;13;18797541034;5793062107;21216738161
32;14;0;0;0
32;15;24901054638;24805860381;24996248895
32;16;22741689377;22741395555;22741983199
32;17;0;0;0
32;18;0;0;0
32;19;0;0;0
32;20;53328199464;53328199464;53328199464
32;21;0;0;0
32;22;0;0;0
32;23;21012002021;12741941085;29269150758
32;24;21396830218;21392638030;21401022407
32;25;0;0;0


THREAD; REPETITION; AVERAGE; MIN; MAX (nanoseconds)
33;1;0;0;0
33;2;21711391042;12310443856;33230029864
33;3;21596375202;21593039059;21599711346
33;4;24289886401;19804127689;32287616304
33;5;0;0;0
33;6;17177987066;11481370957;21602953937
33;7;0;0;0
33;8;21515399885;20780287299;22302541454
33;9;20610033975;12582017197;35675036003
33;10;0;0;0
33;11;0;0;0
33;12;21171867618;21142505332;21201229905
33;13;20662629724;12217495030;33488396850
33;14;18410610269;9997059961;30846135612
33;15;19304954470;19297854197;19312054744
33;16;17903721038;12212420992;20088637522
33;17;17979198012;11717473100;22615358656
33;18;20122407928;13730581890;23194886920
33;19;22447618203;15882363052;25730836531
33;20;17730188543;13122536802;22337840284
33;21;30031128281;22755127607;34041225979
33;22;0;0;0
33;23;0;0;0
33;24;12186146040;8812069621;15560222459
33;25;0;0;0


THREAD; REPETITION; AVERAGE; MIN; MAX (nanoseconds)
34;1;17328688896;12744609022;21138069014
34;2;16137749001;12498580336;21828421349
34;3;20779583229;20758062757;20795735840
34;4;19252685536;12683315617;21813972516
34;5;0;0;0
34;6;0;0;0
34;7;18785034131;12239730888;20998623428
34;8;20036984850;19263124364;21342010367
34;9;23403714290;15577605534;32534779211
34;10;0;0;0
34;11;18778922600;12260760516;23246071498
34;12;30100291867;30100291867;30100291867
34;13;0;0;0
34;14;18193513665;18147897917;18239129414
34;15;0;0;0
34;16;17590364260;12763504998;22407486915
34;17;0;0;0
34;18;22957175772;22356373017;23557978528
34;19;0;0;0
34;20;21905723702;21905723702;21905723702
34;21;0;0;0
34;22;0;0;0
34;23;0;0;0
34;24;7625379133;7625379133;7625379133
34;25;0;0;0


THREAD; REPETITION; AVERAGE; MIN; MAX (nanoseconds)
35;1;21308149390;13536950087;34711039810
35;2;0;0;0
35;3;0;0;0
35;4;0;0;0
35;5;0;0;0
35;6;17325158051;12752891150;21897424953
35;7;21961960040;21961960040;21961960040
35;8;14723402415;12542900215;21098630902
35;9;16128377698;12200243746;20726371648
35;10;13582756677;13582756677;13582756677
35;11;20068701615;12078509978;22004018527
35;12;19188378241;14804163169;20752745810
35;13;23908192731;18267013126;35066946707
35;14;21657372376;21657372376;21657372376
35;15;16558475204;12058306921;21058643487
35;16;20676434574;19984351363;21368517786
35;17;24088282365;13172302067;30164531805
35;18;0;0;0
35;19;22346386552;22346386552;22346386552
35;20;0;0;0
35;21;0;0;0
35;22;20974737816;20973081216;20976394416
35;23;20869691189;20869691189;20869691189
35;24;0;0;0
35;25;21078614101;19606968763;22703786026


THREAD; REPETITION; AVERAGE; MIN; MAX (nanoseconds)
36;1;0;0;0
36;2;18289955811;12547141187;21117638694
36;3;0;0;0
36;4;15694446972;6825436264;21274445216
36;5;0;0;0
36;6;16686740959;12260534998;23115853062
36;7;20294035484;20269437107;20318633862
36;8;16234471944;12731093337;19737850551
36;9;21787870316;21342041586;22659740833
36;10;21868396437;21800594768;21936198106
36;11;18400090165;18389598748;18410581582
36;12;18269094722;12530467140;21726966556
36;13;0;0;0
36;14;21113376853;16373643787;34462973995
36;15;0;0;0
36;16;0;0;0
36;17;18923604932;7817279361;26620303000
36;18;0;0;0
36;19;20451159614;12812006763;22287122176
36;20;20933983327;15992094805;22469372505
36;21;31239542805;31239542805;31239542805
36;22;0;0;0
36;23;18324793211;15485424196;21516355849
36;24;21223210439;17682288252;29887624056
36;25;0;0;0


THREAD; REPETITION; AVERAGE; MIN; MAX (nanoseconds)
37;1;0;0;0
37;2;19526391692;6818914345;36172079273
37;3;0;0;0
37;4;0;0;0
37;5;21800799909;12033381128;34785717249
37;6;15059825201;10617634713;18799242013
37;7;16837331526;12223168797;21451494255
37;8;0;0;0
37;9;21015712937;21007004661;21029903172
37;10;0;0;0
37;11;24084471315;23117695894;25051246737
37;12;21159771283;21144297181;21168201475
37;13;24289805967;24289805967;24289805967
37;14;22130503562;22123500822;22136131338
37;15;14651729689;14574724092;14728735286
37;16;18716561602;12607475461;24825647743
37;17;18708293191;12795225441;24696127720
37;18;0;0;0
37;19;21418661065;21418507380;21418814751
37;20;0;0;0
37;21;20615425948;17085902258;24144949638
37;22;15925131039;11964386884;19899401670
37;23;22226295474;22220266194;22233462213
37;24;18848577635;12645721802;22486996811
37;25;0;0;0


THREAD; REPETITION; AVERAGE; MIN; MAX (nanoseconds)
38;1;0;0;0
38;2;20755774407;20755774407;20755774407
38;3;20871927298;20871927298;20871927298
38;4;28552022790;20255891741;43931578944
38;5;21674196883;21672440911;21676864867
38;6;16108581852;12482532138;19734631566
38;7;17024751295;12833174468;21216328122
38;8;0;0;0
38;9;18003640756;13468823132;23707542369
38;10;42663209920;42663209920;42663209920
38;11;0;0;0
38;12;22509549305;21704518871;24097824793
38;13;18398932546;18398932546;18398932546
38;14;0;0;0
38;15;23169746853;23169746853;23169746853
38;16;0;0;0
38;17;24413771210;21881372563;35829458842
38;18;24226910961;24226910961;24226910961
38;19;21119501132;7551627581;32830998912
38;20;0;0;0
38;21;0;0;0
38;22;18625816130;14394396844;24085523718
38;23;22660680338;22652990324;22668370352
38;24;0;0;0
38;25;37263063393;37263063393;37263063393


THREAD; REPETITION; AVERAGE; MIN; MAX (nanoseconds)
39;1;0;0;0
39;2;16903002301;12399873587;21776831343
39;3;21521396839;12267425399;34302137632
39;4;28774358944;23261363525;34897164654
39;5;0;0;0
39;6;0;0;0
39;7;18355095955;14648195929;21149161696
39;8;22039670452;20949680128;24203002407
39;9;17859847934;14751437264;20968258605
39;10;0;0;0
39;11;22621977025;21028025839;29852291632
39;12;38177029483;38177029483;38177029483
39;13;13096944165;13096944165;13096944165
39;14;22940236189;22940236189;22940236189
39;15;0;0;0
39;16;20484388169;13777322397;23527711972
39;17;19180865290;6914389678;23056832781
39;18;23780668493;23777392169;23783944817
39;19;18977947048;13203288267;23569593202
39;20;29676889451;23344491129;36009287773
39;21;0;0;0
39;22;19803171372;12460218198;21038150868
39;23;0;0;0
39;24;12826015457;12826015457;12826015457
39;25;21252817536;21247094254;21261865334


THREAD; REPETITION; AVERAGE; MIN; MAX (nanoseconds)
40;1;0;0;0
40;2;0;0;0
40;3;21542089182;20826507698;22257670667
40;4;17760826568;13224783457;23539260995
40;5;0;0;0
40;6;17672264266;13100225307;21749736838
40;7;0;0;0
40;8;20301016097;12619673800;33722309679
40;9;21703521467;21703521467;21703521467
40;10;0;0;0
40;11;17886283172;13029885921;22742680424
40;12;20758116005;20750546019;20773031349
40;13;20165792440;20165792440;20165792440
40;14;18587863005;17223190517;19409093614
40;15;0;0;0
40;16;15625341559;15625341559;15625341559
40;17;22265695370;20347206000;31350996286
40;18;16355920759;13033420099;22088933091
40;19;0;0;0
40;20;13862746103;13862746103;13862746103
40;21;20817493401;20447693422;21547098095
40;22;21080653040;19038783840;21766772452
40;23;16914221919;12529852817;21298591022
40;24;12254042832;12254042832;12254042832
40;25;0;0;0


THREAD; REPETITION; AVERAGE; MIN; MAX (nanoseconds)
41;1;16581158395;12445043225;20717273565
41;2;0;0;0
41;3;0;0;0
41;4;21205897362;20630982499;21780812226
41;5;16879319877;11808740776;20450510819
41;6;20931752709;20931752709;20931752709
41;7;22392666527;22392666527;22392666527
41;8;28452105610;21767923507;35136287713
41;9;20836884646;20825361952;20843564545
41;10;0;0;0
41;11;0;0;0
41;12;19456734236;17859613094;21621492606
41;13;20963598586;20963598586;20963598586
41;14;0;0;0
41;15;22139074449;22139074449;22139074449
41;16;23720790002;23720790002;23720790002
41;17;19368992847;19368992847;19368992847
41;18;21265824654;20688049179;21856513538
41;19;16751664746;12265434294;20116933367
41;20;0;0;0
41;21;21577760860;15863882211;26039310862
41;22;25516201530;22938051764;27695949276
41;23;20302914546;15733881750;21476185241
41;24;23099433622;21525210467;24673656778
41;25;0;0;0


THREAD; REPETITION; AVERAGE; MIN; MAX (nanoseconds)
42;1;21482719056;21475900848;21486913630
42;2;21812897037;19631248664;22065726439
42;3;20062326951;19008149220;21116504682
42;4;22170186399;22167020599;22173352199
42;5;0;0;0
42;6;22100945930;22093989739;22112802465
42;7;19658099469;14309985417;24589283275
42;8;0;0;0
42;9;23331566011;14978081432;32540152939
42;10;20205446141;15622868339;23878640092
42;11;0;0;0
42;12;18585697391;12765931704;21499893073
42;13;0;0;0
42;14;18274884141;12391983478;20865785945
42;15;22232806706;21471120910;22613664656
42;16;0;0;0
42;17;19688802580;16007879563;21535974545
42;18;25329854534;20233147509;44801865670
42;19;0;0;0
42;20;21287144828;21285235903;21289548252
42;21;20877039016;15405918769;35483991402
42;22;23979157808;20797635105;33510864370
42;23;32552374952;32552374952;32552374952
42;24;21462585992;21190989567;22231673300
42;25;21555391886;21555391886;21555391886


THREAD; REPETITION; AVERAGE; MIN; MAX (nanoseconds)
43;1;0;0;0
43;2;18391050049;13879812728;22811444751
43;3;0;0;0
43;4;0;0;0
43;5;13662719354;13662719354;13662719354
43;6;28107722402;21279506613;34208189378
43;7;20522513475;20522513475;20522513475
43;8;21956136650;13448904470;24131135243
43;9;28908552972;22288440570;35528665375
43;10;0;0;0
43;11;22063293856;20904610712;23770377101
43;12;17188891946;12567503900;21087751934
43;13;16465871431;12302332909;18548129301
43;14;21705329518;21705329518;21705329518
43;15;26540819625;23269690840;36350048539
43;16;0;0;0
43;17;20471499932;13898729377;23130470912
43;18;20912463491;20899850610;20925076372
43;19;21856754031;12041281085;24642505891
43;20;32655666817;32651893886;32659439748
43;21;23047315406;22578805686;23515825126
43;22;22571186421;22560376668;22577292505
43;23;22229149655;22229149655;22229149655
43;24;0;0;0
43;25;21174189596;21174189596;21174189596


THREAD; REPETITION; AVERAGE; MIN; MAX (nanoseconds)
44;1;21607138058;21607138058;21607138058
44;2;22807171756;22758307900;22856035613
44;3;21725027692;21725027692;21725027692
44;4;18144935076;12658603538;23631266614
44;5;20872888488;20872488053;20873288924
44;6;20512628944;20510844116;20514413773
44;7;21563263976;21563263976;21563263976
44;8;27518973291;27518973291;27518973291
44;9;21302846339;13395650006;23907936134
44;10;40282337699;40282337699;40282337699
44;11;24332029629;21102147270;34915138237
44;12;23302618838;22828724251;23776513426
44;13;0;0;0
44;14;18105344185;15446002285;20764686085
44;15;0;0;0
44;16;27467377255;23800963530;34695234729
44;17;24383497238;13738330500;35854749067
44;18;34040670043;34040670043;34040670043
44;19;20864682243;12845320635;34513703768
44;20;22707372724;21544104907;23870640542
44;21;21690721656;21690721656;21690721656
44;22;22036067713;20276275477;24876062531
44;23;21195692330;21195692330;21195692330
44;24;21361231455;21361231455;21361231455
44;25;0;0;0


THREAD; REPETITION; AVERAGE; MIN; MAX (nanoseconds)
45;1;22297027590;21640801135;22953254045
45;2;0;0;0
45;3;0;0;0
45;4;19466101837;19465919970;19466283704
45;5;22325668695;22268521419;22344587999
45;6;21673350314;20473469463;22873231165
45;7;0;0;0
45;8;23708499893;23708499893;23708499893
45;9;0;0;0
45;10;0;0;0
45;11;0;0;0
45;12;0;0;0
45;13;25041537290;22038751014;37050669918
45;14;19968695254;19968695254;19968695254
45;15;0;0;0
45;16;23058654523;23058654523;23058654523
45;17;22674238730;21533859820;23814617640
45;18;20257606204;19973053070;20542159339
45;19;0;0;0
45;20;23490561719;23490561719;23490561719
45;21;0;0;0
45;22;20217884605;18463142103;21972627108
45;23;20461321690;20461321690;20461321690
45;24;23231641870;22706519893;24251097067
45;25;0;0;0


THREAD; REPETITION; AVERAGE; MIN; MAX (nanoseconds)
46;1;0;0;0
46;2;22465786200;21642546818;24110478217
46;3;0;0;0
46;4;0;0;0
46;5;0;0;0
46;6;0;0;0
46;7;0;0;0
46;8;0;0;0
46;9;20392882175;12674065349;22523283546
46;10;25195516242;22428134372;31111873157
46;11;19161149368;13525047806;21979497744
46;12;15921747666;12519028466;21015023208
46;13;18465750395;18465750395;18465750395
46;14;22860860167;21526764155;24946250851
46;15;0;0;0
46;16;20262655990;15545411079;22517842561
46;17;0;0;0
46;18;27688839783;27688839783;27688839783
46;19;24815312281;24815312281;24815312281
46;20;21450735149;21434198760;21460820439
46;21;21394862511;20532606798;22257118224
46;22;24147820649;23303749290;25827226994
46;23;0;0;0
46;24;23946675066;23946675066;23946675066
46;25;21560816598;21560816598;21560816598


THREAD; REPETITION; AVERAGE; MIN; MAX (nanoseconds)
47;1;0;0;0
47;2;21998681885;21237267725;22394391117
47;3;18673647209;12440283332;21792643827
47;4;25718366894;18228961083;33207772706
47;5;23005940245;22630390245;24797744686
47;6;19361320476;11989837535;21224034200
47;7;20538100316;19499354387;21072782434
47;8;59049477657;59049477657;59049477657
47;9;24067524783;24067524783;24067524783
47;10;24046780770;21321645348;26771916193
47;11;0;0;0
47;12;21416684872;21416684872;21416684872
47;13;0;0;0
47;14;23307165995;23307165995;23307165995
47;15;29265486570;20793508183;37737464957
47;16;0;0;0
47;17;22243927371;22243927371;22243927371
47;18;23190315109;23190315109;23190315109
47;19;0;0;0
47;20;0;0;0
47;21;21694449527;21263067653;22556496985
47;22;0;0;0
47;23;22834728517;22327713998;23342582717
47;24;23763528884;13739850666;36727726569
47;25;0;0;0


THREAD; REPETITION; AVERAGE; MIN; MAX (nanoseconds)
48;1;0;0;0
48;2;26723524149;21848789930;34603606673
48;3;21372250989;19693605473;23445685905
48;4;0;0;0
48;5;32772895507;32772895507;32772895507
48;6;0;0;0
48;7;15306855829;15306855829;15306855829
48;8;0;0;0
48;9;24084411148;24084411148;24084411148
48;10;26627063146;20225043266;33029083026
48;11;21831927137;21788930926;21874923349
48;12;0;0;0
48;13;0;0;0
48;14;0;0;0
48;15;22824583781;22824583781;22824583781
48;16;19516673208;14915352580;24117993837
48;17;33129909527;32451850096;34808735188
48;18;0;0;0
48;19;18360911792;18360911792;18360911792
48;20;0;0;0
48;21;0;0;0
48;22;23866663779;21092818361;24603367677
48;23;0;0;0
48;24;17031845877;12581275064;21482416690
48;25;0;0;0


THREAD; REPETITION; AVERAGE; MIN; MAX (nanoseconds)
49;1;0;0;0
49;2;0;0;0
49;3;0;0;0
49;4;0;0;0
49;5;0;0;0
49;6;0;0;0
49;7;0;0;0
49;8;21692855970;20536286315;22849425626
49;9;0;0;0
49;10;0;0;0
49;11;40685766836;40685766836;40685766836
49;12;0;0;0
49;13;0;0;0
49;14;19487233387;15412671793;21572405990
49;15;25073498366;22468672765;33748477180
49;16;0;0;0
49;17;0;0;0
49;18;23941546691;21747518539;25041614647
49;19;23917199522;12295867002;34995152177
49;20;22409575029;22409575029;22409575029
49;21;21928463312;19758231493;27709367042
49;22;0;0;0
49;23;16590962864;12545576602;21921859621
49;24;21298212356;18595645047;29815530744
49;25;20165998611;20165998611;20165998611


THREAD; REPETITION; AVERAGE; MIN; MAX (nanoseconds)
50;1;0;0;0
50;2;21428540498;18860348452;23755145067
50;3;15260159323;15260159323;15260159323
50;4;23752266978;21452042858;26052491098
50;5;0;0;0
50;6;28003221010;28003221010;28003221010
50;7;21383564077;21378428613;21388699541
50;8;21453124652;20029578131;22168044332
50;9;23179279710;20908276471;34388525288
50;10;0;0;0
50;11;34444758482;34444758482;34444758482
50;12;27311475760;25581587674;29041363847
50;13;0;0;0
50;14;0;0;0
50;15;23138157415;21487104855;24792790773
50;16;0;0;0
50;17;13853128471;13853128471;13853128471
50;18;25020727006;25020727006;25020727006
50;19;0;0;0
50;20;22209174629;21648693758;22769655500
50;21;25515169525;21837559383;36537103110
50;22;0;0;0
50;23;34085752170;34085752170;34085752170
50;24;0;0;0
50;25;0;0;0


