THREAD; AVERAGE-REPETITIONS; MIN-REPETITIONS; MAX-REPETITIONS (nanoseconds)
1;831731250;5778662;1290568189
2;439788696;3447091;536350851
3;313073513;2800146;407712253
4;250037908;2611097;354426501
5;215019344;2456315;295899045
6;181895839;2411337;259892452
7;155827350;2356651;249809897
8;137141527;2328698;231752222
9;126002311;2333726;216902519
10;119972542;2357497;206776886
11;115719575;2372695;206767393
12;113844956;2436510;201312124
13;112224919;2533861;206834810
14;111993019;2628864;201710826
15;111163875;2722697;214204349
16;111204329;2827711;211831827
17;109214231;2934034;208188951
18;108647711;2969687;208138486
19;107133707;3097888;209446784
20;107515132;3155783;206336972
21;105983271;3274595;213296841
22;104732506;3274058;198715697
23;104135314;3603720;199577113
24;103992363;3566506;202311193
25;103507708;3767160;210591723
26;104271625;3778807;204198656
27;104195508;3803528;204066597
28;103456068;3921936;209853959
29;104123934;4037024;205606165
30;103711759;3770434;204898267
31;103723472;4416684;205282643
32;103651440;4650359;204607096
33;104142036;4811810;203767853
34;103408425;4352840;201358437
35;104253564;4870015;205008524
36;103071514;5383689;213006764
37;103632030;4908216;206595335
38;104422599;4560157;206703217
39;103502300;4762406;212233848
40;103756337;5452712;202097814
41;102733125;4653474;198564915
42;103775920;4758076;208780845
43;103652549;5075848;201971398
44;103739880;5200859;197665136
45;104158245;5592532;213209941
46;103047382;4890501;205795052
47;103610520;5727046;214909621
48;103394281;4755596;203149322
49;99774343;5985372;200901231
50;99619089;5501481;201637138
THREAD; REPETITION; AVERAGE; MIN; MAX (nanoseconds)
1;1;819202129;5779366;1066382599
1;2;823564783;5748566;1240445225
1;3;883519365;5782299;2329871953
1;4;848393016;5739137;1969443812
1;5;815966078;5773430;884937820
1;6;850492587;5798642;1943471586
1;7;868578552;5850395;2021393991
1;8;826537046;5794871;968655654
1;9;826094808;5823925;938685643
1;10;842114252;5694927;1939820633
1;11;817867689;5726147;956659506
1;12;821710457;5824554;985247706
1;13;843401585;5808001;1934804912
1;14;837119139;5818268;1439654132
1;15;831989591;5830070;1623427210
1;16;824315022;5812401;997221924
1;17;820541081;5784604;923471698
1;18;817533269;5828534;894273434
1;19;829028147;5738090;907728147
1;20;818319534;5772382;959153817
1;21;826113709;5721956;952739734
1;22;823307582;5721398;972794727
1;23;827581273;5721887;947994787
1;24;825465355;5820014;983082556
1;25;824525216;5752687;1482841534


THREAD; REPETITION; AVERAGE; MIN; MAX (nanoseconds)
2;1;433931192;3218984;518189812
2;2;437734980;3557924;519997653
2;3;446225096;3587467;519707044
2;4;443593970;3625810;569360281
2;5;438886205;3679937;585871877
2;6;439436545;3184971;542487243
2;7;439984079;3038375;533466125
2;8;443861337;3227366;508568408
2;9;435179455;3501422;504671683
2;10;442037935;3595778;606662718
2;11;447353774;3680565;517458643
2;12;437682783;3751244;534779141
2;13;446177713;3542210;533522486
2;14;435807222;3251600;520990028
2;15;435128836;3515182;513977335
2;16;438517979;3208788;559862846
2;17;437951270;3581321;513118218
2;18;438719245;3164229;511368693
2;19;444784294;3159479;525437590
2;20;442829846;3516369;544632069
2;21;435287736;3113105;578183610
2;22;435047958;3603879;520061070
2;23;434775623;3575733;512378598
2;24;442094593;3628743;516188859
2;25;441687754;3666807;597829263


THREAD; REPETITION; AVERAGE; MIN; MAX (nanoseconds)
3;1;312484534;2866985;392678259
3;2;314001870;2765016;409507214
3;3;309972075;2701461;385399820
3;4;306694701;2655715;393792717
3;5;308346110;2735753;393077891
3;6;310070708;2726324;398195930
3;7;314580202;2963017;408976630
3;8;313479690;2720946;390312455
3;9;314581197;2832133;426208708
3;10;326053308;2894223;420052479
3;11;310272500;2695943;450093866
3;12;316794984;2790508;456214896
3;13;306106619;2714242;441931167
3;14;312095295;3045638;420475228
3;15;323713518;2878998;393285879
3;16;308980004;2745321;382841604
3;17;311878714;2865587;403016794
3;18;315543534;2670870;426387013
3;19;310468022;2738546;402275638
3;20;313103192;2742807;406731372
3;21;312779420;2889124;379731572
3;22;320048122;3073645;429065845
3;23;312439847;2855600;378410245
3;24;309365198;2778565;386031675
3;25;312984461;2656692;418111449


THREAD; REPETITION; AVERAGE; MIN; MAX (nanoseconds)
4;1;245446657;2550394;373430213
4;2;246252778;2377606;359831906
4;3;253689340;2575677;357863220
4;4;250607609;2874806;333229992
4;5;248792479;2738546;317790808
4;6;247891845;2636997;338129636
4;7;247033847;2407708;347530831
4;8;246051772;2624845;360945804
4;9;253480524;2611505;330718918
4;10;246537891;2703626;399618946
4;11;252216301;2883328;322045958
4;12;249396145;2739175;321725317
4;13;246073274;2533562;335540202
4;14;260407341;2508279;345312463
4;15;248715566;2415461;428481692
4;16;248493711;2381937;347542355
4;17;243292773;2658439;327949851
4;18;259382936;2824241;378598956
4;19;260783099;2771302;336219966
4;20;245273368;2575746;311285094
4;21;248300765;2686235;319296167
4;22;247031658;2673734;404635226
4;23;250695206;2462394;374308467
4;24;248398904;2658857;385749585
4;25;256701917;2403029;402880953


THREAD; REPETITION; AVERAGE; MIN; MAX (nanoseconds)
5;1;214599295;2517499;283562646
5;2;215195470;2519105;285961135
5;3;215319620;2482089;285586716
5;4;212477375;2405823;287510005
5;5;215259715;2500248;289258271
5;6;216564432;2373346;325374873
5;7;215511384;2429290;285075966
5;8;212322099;2404565;291891917
5;9;213938803;2378095;277938956
5;10;214145975;2517917;284479452
5;11;215192768;2475594;307106420
5;12;213990417;2479924;287383173
5;13;214226800;2516312;272646803
5;14;216237289;2490819;310231607
5;15;214582865;2408686;287019858
5;16;218354988;2429289;300276572
5;17;212991545;2486629;280794417
5;18;214427783;2394509;291101802
5;19;214973079;2550604;377934486
5;20;215773518;2403728;317776351
5;21;216922785;2378794;322944536
5;22;218625217;2426984;287669173
5;23;214491164;2506604;286716957
5;24;216481146;2490820;286312646
5;25;212878075;2440603;284921408


THREAD; REPETITION; AVERAGE; MIN; MAX (nanoseconds)
6;1;177600278;2399956;249423041
6;2;186702342;2469099;256182629
6;3;187137869;2482927;263907354
6;4;184482048;2459321;250271054
6;5;184393711;2406940;253147537
6;6;180980728;2373695;248661701
6;7;181501938;2448914;254007981
6;8;177903801;2427962;277838455
6;9;179417845;2310908;255982324
6;10;180507687;2459950;275666740
6;11;182263628;2445073;252717244
6;12;181304960;2324667;248733359
6;13;183023254;2446959;253386114
6;14;176674422;2353442;245367218
6;15;176926471;2407918;280099566
6;16;179403843;2479226;254713309
6;17;181434727;2402680;258336674
6;18;184082254;2345898;276672874
6;19;186062939;2387455;263076453
6;20;181000687;2488584;248170229
6;21;183961587;2407220;270375355
6;22;180018428;2359378;262358763
6;23;185468049;2413366;284323776
6;24;181570985;2371670;252390458
6;25;183571500;2410223;261501113


THREAD; REPETITION; AVERAGE; MIN; MAX (nanoseconds)
7;1;156456615;2373626;238882805
7;2;154648534;2296521;230758518
7;3;152789094;2329905;265522154
7;4;155942270;2417276;260902573
7;5;151662579;2437810;266669297
7;6;155556760;2317054;247796228
7;7;158719141;2414902;264236726
7;8;156901037;2325365;239747859
7;9;155431451;2222978;236612055
7;10;153377097;2327810;245718729
7;11;157570600;2348063;260945456
7;12;154513596;2377677;264095297
7;13;154552929;2361403;245802050
7;14;157773953;2357702;255509708
7;15;157658703;2381657;235090004
7;16;156085102;2357003;242493739
7;17;156528895;2410642;241026234
7;18;155051906;2282204;263597818
7;19;157242203;2307556;264175894
7;20;156136434;2439695;261360941
7;21;157185724;2267258;263448358
7;22;156593437;2389549;236296023
7;23;158086483;2340381;233029826
7;24;154806832;2412317;231323045
7;25;154412398;2419930;250206101


THREAD; REPETITION; AVERAGE; MIN; MAX (nanoseconds)
8;1;137562726;2319499;234659223
8;2;137078851;2240369;239495034
8;3;141537378;2388782;273625768
8;4;139552970;2296032;217420789
8;5;138331843;2324667;217400186
8;6;136429941;2355746;222088981
8;7;138091601;2403238;263059551
8;8;136947470;2296591;261142547
8;9;136461335;2295683;251080654
8;10;137592865;2249028;221219108
8;11;136759759;2398071;213055011
8;12;136661427;2331511;215807525
8;13;133644450;2375651;216120624
8;14;135206848;2408686;252367480
8;15;136174932;2312305;223561933
8;16;133085151;2298267;224727095
8;17;141595871;2200210;263279970
8;18;137476063;2353302;221236847
8;19;136055585;2280737;217565571
8;20;135085924;2351207;208082033
8;21;136908207;2380890;231288055
8;22;135061180;2413086;230429706
8;23;137052762;2332210;218071711
8;24;140389388;2320267;236872004
8;25;137793660;2291422;220148162


THREAD; REPETITION; AVERAGE; MIN; MAX (nanoseconds)
9;1;125292310;2315588;200058178
9;2;124313308;2418254;204913124
9;3;127384978;2383054;236711021
9;4;126757449;2391086;211208337
9;5;126650920;2334305;244367929
9;6;127209659;2275569;252873270
9;7;128746006;2272007;205817569
9;8;125710084;2299384;206736261
9;9;125615920;2253638;216534783
9;10;124715901;2349879;211974567
9;11;122395366;2317753;211698484
9;12;124975474;2272216;232862207
9;13;127257412;2419441;209870598
9;14;128463713;2313771;217212662
9;15;127560136;2365384;206169918
9;16;124666441;2323410;200108044
9;17;125579915;2356235;221069996
9;18;124279458;2403658;199833289
9;19;126713031;2258666;243818837
9;20;127999063;2364826;214982979
9;21;126195157;2285207;209597239
9;22;125208564;2293937;208570573
9;23;126037593;2371460;204006514
9;24;124856223;2337239;220478929
9;25;125473703;2367200;231087680


THREAD; REPETITION; AVERAGE; MIN; MAX (nanoseconds)
10;1;118746425;2249587;224428524
10;2;121128002;2269213;225373756
10;3;121941200;2425378;214091246
10;4;121242085;2255943;189238925
10;5;118859445;2423493;190907992
10;6;120975720;2358889;220945888
10;7;117445935;2400585;200006425
10;8;115891117;2235340;192714088
10;9;123340307;2377677;239527929
10;10;124208845;2380680;192383878
10;11;120711038;2473988;204938616
10;12;121641872;2489981;207039023
10;13;118914268;2355327;211180262
10;14;116045945;2379422;203534318
10;15;118620792;2397302;228875667
10;16;122272399;2386406;214235119
10;17;122113496;2303225;210870725
10;18;121159562;2292610;189638487
10;19;119509156;2319499;202299035
10;20;118363182;2445213;214432351
10;21;119633514;2378794;199283987
10;22;117614180;2285137;209003868
10;23;117201783;2322641;184949833
10;24;119834620;2316286;189399630
10;25;121898667;2414832;210122585


THREAD; REPETITION; AVERAGE; MIN; MAX (nanoseconds)
11;1;116444343;2391575;203168629
11;2;116666253;2297429;228748416
11;3;114128975;2423004;208251817
11;4;114199932;2328997;221652472
11;5;118493884;2387385;242540533
11;6;116520476;2364127;211202751
11;7;116149151;2242953;188417522
11;8;114357122;2389270;190368609
11;9;114931381;2405473;187658417
11;10;116439373;2357982;213702440
11;11;115688324;2379073;200323854
11;12;118485753;2467492;216757437
11;13;117733655;2398420;194022774
11;14;119549484;2343803;210901316
11;15;114988330;2402191;186754881
11;16;113296767;2503321;190860361
11;17;114036678;2336680;245661180
11;18;112698082;2298128;197138254
11;19;114847249;2304204;207656630
11;20;116134949;2326134;219718219
11;21;116554796;2300991;191204050
11;22;115729564;2417696;198083625
11;23;114477835;2381658;207473226
11;24;116445223;2430406;216050574
11;25;113991810;2438997;190866856


THREAD; REPETITION; AVERAGE; MIN; MAX (nanoseconds)
12;1;113715748;2358051;200969327
12;2;115785879;2486839;190878100
12;3;113885939;2465677;193893428
12;4;113015945;2402051;188027040
12;5;112293935;2468750;186943592
12;6;113141020;2476781;191977821
12;7;111306394;2376908;191213199
12;8;112860843;2552349;207857353
12;9;113245660;2382286;200523042
12;10;111791055;2468540;187700951
12;11;114224863;2276197;190001523
12;12;111172804;2378934;204583194
12;13;113265641;2459810;214170097
12;14;114382164;2395137;257163341
12;15;114648797;2449683;215386871
12;16;115688389;2518337;188857523
12;17;112771117;2342476;184471700
12;18;113982355;2515683;209014833
12;19;115821301;2508489;202996889
12;20;113045194;2446121;210705760
12;21;113411232;2341568;193500011
12;22;114487939;2505626;225016238
12;23;116720179;2403517;193882253
12;24;115092023;2527696;196567790
12;25;116367508;2405264;206501245


THREAD; REPETITION; AVERAGE; MIN; MAX (nanoseconds)
13;1;110152220;2476502;196842127
13;2;108672972;2476083;188702964
13;3;110297905;2569042;192744818
13;4;113043797;2540616;215214015
13;5;113031129;2478178;241434666
13;6;113031361;2591321;210183836
13;7;115045201;2406311;195434615
13;8;110498768;2502623;189994818
13;9;111043035;2610248;229771102
13;10;111477698;2575118;203836103
13;11;113848148;2646774;201827327
13;12;114582617;2463861;197661923
13;13;111193811;2522038;193768551
13;14;112053525;2581194;186103053
13;15;111760809;2570228;198625034
13;16;112003325;2367270;222619495
13;17;110660264;2513308;207720464
13;18;113596341;2551791;210055468
13;19;116401445;2641397;208226465
13;20;113918076;2545016;207563741
13;21;116063275;2569950;210244808
13;22;111194830;2456806;202765924
13;23;110890547;2580774;234615154
13;24;111184430;2485860;210744103
13;25;109977460;2624217;214169678


THREAD; REPETITION; AVERAGE; MIN; MAX (nanoseconds)
14;1;114201142;2673664;222546091
14;2;113551607;2671638;195906183
14;3;110454892;2689518;194531497
14;4;112326469;2775842;190553757
14;5;110390100;2543689;210894471
14;6;108209604;2640699;198522997
14;7;111827257;2531816;225409794
14;8;112376107;2511422;204521665
14;9;114741022;2678552;206689327
14;10;114944693;2605848;199956838
14;11;111894525;2677854;206300591
14;12;111006089;2613879;213858116
14;13;106647388;2622540;185344297
14;14;112172485;2466934;218943399
14;15;112642995;2533632;202638045
14;16;115473532;2647404;192830094
14;17;112826864;2566108;190115643
14;18;112735666;2762223;192601573
14;19;110362161;2615625;191321942
14;20;110047953;2666331;194585415
14;21;112657317;2716686;213941716
14;22;113018104;2604382;214040821
14;23;113028318;2715918;191828152
14;24;111672254;2607524;191390875
14;25;110616940;2581892;193497357


THREAD; REPETITION; AVERAGE; MIN; MAX (nanoseconds)
15;1;110716085;2900578;189947815
15;2;107801658;2814743;245158952
15;3;112501297;2662629;236121699
15;4;110926743;2723042;212539373
15;5;114717970;2864121;217250656
15;6;115706398;2671080;221440015
15;7;110064591;2685327;186289598
15;8;110645590;2766972;198887498
15;9;108231035;2782965;205154147
15;10;108749654;2588736;272013761
15;11;110742391;2898063;229806162
15;12;112104714;2829409;203813055
15;13;115864500;2820819;201469740
15;14;111341311;2551092;188506709
15;15;108768399;2514984;192172538
15;16;109571224;2836953;198745861
15;17;109350817;2528185;208186515
15;18;110663609;2587480;213864402
15;19;111618536;2681067;253753759
15;20;112412457;2636578;192750964
15;21;111068377;2777727;189573605
15;22;110588850;2692451;197814038
15;23;112954678;2903790;247656127
15;24;111793638;2816210;207098737
15;25;110192370;2532445;245093021


THREAD; REPETITION; AVERAGE; MIN; MAX (nanoseconds)
16;1;115413182;2848127;221452726
16;2;113399618;2998775;200860025
16;3;108973331;2577842;194790679
16;4;109833100;2750000;201397874
16;5;107396583;2819702;224867685
16;6;108717709;2920762;219778771
16;7;109387612;2814673;209812351
16;8;108968208;2907632;296041886
16;9;115006401;2959664;208769690
16;10;110233879;2773677;193667631
16;11;108800043;2759290;181722468
16;12;109309247;2967765;220803552
16;13;111649680;2786108;231621896
16;14;110425088;2804197;201450953
16;15;116397545;2923067;248788253
16;16;112960846;2596070;186002202
16;17;110736051;2908540;190790519
16;18;109967250;2974540;221011818
16;19;108296391;2597746;217684650
16;20;110494141;3008692;191475104
16;21;111745882;2731422;221312904
16;22;116400333;2842121;210831405
16;23;113579169;2939061;191135326
16;24;110493506;2814394;201297162
16;25;111523444;2668915;208428167


THREAD; REPETITION; AVERAGE; MIN; MAX (nanoseconds)
17;1;108081918;3045359;218713342
17;2;108809831;2955892;198440933
17;3;109581351;2959245;236624417
17;4;108281033;2821378;218041748
17;5;113608674;3190629;188019287
17;6;111157660;2892686;187609807
17;7;109299403;2792743;190400386
17;8;106536911;2863213;202063600
17;9;106892184;2871734;216311850
17;10;109487321;2697829;212032954
17;11;108438861;2975727;215057849
17;12;109779874;2741410;208706763
17;13;110866218;3211023;189185078
17;14;110891076;3026152;181315921
17;15;108582714;2696432;228453686
17;16;107892578;2620864;206951303
17;17;110491020;2867963;211271963
17;18;111318922;3210953;207401011
17;19;111829442;3156127;194256743
17;20;109598105;3124699;188731459
17;21;109792370;3018749;203721772
17;22;106039387;2736172;203459587
17;23;107239114;2938781;225567635
17;24;105997554;2998914;222856117
17;25;109862267;2936198;249528572


THREAD; REPETITION; AVERAGE; MIN; MAX (nanoseconds)
18;1;110180355;2840445;204561334
18;2;108450808;3047734;184264969
18;3;108549625;3241823;181922843
18;4;106501891;3038864;199146261
18;5;105171343;2591041;249442038
18;6;107908977;2634343;228197648
18;7;111448197;3050108;218087005
18;8;108801805;3219683;198770444
18;9;110475307;3059328;185979084
18;10;108043148;2940807;195279707
18;11;105180865;2638394;203129308
18;12;108035793;3021403;214816199
18;13;108379499;3079721;246115428
18;14;109214451;3005340;235585528
18;15;111062091;3094248;227042054
18;16;110268048;2962247;203891626
18;17;109431873;3118343;200705816
18;18;105734611;3205715;184366170
18;19;107043591;2798820;219434104
18;20;105838780;2933682;203393029
18;21;108066003;2962387;213214808
18;22;112751424;3081257;206672426
18;23;112386076;3047105;210060217
18;24;109989841;3023150;186372291
18;25;107278380;2606197;203011836


THREAD; REPETITION; AVERAGE; MIN; MAX (nanoseconds)
19;1;105505805;3321860;227792429
19;2;105753037;3265708;240139738
19;3;108093958;3346514;199994832
19;4;107750995;3017213;208413778
19;5;107444355;2829969;190997110
19;6;107585830;2742876;192283377
19;7;106780946;3181410;193560635
19;8;105702426;3067918;214233862
19;9;104725181;2928654;228451870
19;10;105104547;3057721;193624330
19;11;106792035;3055836;204656737
19;12;108422763;3381784;180262156
19;13;108861747;3296159;195439504
19;14;107153757;3155778;186598227
19;15;105868279;2973982;217208053
19;16;104370320;3102280;247003878
19;17;106835864;3087264;213275430
19;18;109979938;3407836;227196963
19;19;109086106;3200197;203360972
19;20;107092830;2671778;193763454
19;21;106348741;3095296;197275562
19;22;105969361;2790299;219859787
19;23;107803932;2963016;221602885
19;24;109374345;3198102;226113096
19;25;109935593;3307753;213060948


THREAD; REPETITION; AVERAGE; MIN; MAX (nanoseconds)
20;1;108991021;3013721;186158646
20;2;110232010;2953099;185504722
20;3;106927549;3043683;213897926
20;4;102916690;3135105;220749076
20;5;102797212;3239099;197246507
20;6;108989833;3526216;211936922
20;7;111886788;3135734;216262542
20;8;113235323;3387652;195191778
20;9;110592227;3438496;190437891
20;10;106676383;2833670;201912464
20;11;104352299;3011067;214329615
20;12;103156750;3437309;214816617
20;13;104814574;3398267;215791671
20;14;111612069;3465315;224255946
20;15;109032485;3326261;216359132
20;16;106783719;3128540;181181337
20;17;105504089;2992559;193463345
20;18;104322185;3313619;192185180
20;19;101543325;3211022;210771830
20;20;108143125;2793232;228959616
20;21;111975046;3340020;264047246
20;22;110590001;3105213;199727898
20;23;108258627;3061074;205304725
20;24;106278662;3129797;191086577
20;25;108266321;2474826;186845115


THREAD; REPETITION; AVERAGE; MIN; MAX (nanoseconds)
21;1;105104333;3290781;234309249
21;2;105540377;3442127;201854566
21;3;104593374;3006527;212839691
21;4;107913990;3148096;219456314
21;5;107332988;3536274;194205409
21;6;107581403;3387442;196338781
21;7;102719704;3334991;191882977
21;8;102356166;3097810;215232033
21;9;104002043;3353848;204123429
21;10;105557368;2841283;215259132
21;11;108207515;3566585;205171188
21;12;110251280;3539626;186118976
21;13;105156361;3038794;196264679
21;14;104684327;3157594;188766729
21;15;102745215;3618686;238405580
21;16;104418085;3202572;227663293
21;17;102163005;2960223;203292109
21;18;115833453;3447505;215678320
21;19;108631212;3545353;193477034
21;20;104389212;3477468;183279439
21;21;103418607;3230858;192471180
21;22;106168761;3407486;230666817
21;23;104977271;3373403;223177457
21;24;107521427;2617093;294986863
21;25;108314306;3242451;267499780


THREAD; REPETITION; AVERAGE; MIN; MAX (nanoseconds)
22;1;107388083;3283797;183494340
22;2;103566138;3440451;195235149
22;3;103826043;3356921;190969383
22;4;100826637;3288896;199743263
22;5;101243333;3463080;199035422
22;6;103620666;3332756;204561474
22;7;109288122;3659054;198299574
22;8;105810824;3391353;196363435
22;9;104649359;3257328;195872870
22;10;104736043;3580902;188510062
22;11;102423199;3656261;209383036
22;12;102265336;3035721;203478794
22;13;105062010;2977683;192096831
22;14;103130471;2930819;212157132
22;15;105018012;3294553;183015858
22;16;107703829;2398210;185581827
22;17;105299715;3634540;187521808
22;18;105693651;3011765;208058776
22;19;102876199;2668077;194057136
22;20;105966867;3251391;242225967
22;21;105804726;3459169;210877639
22;22;106599507;3207810;195001111
22;23;107745314;3273391;178571299
22;24;103420521;3710248;201841784
22;25;104348047;3287289;211938458


THREAD; REPETITION; AVERAGE; MIN; MAX (nanoseconds)
23;1;102753515;2524064;218104885
23;2;101243187;3540394;190551802
23;3;108511392;3586629;211496573
23;4;106451607;3871302;194177891
23;5;103825058;3867252;182258081
23;6;105375658;3755924;187546183
23;7;102058077;3687829;200265117
23;8;101281326;3048502;213955335
23;9;101333186;3693696;228223908
23;10;107613695;3888274;217598606
23;11;105729080;3891067;191532444
23;12;103394312;3752362;179498163
23;13;105067998;3141531;191276056
23;14;102809774;3590750;196666336
23;15;101477535;3466293;195932235
23;16;103857686;3668622;198197396
23;17;105698882;4002255;201644762
23;18;105015212;3652210;176159121
23;19;107654100;3664922;209997918
23;20;105712008;3753899;214678542
23;21;104089886;3364813;193708348
23;22;99651767;3640965;187340011
23;23;102681999;3779042;191214805
23;24;104361293;3765213;213925304
23;25;105734632;3495207;203478026


THREAD; REPETITION; AVERAGE; MIN; MAX (nanoseconds)
24;1;105894348;2600889;180833808
24;2;101995998;3402877;172810581
24;3;102605245;3872769;194858914
24;4;101581683;3537182;226001908
24;5;105044325;3144184;212381672
24;6;105440979;3948337;195571434
24;7;106395838;3967963;191137281
24;8;105469036;3764514;202212223
24;9;104300875;3602413;200123200
24;10;102163490;3817315;195138488
24;11;101708960;3622038;215656669
24;12;101333863;3411956;226937991
24;13;105483959;3292458;224237019
24;14;108077977;3686502;200556775
24;15;106701713;2749302;198034806
24;16;104230207;3924521;181982277
24;17;103868274;3910832;188999021
24;18;102509289;3704381;221157787
24;19;99532825;3743144;212659709
24;20;105210244;4012661;204412223
24;21;104524962;3807188;198930242
24;22;106671047;3528242;181713597
24;23;105530632;3140553;215601774
24;24;102899855;3801670;202436692
24;25;100633458;3168768;213393742


THREAD; REPETITION; AVERAGE; MIN; MAX (nanoseconds)
25;1;102461160;3815150;214761164
25;2;109332141;3919423;222046098
25;3;106244336;3500096;198585086
25;4;104186878;4025302;215628592
25;5;106333321;3652629;207560458
25;6;102983980;3702566;215935474
25;7;98721205;3610585;209851252
25;8;99981873;3722890;207276274
25;9;100665568;3980814;224027355
25;10;107156572;4063296;226825198
25;11;107729966;4278477;187156887
25;12;104723745;3989054;206748413
25;13;102087760;3688737;194417517
25;14;104054172;3522724;196873276
25;15;100963197;2830597;273576810
25;16;100750542;3770870;208038940
25;17;103976721;3860127;252235200
25;18;105130811;3781416;189977777
25;19;103027544;3950712;183851649
25;20;103171169;3769683;188718049
25;21;102100912;3869416;211231804
25;22;99505814;3721353;230832829
25;23;102360331;3783511;198588648
25;24;105024850;3734902;197085873
25;25;105018139;3634680;202962457


THREAD; REPETITION; AVERAGE; MIN; MAX (nanoseconds)
26;1;106942799;4108343;207851836
26;2;104907587;2479924;194584507
26;3;103701352;4122452;268473926
26;4;102088842;3961747;211725373
26;5;104811788;4055823;199268063
26;6;108448627;4079639;203058559
26;7;107263169;3967474;201908204
26;8;106740694;3847277;187000233
26;9;103313389;3912788;184006836
26;10;103355132;3947499;196527072
26;11;102329799;2725137;215383799
26;12;105556712;3760185;216374148
26;13;105484099;3839594;189214341
26;14;104836250;4269887;174639515
26;15;104245170;4000648;181869414
26;16;103311855;3859150;244191860
26;17;100626573;3748661;215144802
26;18;100275418;2987880;203101023
26;19;104857664;3819830;200811765
26;20;106857154;4079429;223249743
26;21;106829007;3768705;188017751
26;22;104748708;3830654;180934797
26;23;104538792;4060293;188057631
26;24;99789864;4101988;194049453
26;25;100930197;3135175;235521764


THREAD; REPETITION; AVERAGE; MIN; MAX (nanoseconds)
27;1;102423954;4236153;231786442
27;2;108878096;3069245;224852321
27;3;109750611;4155766;201232419
27;4;104922226;4089277;193056450
27;5;101568292;3986889;173713628
27;6;102938221;4361588;211114052
27;7;99406747;3839804;182676569
27;8;100514240;3970616;178503133
27;9;109685171;4254102;210515373
27;10;103624324;4307950;225630911
27;11;103533790;2697898;182482271
27;12;103882577;2475664;193604774
27;13;103582113;4202699;250026261
27;14;103394205;3926965;203853911
27;15;107407254;3109753;218323488
27;16;105787952;3038934;201710902
27;17;105707354;3348820;195561028
27;18;102824309;3629931;201081004
27;19;103715920;3683918;181737623
27;20;103610892;4123289;200805549
27;21;99157134;3803556;215486047
27;22;101554845;3858032;235884099
27;23;101623299;4605125;191520570
27;24;110425761;4305017;206231658
27;25;104968436;4007213;190274462


THREAD; REPETITION; AVERAGE; MIN; MAX (nanoseconds)
28;1;103698249;3820947;185341503
28;2;100454283;3829048;200830693
28;3;99413035;4305715;211779290
28;4;99581503;2587479;215966624
28;5;104966296;4206121;286991573
28;6;104347653;4245372;198300692
28;7;107638287;2816000;192809352
28;8;106332272;4202210;188766309
28;9;99967650;4231334;183510474
28;10;100115359;3983676;222805552
28;11;103860795;3896026;215725882
28;12;105313841;4547296;216459983
28;13;109359468;4759473;193109739
28;14;106672524;2847219;182007839
28;15;104567814;4443512;199068736
28;16;103010748;4366756;211745976
28;17;98834403;3838686;196098387
28;18;103029170;4166382;213586364
28;19;103268471;4480807;262176757
28;20;107449641;4503296;269625400
28;21;106620513;4396229;183956131
28;22;105901275;3592496;195897803
28;23;101590582;3843505;191168500
28;24;101983319;3039074;218465755
28;25;98424572;3099765;210153664


THREAD; REPETITION; AVERAGE; MIN; MAX (nanoseconds)
29;1;105516094;4148503;212061868
29;2;105807878;3716534;211321830
29;3;106999206;4369829;187868779
29;4;106364544;4967460;227060282
29;5;102090351;4664630;202117028
29;6;103775295;3480610;213073380
29;7;100603057;4704020;192049478
29;8;100756041;4278476;205354661
29;9;110575161;3448273;213680161
29;10;104709304;4367455;180684556
29;11;106276734;4477594;202915385
29;12;102737818;4396649;214695792
29;13;101814175;3049410;205306819
29;14;99792370;4645702;201044826
29;15;102043853;4382889;214677564
29;16;105680810;3339810;234236055
29;17;106811705;3751384;194528355
29;18;103705385;4677829;201700147
29;19;104395663;4376394;211404871
29;20;100756294;3004222;199528292
29;21;101443127;3755506;198334635
29;22;101480109;2851270;210392591
29;23;108416799;4079010;211582199
29;24;105000659;4197321;202151461
29;25;105545940;3794826;192383110


THREAD; REPETITION; AVERAGE; MIN; MAX (nanoseconds)
30;1;104927395;4875760;194174609
30;2;101392994;2790369;215777494
30;3;101024066;2392343;210809824
30;4;107623541;4336515;209924935
30;5;106377808;4731188;216391749
30;6;106070463;3006318;189399072
30;7;106587790;3288128;189695408
30;8;102624661;3432978;211745557
30;9;99290472;4281201;194964654
30;10;102289425;4170223;205739347
30;11;104859135;3591867;275634613
30;12;108318976;4877296;203837080
30;13;105113359;4301594;188841180
30;14;109336708;2535588;206226908
30;15;103965000;4505182;191983688
30;16;99974239;3899518;197541796
30;17;102634269;4096261;204035499
30;18;98509277;4373391;226901394
30;19;110152625;3429766;238899707
30;20;105859091;2955683;178001813
30;21;101904391;2685328;182966550
30;22;102959741;2369086;191913079
30;23;101961805;4386451;199512857
30;24;97961102;4328553;182378557
30;25;101075648;4620280;215159329


THREAD; REPETITION; AVERAGE; MIN; MAX (nanoseconds)
31;1;101132115;2958965;186109897
31;2;109015374;5213023;208845817
31;3;106022789;4542756;185181357
31;4;103041099;5062305;202240019
31;5;99780651;3106122;192572101
31;6;101812644;4417810;187413903
31;7;99310193;3982629;181078042
31;8;105936567;4867658;212868325
31;9;110598271;5183899;206575417
31;10;105660651;4905372;218118433
31;11;103982059;4732026;184444112
31;12;98638434;4788527;204916477
31;13;100530041;3202014;199896286
31;14;100787464;4602400;215541011
31;15;108463312;5337271;224603825
31;16;108115661;4868077;212040916
31;17;103343072;5037162;193375136
31;18;103065846;5133962;209506586
31;19;101847307;4742782;235002004
31;20;101556951;4782801;213268935
31;21;100932366;5433372;198706050
31;22;105178263;5367442;227996505
31;23;104569807;2712775;203152635
31;24;105983263;2644470;214566167
31;25;103782609;2791486;214046129


THREAD; REPETITION; AVERAGE; MIN; MAX (nanoseconds)
32;1;98796979;5095200;194397822
32;2;102112456;5423804;244195840
32;3;104199296;3993245;260228185
32;4;104963800;4081664;198703955
32;5;108486282;3243359;185388157
32;6;104355036;5749823;195361282
32;7;101611068;3142229;185623872
32;8;101264153;5411302;190039516
32;9;102919408;5195213;195258057
32;10;102264303;5505798;209508820
32;11;105489080;5144020;206231169
32;12;106417498;5398870;220076644
32;13;107700593;5158197;202745740
32;14;104664807;5353334;189914081
32;15;101279525;3801460;203384997
32;16;99477026;2699295;200716921
32;17;101455547;4461880;226947908
32;18;103235695;3123442;190646297
32;19;107215397;4520407;196129257
32;20;104791566;5240401;189497548
32;21;103779259;5603436;184655452
32;22;102713866;4940153;207620452
32;23;104020812;4555607;209951474
32;24;103813267;5086540;222285234
32;25;104259302;4330299;205668737


THREAD; REPETITION; AVERAGE; MIN; MAX (nanoseconds)
33;1;106410144;5584858;190776901
33;2;106831819;4957404;192250691
33;3;105094085;5629836;194938114
33;4;101906690;5241030;191494799
33;5;102620998;4510280;190285637
33;6;98092373;4742921;189292564
33;7;102523923;5319392;256387055
33;8;105469536;3996248;204184400
33;9;103525260;5095410;190020450
33;10;106047121;4590179;189824335
33;11;102172544;5619918;201330756
33;12;98685101;5173842;226285045
33;13;101266227;2721994;222290822
33;14;104888529;5225734;216267151
33;15;112304722;2567086;213586224
33;16;104714658;5509499;201625556
33;17;107335464;5506776;215293983
33;18;100699287;5268546;184810150
33;19;100935420;2752305;207253366
33;20;103348951;2955753;204483181
33;21;103409903;4798375;197192102
33;22;112441059;5900820;229705172
33;23;105765297;5711760;194128654
33;24;103210849;5744865;193798374
33;25;103850964;5170419;196690850


THREAD; REPETITION; AVERAGE; MIN; MAX (nanoseconds)
34;1;101250345;4404400;212551385
34;2;100136631;3328426;220179380
34;3;99804121;5503982;215060923
34;4;105842625;2971048;193083129
34;5;103874500;4134883;199816038
34;6;101910242;5019562;181976969
34;7;101425219;3185740;185787160
34;8;100484014;5675791;206821887
34;9;103383222;4135232;191036290
34;10;101813571;4374857;200248914
34;11;106619081;2856578;197552901
34;12;106029890;3449391;198243352
34;13;105867083;4776026;185678557
34;14;104318577;4760591;198460488
34;15;100802302;3013163;222950682
34;16;100048053;3013162;193851942
34;17;99403977;3198382;225591171
34;18;107556398;5609791;200393626
34;19;105662189;2571486;182479338
34;20;107012929;5259118;192509942
34;21;103482558;5307099;189544691
34;22;100720129;5382178;226715826
34;23;103836330;5847880;205939443
34;24;105532215;5256534;199570127
34;25;108394436;5785721;207916788


THREAD; REPETITION; AVERAGE; MIN; MAX (nanoseconds)
35;1;107363888;2853854;241426913
35;2;105060066;5129283;194768469
35;3;105053821;2790927;195782984
35;4;101677005;5546725;209938205
35;5;98748564;4803823;213789741
35;6;109185242;3233652;207128560
35;7;106625784;5573614;235524627
35;8;105760417;3220940;190038329
35;9;107394905;6057613;201679264
35;10;102363332;3262984;188560837
35;11;103891362;5350331;215992256
35;12;101448605;5645201;208032375
35;13;99465928;5556013;203385207
35;14;106445679;3632864;197636083
35;15;105557346;5672578;192187694
35;16;107174988;6070535;194002170
35;17;103568397;4499804;200685911
35;18;99314152;3559740;196575263
35;19;97784664;5784604;193496170
35;20;103966259;5828255;205589328
35;21;105602390;4676921;204046254
35;22;107072749;5809817;220256485
35;23;107052649;5594706;205250248
35;24;105711335;5909550;200654832
35;25;103049577;5686058;208784915


THREAD; REPETITION; AVERAGE; MIN; MAX (nanoseconds)
36;1;101601166;6061525;247453587
36;2;102781173;5681448;243053586
36;3;99943849;5481772;196970775
36;4;106456051;5913950;202295893
36;5;105616934;5995455;199929111
36;6;107040861;5297530;181452042
36;7;100741988;5680820;230065832
36;8;99336604;5578852;224949470
36;9;101600455;5743747;210248230
36;10;104419872;6099379;199055816
36;11;107331658;4871430;256036382
36;12;106671557;6069137;204914172
36;13;103223376;6294236;192662126
36;14;100649393;5617753;187690335
36;15;99894534;3728476;203997435
36;16;101768089;6100845;208851125
36;17;102340941;2301619;199404393
36;18;106365501;6370782;203050178
36;19;106142166;3134616;191822424
36;20;100646510;4511676;211525488
36;21;103648637;5523188;215482694
36;22;101533272;5826927;239550837
36;23;99681881;5907804;236328360
36;24;99427985;4409848;212577227
36;25;107923415;6389429;225801603


THREAD; REPETITION; AVERAGE; MIN; MAX (nanoseconds)
37;1;108473587;2808807;207326839
37;2;104966576;6278172;200287816
37;3;102022806;5643176;223741984
37;4;100124681;2638813;201469809
37;5;102886638;6363239;214514903
37;6;99823873;6057055;211341036
37;7;107295793;3336388;196536431
37;8;106660314;6732001;196286609
37;9;101544441;6142191;207172071
37;10;100735054;4273378;192470901
37;11;99884575;2382007;211880560
37;12;101163115;4523550;232218620
37;13;100687861;5413048;196323276
37;14;107408101;3164438;217441951
37;15;105522825;6202604;188894818
37;16;106810918;5905429;186904690
37;17;103770589;4936591;198909289
37;18;101814192;6065645;210444973
37;19;99946900;5245289;235540551
37;20;104204349;6152388;190086170
37;21;103515257;5892439;223466041
37;22;107068328;2713753;204259550
37;23;107470067;4905093;220492828
37;24;104221619;6404375;192610583
37;25;102778303;2525531;204261086


THREAD; REPETITION; AVERAGE; MIN; MAX (nanoseconds)
38;1;102537964;3584674;200542387
38;2;105379894;3254883;201638407
38;3;107987365;5194934;199241943
38;4;107805795;2805803;198089701
38;5;105779580;3202641;192452253
38;6;105891088;6461575;204472915
38;7;99960757;3440241;213964065
38;8;97017476;3622737;189032335
38;9;103931226;6372598;206010750
38;10;107256605;4190826;197475936
38;11;109196998;5625924;184978468
38;12;103473376;6171804;187797192
38;13;113838215;3808794;203416985
38;14;104086763;2835346;314988008
38;15;100171994;5947753;203492762
38;16;102211121;5604064;208387449
38;17;102221486;2889544;242083491
38;18;106791682;6255055;184035890
38;19;104423155;4670216;177027807
38;20;103900104;4648845;196987257
38;21;99310716;5899982;224325089
38;22;97892617;6055170;195806799
38;23;103906757;2913638;239643586
38;24;108634316;4906140;200504673
38;25;106957948;3640756;201184299


THREAD; REPETITION; AVERAGE; MIN; MAX (nanoseconds)
39;1;103355021;4927023;203477467
39;2;104681208;5958020;201762724
39;3;100799674;6225163;239022488
39;4;99360673;3055626;189941668
39;5;105899539;3381366;214832332
39;6;110199784;2997448;205814636
39;7;108200799;2940667;197434590
39;8;103631818;6138070;194508730
39;9;101483033;6312255;191529161
39;10;99869353;6174528;200741226
39;11;97041947;6419880;193630405
39;12;98239199;5702960;239813021
39;13;104511916;4614273;231002753
39;14;110106728;6114953;208030141
39;15;102219269;2717664;192859707
39;16;105741364;3251809;194439028
39;17;100867936;2739594;198263746
39;18;101304708;5006013;256827962
39;19;102305754;6173550;205018655
39;20;106876033;6323289;230483064
39;21;108397217;2809785;239532049
39;22;108308890;6202046;203682800
39;23;103218600;4606940;194761625
39;24;102126599;2408337;250401517
39;25;98810458;5858915;228034708


THREAD; REPETITION; AVERAGE; MIN; MAX (nanoseconds)
40;1;101044511;5214699;201656775
40;2;102898261;6762731;211359056
40;3;112812920;6596089;195204419
40;4;106767165;6721525;200969327
40;5;103238684;4701016;175859292
40;6;101062197;5844458;225648930
40;7;97871629;3647041;194176146
40;8;101348231;5945099;204807175
40;9;107752417;6548179;202478806
40;10;106740769;6503620;195754837
40;11;103597669;4078591;211216580
40;12;106109957;5500978;188603160
40;13;99149317;3627416;230112207
40;14;100482115;3298464;204312908
40;15;102348973;6446559;192861104
40;16;105919514;4672522;212920985
40;17;106442202;6426795;211236973
40;18;103950528;6926928;187253827
40;19;102971672;2432571;186646207
40;20;100404514;3793290;215838675
40;21;97204569;6267976;202438578
40;22;106067103;5694299;196487683
40;23;104150980;6126965;224547882
40;24;109437169;5508452;185057738
40;25;104135376;7031550;194996082


THREAD; REPETITION; AVERAGE; MIN; MAX (nanoseconds)
41;1;102326524;6089880;190725287
41;2;98996466;2903651;195431053
41;3;101481748;6402210;195502152
41;4;101037548;6875455;190274113
41;5;104510838;6755677;216943843
41;6;104463362;3295111;189946278
41;7;103176809;3171702;196332704
41;8;102804855;2482509;186048436
41;9;100848128;2630642;192764653
41;10;101641850;6790877;212289551
41;11;99527928;5628998;210571525
41;12;103244212;3138457;202228845
41;13;106915876;3154660;188997973
41;14;104137375;2493613;182359699
41;15;101967310;2839118;184795204
41;16;102259215;6082058;192851186
41;17;99308272;3958813;187776100
41;18;105678985;3596057;211398796
41;19;104849825;6377766;203267105
41;20;106769706;6314280;185947236
41;21;107440467;6027093;214803488
41;22;101168972;3902451;204975911
41;23;102299830;2957639;209337988
41;24;99838486;6027303;224670454
41;25;101633555;6440833;193883301


THREAD; REPETITION; AVERAGE; MIN; MAX (nanoseconds)
42;1;99290584;4941340;199581930
42;2;110636765;2559124;194250037
42;3;107182686;3172122;193026278
42;4;101517956;3408324;186767313
42;5;100371577;2330115;209544369
42;6;97445007;5632280;217250167
42;7;98957397;6212731;211872598
42;8;102507333;5838731;239551325
42;9;106649826;6813017;194467523
42;10;108160886;5788096;193174272
42;11;103768268;3373892;195268323
42;12;102398780;3277861;219079520
42;13;101959617;6460528;297755511
42;14;102273768;6603213;225232746
42;15;108116555;2894432;207880192
42;16;110075707;3259702;198277435
42;17;108311766;2668495;206969111
42;18;103219470;7232274;196180380
42;19;103559915;2900299;195537631
42;20;99544539;6789829;194190253
42;21;100677672;3005550;198322553
42;22;102360716;6193525;191576863
42;23;106144599;6483226;255859404
42;24;107175651;5271271;195189473
42;25;102090982;5841943;202715918


THREAD; REPETITION; AVERAGE; MIN; MAX (nanoseconds)
43;1;100552291;3413073;190691764
43;2;101547400;5086820;239191154
43;3;106161976;6972883;204352788
43;4;106119265;6227607;196784018
43;5;105941645;6975048;235415744
43;6;108329098;7008293;191421535
43;7;101640986;6086667;197473213
43;8;101928335;3104305;185548094
43;9;98360178;6846401;215210732
43;10;102942161;4760381;198631041
43;11;107145338;6432871;201525264
43;12;109646064;5344883;203977600
43;13;104572254;6553836;187536335
43;14;104707659;5936508;200143524
43;15;100502318;2592857;193778469
43;16;102110766;6741779;197873193
43;17;101925709;3193283;204604636
43;18;102697867;7555918;221305501
43;19;111335434;2823683;198186920
43;20;102900813;3283099;209196909
43;21;101569526;3838616;189144779
43;22;102391064;2879486;189877205
43;23;103017241;5755829;200622775
43;24;101560478;3048502;208126451
43;25;101707878;4433594;188665319


THREAD; REPETITION; AVERAGE; MIN; MAX (nanoseconds)
44;1;104330369;6343963;201510457
44;2;105211782;4294959;182262760
44;3;106407305;3418451;195768736
44;4;100267567;4559727;187075732
44;5;103924052;2488794;206526458
44;6;97250576;6730254;184005998
44;7;102308748;6768319;202902114
44;8;105694312;3083213;202343105
44;9;106653949;6058730;185377052
44;10;102272811;3857613;190024849
44;11;100687231;6865468;189428335
44;12;102129945;6598045;214347703
44;13;100099507;4686908;231564487
44;14;108312420;6129480;219010935
44;15;107901777;6700363;208032376
44;16;107578961;7161176;188693116
44;17;106230345;2396743;186903224
44;18;102453846;3051086;185864753
44;19;100798494;4197321;207583785
44;20;101158488;6907582;192826183
44;21;103582852;5419614;194533593
44;22;106233918;6257220;214449672
44;23;103379903;2827594;186441014
44;24;104364931;6165029;197369219
44;25;104262931;7053829;186782747


THREAD; REPETITION; AVERAGE; MIN; MAX (nanoseconds)
45;1;99766841;4806127;195349689
45;2;98450509;6978750;196415117
45;3;107804483;6648820;209149138
45;4;108096623;5803182;256322382
45;5;106888477;4083690;188145071
45;6;106169875;7481887;188465713
45;7;106059914;2641257;207823411
45;8;102916735;4615181;200288235
45;9;104598967;6238223;216104002
45;10;103665446;7030992;211298223
45;11;108710796;3430255;248957688
45;12;106824191;6796604;203645576
45;13;108105643;5953759;187841401
45;14;102292135;7059836;218143996
45;15;101102150;6756446;233632068
45;16;100851169;3382273;212507735
45;17;107007071;6917289;212900452
45;18;111076280;2989347;292801529
45;19;102725921;6585264;182865979
45;20;101837605;6737239;197500799
45;21;98134784;6290743;173350314
45;22;99881662;5407950;227028784
45;23;103394435;4122451;215043114
45;24;101010831;5363461;223265876
45;25;106583604;5692274;231402246


THREAD; REPETITION; AVERAGE; MIN; MAX (nanoseconds)
46;1;104446859;5200032;187033268
46;2;104330608;3188953;190223757
46;3;101222501;7469176;189291586
46;4;103401755;7149233;242187694
46;5;99546293;4069442;221525222
46;6;102346103;2327810;205360668
46;7;105193198;3593474;210840903
46;8;104541579;2936337;190437263
46;9;101892188;4827918;188201504
46;10;101779599;6985805;226045070
46;11;100810598;6621303;207155938
46;12;104794205;5871975;229775153
46;13;104785465;5455861;245102450
46;14;107012960;4894267;203632235
46;15;105923690;5708128;200691010
46;16;105587361;6770902;202242255
46;17;101673270;4997912;196849949
46;18;100056734;2607455;191708862
46;19;100032836;4814509;204190687
46;20;103152544;4015803;209794192
46;21;105049031;2833740;192680564
46;22;105439538;2964204;213123874
46;23;104785564;2648940;192584183
46;24;98030784;6988877;179569051
46;25;100349311;7320484;224628968


THREAD; REPETITION; AVERAGE; MIN; MAX (nanoseconds)
47;1;102005300;7030502;225783724
47;2;104002594;2794979;209827367
47;3;105305065;6595391;275610658
47;4;104645629;3584115;188942171
47;5;102883575;7035880;189366735
47;6;100748828;6633036;216083399
47;7;99306262;5804788;195688419
47;8;100248567;6010960;223001387
47;9;99042142;6661252;191042158
47;10;106942877;6233892;221327781
47;11;102835043;7707335;217434757
47;12;107985863;7113264;185823827
47;13;103725718;7351703;235425941
47;14;102368761;2976426;217535678
47;15;101940878;6979309;227576759
47;16;102543002;2770813;240593987
47;17;110121071;7225359;242542697
47;18;106019610;5851093;181803274
47;19;104513139;7067169;183510334
47;20;104602527;7459607;227768683
47;21;101031264;5194515;251129404
47;22;97608669;2564222;197512673
47;23;108179160;5928408;208466718
47;24;106770435;4132788;238603998
47;25;104887041;4469353;180338004


THREAD; REPETITION; AVERAGE; MIN; MAX (nanoseconds)
48;1;104839890;3474813;185868176
48;2;105827717;3488782;234362398
48;3;99477556;2592369;198248870
48;4;101850316;2975658;208370687
48;5;102639167;4516356;228628010
48;6;109690692;7212439;201203645
48;7;105688026;2932705;200707772
48;8;106105930;3701448;199421016
48;9;100421057;7095873;190976018
48;10;100744315;2445003;215634040
48;11;99852921;2758033;209597379
48;12;103754674;7218795;226202213
48;13;102571209;3405530;195487835
48;14;103809439;3869207;189585338
48;15;105567017;6950185;195928533
48;16;101643883;6186750;186067852
48;17;102807910;5656235;199930088
48;18;100098214;3777296;236159693
48;19;103370206;2738547;199605816
48;20;108905404;6647493;223194568
48;21;106863629;7413372;188442875
48;22;102811878;4114838;190359110
48;23;104373610;7749728;191549973
48;24;99212722;2917201;184965128
48;25;101929658;7051245;198236019


THREAD; REPETITION; AVERAGE; MIN; MAX (nanoseconds)
49;1;100062838;2738826;208855106
49;2;101996711;6318959;192011206
49;3;107559257;7566115;197892400
49;4;102931954;3214724;235099154
49;5;104200005;5391397;198388552
49;6;101693567;7392071;207612559
49;7;98981155;4686838;216867647
49;8;102615484;7506331;194149815
49;9;98954700;6945436;174166060
49;10;98649687;7163131;206932166
49;11;98372697;6979099;208143423
49;12;98614564;3666946;189551675
49;13;99608731;5260026;179831446
49;14;97252925;7746446;174804200
49;15;98582825;7466382;183246894
49;16;97240051;7787163;188360322
49;17;97978409;2544527;198057644
49;18;98164950;6929233;226981222
49;19;100391221;7114801;197424323
49;20;100315112;5346071;185717529
49;21;97379492;7644826;179758182
49;22;97869822;7132681;200504603
49;23;98827987;2923975;247058076
49;24;98793858;5545397;196951428
49;25;97320593;6622909;234165166


THREAD; REPETITION; AVERAGE; MIN; MAX (nanoseconds)
50;1;97428395;2651174;206430356
50;2;97393239;7178636;172115939
50;3;98916961;7623804;194840475
50;4;99810636;5817290;208985011
50;5;100659103;7050128;230607800
50;6;100277183;5144998;197638387
50;7;97721899;2902044;182312556
50;8;98302962;2604661;181379547
50;9;98038585;6310928;177790124
50;10;99353130;6439506;222056924
50;11;100725748;2984388;205578642
50;12;98762346;5320299;196800781
50;13;96478028;7789188;179888435
50;14;100153825;6362820;219378231
50;15;99133758;5493086;187139497
50;16;98076281;7718578;214836522
50;17;100525426;7163830;197579022
50;18;103407174;6608661;242243986
50;19;100654571;7852115;188660919
50;20;100735428;7407715;185197211
50;21;98417532;3106191;181641242
50;22;101425294;3518533;198187828
50;23;99902355;2659067;247972856
50;24;102086241;4706744;221870167
50;25;102091144;5122648;199795994


