THREAD; AVERAGE-REPETITIONS; MIN-REPETITIONS; MAX-REPETITIONS (nanoseconds)
1;0;0;0
2;0;0;0
3;0;0;0
4;4779867297;4779209067;4780525527
5;27669572889;23189678487;33446470037
6;25142611339;20867907583;30688813449
7;17018655166;14925049803;19033761978
8;14599248884;12195382016;17356313184
9;17816513366;15875224602;20626693166
10;16462712478;14521813655;18619693843
11;14501533545;14048027718;15011714083
12;9991647229;9943788939;10087217081
13;7249611551;7249598703;7249624399
14;8906570797;7772615120;10132701005
15;9376855168;9361440630;9392269707
16;1207341089;1207341089;1207341089
17;1584467981;1584467981;1584467981
18;2292119404;2241540036;2342698773
19;796344946;577149185;1015540707
20;1086329030;1086329030;1086329030
21;0;0;0
22;0;0;0
23;0;0;0
24;2194845044;1678203760;2433198839
25;0;0;0
26;4077624180;4061282238;4152015527
27;1249815724;845540463;1700480602
28;7753862524;6684144160;9272181078
29;7845938412;6025794867;9432444056
30;12071270438;8839313544;14612643282
31;9652244033;8656390834;10946117872
32;11553123192;9309290856;12838340853
33;18196681782;15581102254;20220670046
34;14941867346;13771506188;16326271565
35;12446926559;10110353880;14569274081
36;13260365481;10470582065;16606498381
37;17218940200;12834611435;20344688023
38;19971788615;16587395951;23010202617
39;14776963615;12585915587;16278423584
40;16291232542;13948186984;19543621166
41;17414787933;14082594338;20637748146
42;16070696073;13006412859;18937323838
43;20185122899;16671009343;24087822793
44;19765028640;16735978556;23298343736
45;20052391755;17937065967;22657081547
46;17766639102;16333040716;19239877903
47;13277738537;11143839616;15405945266
48;15378055792;13785206681;16879722805
49;20991166393;19555559918;23047828307
50;17242560303;14884898575;20278607859
THREAD; REPETITION; AVERAGE; MIN; MAX (nanoseconds)
1;1;0;0;0
1;2;0;0;0
1;3;0;0;0
1;4;0;0;0
1;5;0;0;0
1;6;0;0;0
1;7;0;0;0
1;8;0;0;0
1;9;0;0;0
1;10;0;0;0
1;11;0;0;0
1;12;0;0;0
1;13;0;0;0
1;14;0;0;0
1;15;0;0;0
1;16;0;0;0
1;17;0;0;0
1;18;0;0;0
1;19;0;0;0
1;20;0;0;0
1;21;0;0;0
1;22;0;0;0
1;23;0;0;0
1;24;0;0;0
1;25;0;0;0


THREAD; REPETITION; AVERAGE; MIN; MAX (nanoseconds)
2;1;0;0;0
2;2;0;0;0
2;3;0;0;0
2;4;0;0;0
2;5;0;0;0
2;6;0;0;0
2;7;0;0;0
2;8;0;0;0
2;9;0;0;0
2;10;0;0;0
2;11;0;0;0
2;12;0;0;0
2;13;0;0;0
2;14;0;0;0
2;15;0;0;0
2;16;0;0;0
2;17;0;0;0
2;18;0;0;0
2;19;0;0;0
2;20;0;0;0
2;21;0;0;0
2;22;0;0;0
2;23;0;0;0
2;24;0;0;0
2;25;0;0;0


THREAD; REPETITION; AVERAGE; MIN; MAX (nanoseconds)
3;1;0;0;0
3;2;0;0;0
3;3;0;0;0
3;4;0;0;0
3;5;0;0;0
3;6;0;0;0
3;7;0;0;0
3;8;0;0;0
3;9;0;0;0
3;10;0;0;0
3;11;0;0;0
3;12;0;0;0
3;13;0;0;0
3;14;0;0;0
3;15;0;0;0
3;16;0;0;0
3;17;0;0;0
3;18;0;0;0
3;19;0;0;0
3;20;0;0;0
3;21;0;0;0
3;22;0;0;0
3;23;0;0;0
3;24;0;0;0
3;25;0;0;0


THREAD; REPETITION; AVERAGE; MIN; MAX (nanoseconds)
4;1;36590019855;36573564098;36606475613
4;2;0;0;0
4;3;0;0;0
4;4;43225915235;43225915235;43225915235
4;5;0;0;0
4;6;0;0;0
4;7;0;0;0
4;8;0;0;0
4;9;0;0;0
4;10;0;0;0
4;11;0;0;0
4;12;0;0;0
4;13;0;0;0
4;14;0;0;0
4;15;0;0;0
4;16;0;0;0
4;17;0;0;0
4;18;0;0;0
4;19;39680747344;39680747344;39680747344
4;20;0;0;0
4;21;0;0;0
4;22;0;0;0
4;23;0;0;0
4;24;0;0;0
4;25;0;0;0


THREAD; REPETITION; AVERAGE; MIN; MAX (nanoseconds)
5;1;41051635845;32669228002;54339954380
5;2;40710734884;32000892851;58124489355
5;3;0;0;0
5;4;33287243455;29838180621;36736306290
5;5;45747641879;32559314452;58935969306
5;6;38871682224;31401328799;46342035650
5;7;0;0;0
5;8;36750408432;36750383150;36750433714
5;9;35807060079;32273947527;46398564691
5;10;37448356751;20616020192;59710045481
5;11;36298011129;32360616223;44169037475
5;12;34348943249;25402378165;46472015717
5;13;0;0;0
5;14;32978887854;18832853337;47124922371
5;15;30904712680;30904712680;30904712680
5;16;38731215839;38731215839;38731215839
5;17;0;0;0
5;18;0;0;0
5;19;30669786523;25062511925;34529229204
5;20;48209251386;48209251386;48209251386
5;21;33242925358;33242925358;33242925358
5;22;34046111971;34044822247;34047401695
5;23;0;0;0
5;24;24185552947;17632683973;30745753162
5;25;38449159762;27208695449;50647487180


THREAD; REPETITION; AVERAGE; MIN; MAX (nanoseconds)
6;1;28029019522;23531174493;29543174900
6;2;28755264705;22189415555;37165287278
6;3;32835416407;27927193749;37743639066
6;4;26423706819;24192586139;28654827499
6;5;27177922264;23772418212;30583426316
6;6;27725026085;27724586714;27725465457
6;7;35200884633;23512692046;53294592749
6;8;29629926673;21526209476;48485169693
6;9;34301567290;28918371120;48825479286
6;10;0;0;0
6;11;30288525049;23259879607;39161178166
6;12;24651947384;16703172680;29037674481
6;13;0;0;0
6;14;24754456397;22344385460;27164527335
6;15;0;0;0
6;16;28381257603;16026270238;41087558125
6;17;32645909676;29042058209;39851824324
6;18;25090320313;22518119901;27662520725
6;19;27098455856;23518279489;28890616964
6;20;23065647450;23065647450;23065647450
6;21;36116101091;27253465733;53122380497
6;22;21040499421;21040499421;21040499421
6;23;33184713956;29842220869;39864676447
6;24;25126662344;16746990470;28208117512
6;25;27042052552;27042052552;27042052552


THREAD; REPETITION; AVERAGE; MIN; MAX (nanoseconds)
7;1;29179285076;25558175620;32800394533
7;2;20432097357;13539247865;22731504004
7;3;26609915960;26607259442;26612572478
7;4;25442303142;20619641882;34371578790
7;5;21954960756;21954960756;21954960756
7;6;27623346822;27623346822;27623346822
7;7;30134658769;22865047303;37404270235
7;8;0;0;0
7;9;0;0;0
7;10;0;0;0
7;11;21400058352;20069637343;22730479362
7;12;23359474284;23359398471;23359550097
7;13;27765250279;24979102581;31738876100
7;14;0;0;0
7;15;26746203673;21940543002;31551864344
7;16;0;0;0
7;17;29731414174;21770463076;35029251832
7;18;0;0;0
7;19;0;0;0
7;20;21812378947;16618014859;27006743036
7;21;19927123069;13073005298;26781240841
7;22;21826146899;21826146899;21826146899
7;23;28275382451;27475874727;29074890175
7;24;23246379148;23246379148;23246379148
7;25;0;0;0


THREAD; REPETITION; AVERAGE; MIN; MAX (nanoseconds)
8;1;35783560166;28257067797;43310052535
8;2;0;0;0
8;3;24257515178;22577871839;27615243139
8;4;18714916933;16210318979;19972432949
8;5;0;0;0
8;6;21766809468;13979142810;28551159155
8;7;0;0;0
8;8;0;0;0
8;9;30926361194;26901619061;38640638893
8;10;0;0;0
8;11;0;0;0
8;12;36701767682;27283114823;46120420542
8;13;22705131239;22705131239;22705131239
8;14;0;0;0
8;15;0;0;0
8;16;31097096244;22636157040;39558035448
8;17;0;0;0
8;18;20993409218;12795112438;28359810605
8;19;0;0;0
8;20;38414146490;38414146490;38414146490
8;21;0;0;0
8;22;28368236303;23218002009;38666807513
8;23;0;0;0
8;24;21645671586;21645671586;21645671586
8;25;33606600420;28261194300;40348279530


THREAD; REPETITION; AVERAGE; MIN; MAX (nanoseconds)
9;1;16788700939;16788700939;16788700939
9;2;27881800620;27881800620;27881800620
9;3;24359701629;22954693334;27169223254
9;4;0;0;0
9;5;26375101898;26374892270;26375311527
9;6;27895375320;27894769516;27895981124
9;7;28325313459;23217957590;38539300107
9;8;16517519755;16517519755;16517519755
9;9;0;0;0
9;10;0;0;0
9;11;28231231553;27371552740;29090910367
9;12;0;0;0
9;13;31259196699;28001511855;39269006675
9;14;0;0;0
9;15;27552880533;21540500748;35283886779
9;16;27284479591;23837335122;30731624061
9;17;0;0;0
9;18;25860956513;25851702591;25871354670
9;19;0;0;0
9;20;0;0;0
9;21;28822619913;20811869455;38586057515
9;22;27556356988;23642607929;39291800005
9;23;25780448283;23633307585;27927588981
9;24;27326424901;24959812699;29693037104
9;25;27594725563;15600080317;38754225676


THREAD; REPETITION; AVERAGE; MIN; MAX (nanoseconds)
10;1;0;0;0
10;2;33486957187;29321354180;40052979778
10;3;14648186990;14648186990;14648186990
10;4;39542486266;39542486266;39542486266
10;5;33868812725;29996485377;41606630940
10;6;0;0;0
10;7;0;0;0
10;8;25615673011;24006512909;27224833114
10;9;23092701423;20851574362;24214988497
10;10;0;0;0
10;11;0;0;0
10;12;28751156746;27397879619;30104433874
10;13;38909376296;29095513746;48723238847
10;14;27025805212;23330218506;30196510660
10;15;0;0;0
10;16;0;0;0
10;17;27180995821;18148152768;39214522865
10;18;33005816591;33005816591;33005816591
10;19;20180533792;15737568881;22402689029
10;20;18370197609;18370197609;18370197609
10;21;0;0;0
10;22;22887219465;16592014349;29182424582
10;23;0;0;0
10;24;25001892838;23001379225;27002406451
10;25;0;0;0


THREAD; REPETITION; AVERAGE; MIN; MAX (nanoseconds)
11;1;25895976654;20931934995;30860018313
11;2;25146943396;23728115934;27982638646
11;3;0;0;0
11;4;0;0;0
11;5;23891760964;23891760964;23891760964
11;6;0;0;0
11;7;27853568191;27853568191;27853568191
11;8;24816852840;22366487291;27267218389
11;9;0;0;0
11;10;0;0;0
11;11;0;0;0
11;12;0;0;0
11;13;24428613134;21967160142;26890066126
11;14;0;0;0
11;15;45720011831;45720011831;45720011831
11;16;30000261765;30000261765;30000261765
11;17;29061480160;29061480160;29061480160
11;18;0;0;0
11;19;38599831228;38556873220;38642789237
11;20;28206584356;28206584356;28206584356
11;21;0;0;0
11;22;0;0;0
11;23;0;0;0
11;24;38916454117;38916454117;38916454117
11;25;0;0;0


THREAD; REPETITION; AVERAGE; MIN; MAX (nanoseconds)
12;1;0;0;0
12;2;45209857328;45209857328;45209857328
12;3;0;0;0
12;4;28009004985;28008603049;28009406921
12;5;0;0;0
12;6;0;0;0
12;7;0;0;0
12;8;0;0;0
12;9;27754668470;27754668470;27754668470
12;10;0;0;0
12;11;0;0;0
12;12;0;0;0
12;13;29476632156;29476632156;29476632156
12;14;0;0;0
12;15;0;0;0
12;16;0;0;0
12;17;25877863620;24684969458;28263546833
12;18;0;0;0
12;19;0;0;0
12;20;0;0;0
12;21;37747798847;37744644640;37750953054
12;22;28316459913;28316459913;28316459913
12;23;27398895425;27398888476;27398902374
12;24;0;0;0
12;25;0;0;0


THREAD; REPETITION; AVERAGE; MIN; MAX (nanoseconds)
13;1;28711835303;28711835303;28711835303
13;2;0;0;0
13;3;29459174071;29459174071;29459174071
13;4;0;0;0
13;5;0;0;0
13;6;0;0;0
13;7;0;0;0
13;8;0;0;0
13;9;0;0;0
13;10;0;0;0
13;11;0;0;0
13;12;38384996906;38384996906;38384996906
13;13;0;0;0
13;14;0;0;0
13;15;0;0;0
13;16;0;0;0
13;17;0;0;0
13;18;0;0;0
13;19;0;0;0
13;20;0;0;0
13;21;29432571248;29432460341;29432682156
13;22;0;0;0
13;23;27011662515;27011452223;27011872808
13;24;0;0;0
13;25;28240048735;28240048735;28240048735


THREAD; REPETITION; AVERAGE; MIN; MAX (nanoseconds)
14;1;32157003869;27320330237;41829514715
14;2;0;0;0
14;3;38363941995;38363008986;38365667982
14;4;0;0;0
14;5;0;0;0
14;6;0;0;0
14;7;0;0;0
14;8;0;0;0
14;9;0;0;0
14;10;0;0;0
14;11;0;0;0
14;12;0;0;0
14;13;32792235326;24632441483;40952029169
14;14;0;0;0
14;15;0;0;0
14;16;0;0;0
14;17;40251348286;35172489241;42797940381
14;18;0;0;0
14;19;0;0;0
14;20;0;0;0
14;21;41383961718;41383961718;41383961718
14;22;0;0;0
14;23;37715778751;27443146336;47988411167
14;24;0;0;0
14;25;0;0;0


THREAD; REPETITION; AVERAGE; MIN; MAX (nanoseconds)
15;1;0;0;0
15;2;0;0;0
15;3;0;0;0
15;4;43040675282;43040675282;43040675282
15;5;0;0;0
15;6;43248898568;42863535100;43634262036
15;7;0;0;0
15;8;0;0;0
15;9;0;0;0
15;10;0;0;0
15;11;42397155575;42397155575;42397155575
15;12;27416169513;27416169513;27416169513
15;13;0;0;0
15;14;0;0;0
15;15;0;0;0
15;16;0;0;0
15;17;37599326939;37599326939;37599326939
15;18;0;0;0
15;19;0;0;0
15;20;0;0;0
15;21;0;0;0
15;22;40719153342;40719153342;40719153342
15;23;0;0;0
15;24;0;0;0
15;25;0;0;0


THREAD; REPETITION; AVERAGE; MIN; MAX (nanoseconds)
16;1;0;0;0
16;2;0;0;0
16;3;0;0;0
16;4;30183527236;30183527236;30183527236
16;5;0;0;0
16;6;0;0;0
16;7;0;0;0
16;8;0;0;0
16;9;0;0;0
16;10;0;0;0
16;11;0;0;0
16;12;0;0;0
16;13;0;0;0
16;14;0;0;0
16;15;0;0;0
16;16;0;0;0
16;17;0;0;0
16;18;0;0;0
16;19;0;0;0
16;20;0;0;0
16;21;0;0;0
16;22;0;0;0
16;23;0;0;0
16;24;0;0;0
16;25;0;0;0


THREAD; REPETITION; AVERAGE; MIN; MAX (nanoseconds)
17;1;0;0;0
17;2;0;0;0
17;3;0;0;0
17;4;0;0;0
17;5;0;0;0
17;6;0;0;0
17;7;0;0;0
17;8;0;0;0
17;9;0;0;0
17;10;0;0;0
17;11;0;0;0
17;12;39611699531;39611699531;39611699531
17;13;0;0;0
17;14;0;0;0
17;15;0;0;0
17;16;0;0;0
17;17;0;0;0
17;18;0;0;0
17;19;0;0;0
17;20;0;0;0
17;21;0;0;0
17;22;0;0;0
17;23;0;0;0
17;24;0;0;0
17;25;0;0;0


THREAD; REPETITION; AVERAGE; MIN; MAX (nanoseconds)
18;1;0;0;0
18;2;15852953448;15852953448;15852953448
18;3;0;0;0
18;4;0;0;0
18;5;0;0;0
18;6;0;0;0
18;7;0;0;0
18;8;0;0;0
18;9;0;0;0
18;10;0;0;0
18;11;0;0;0
18;12;0;0;0
18;13;41450031672;40185547464;42714515881
18;14;0;0;0
18;15;0;0;0
18;16;0;0;0
18;17;0;0;0
18;18;0;0;0
18;19;0;0;0
18;20;0;0;0
18;21;0;0;0
18;22;0;0;0
18;23;0;0;0
18;24;0;0;0
18;25;0;0;0


THREAD; REPETITION; AVERAGE; MIN; MAX (nanoseconds)
19;1;0;0;0
19;2;0;0;0
19;3;0;0;0
19;4;0;0;0
19;5;0;0;0
19;6;0;0;0
19;7;0;0;0
19;8;19908623652;14428729630;25388517675
19;9;0;0;0
19;10;0;0;0
19;11;0;0;0
19;12;0;0;0
19;13;0;0;0
19;14;0;0;0
19;15;0;0;0
19;16;0;0;0
19;17;0;0;0
19;18;0;0;0
19;19;0;0;0
19;20;0;0;0
19;21;0;0;0
19;22;0;0;0
19;23;0;0;0
19;24;0;0;0
19;25;0;0;0


THREAD; REPETITION; AVERAGE; MIN; MAX (nanoseconds)
20;1;0;0;0
20;2;0;0;0
20;3;0;0;0
20;4;0;0;0
20;5;0;0;0
20;6;0;0;0
20;7;0;0;0
20;8;0;0;0
20;9;0;0;0
20;10;0;0;0
20;11;0;0;0
20;12;0;0;0
20;13;0;0;0
20;14;0;0;0
20;15;0;0;0
20;16;27158225766;27158225766;27158225766
20;17;0;0;0
20;18;0;0;0
20;19;0;0;0
20;20;0;0;0
20;21;0;0;0
20;22;0;0;0
20;23;0;0;0
20;24;0;0;0
20;25;0;0;0


THREAD; REPETITION; AVERAGE; MIN; MAX (nanoseconds)
21;1;0;0;0
21;2;0;0;0
21;3;0;0;0
21;4;0;0;0
21;5;0;0;0
21;6;0;0;0
21;7;0;0;0
21;8;0;0;0
21;9;0;0;0
21;10;0;0;0
21;11;0;0;0
21;12;0;0;0
21;13;0;0;0
21;14;0;0;0
21;15;0;0;0
21;16;0;0;0
21;17;0;0;0
21;18;0;0;0
21;19;0;0;0
21;20;0;0;0
21;21;0;0;0
21;22;0;0;0
21;23;0;0;0
21;24;0;0;0
21;25;0;0;0


THREAD; REPETITION; AVERAGE; MIN; MAX (nanoseconds)
22;1;0;0;0
22;2;0;0;0
22;3;0;0;0
22;4;0;0;0
22;5;0;0;0
22;6;0;0;0
22;7;0;0;0
22;8;0;0;0
22;9;0;0;0
22;10;0;0;0
22;11;0;0;0
22;12;0;0;0
22;13;0;0;0
22;14;0;0;0
22;15;0;0;0
22;16;0;0;0
22;17;0;0;0
22;18;0;0;0
22;19;0;0;0
22;20;0;0;0
22;21;0;0;0
22;22;0;0;0
22;23;0;0;0
22;24;0;0;0
22;25;0;0;0


THREAD; REPETITION; AVERAGE; MIN; MAX (nanoseconds)
23;1;0;0;0
23;2;0;0;0
23;3;0;0;0
23;4;0;0;0
23;5;0;0;0
23;6;0;0;0
23;7;0;0;0
23;8;0;0;0
23;9;0;0;0
23;10;0;0;0
23;11;0;0;0
23;12;0;0;0
23;13;0;0;0
23;14;0;0;0
23;15;0;0;0
23;16;0;0;0
23;17;0;0;0
23;18;0;0;0
23;19;0;0;0
23;20;0;0;0
23;21;0;0;0
23;22;0;0;0
23;23;0;0;0
23;24;0;0;0
23;25;0;0;0


THREAD; REPETITION; AVERAGE; MIN; MAX (nanoseconds)
24;1;0;0;0
24;2;0;0;0
24;3;0;0;0
24;4;0;0;0
24;5;0;0;0
24;6;0;0;0
24;7;0;0;0
24;8;0;0;0
24;9;0;0;0
24;10;33121079169;27440082469;36653246502
24;11;0;0;0
24;12;0;0;0
24;13;0;0;0
24;14;0;0;0
24;15;0;0;0
24;16;0;0;0
24;17;0;0;0
24;18;0;0;0
24;19;0;0;0
24;20;21750046950;14515011544;24176724486
24;21;0;0;0
24;22;0;0;0
24;23;0;0;0
24;24;0;0;0
24;25;0;0;0


THREAD; REPETITION; AVERAGE; MIN; MAX (nanoseconds)
25;1;0;0;0
25;2;0;0;0
25;3;0;0;0
25;4;0;0;0
25;5;0;0;0
25;6;0;0;0
25;7;0;0;0
25;8;0;0;0
25;9;0;0;0
25;10;0;0;0
25;11;0;0;0
25;12;0;0;0
25;13;0;0;0
25;14;0;0;0
25;15;0;0;0
25;16;0;0;0
25;17;0;0;0
25;18;0;0;0
25;19;0;0;0
25;20;0;0;0
25;21;0;0;0
25;22;0;0;0
25;23;0;0;0
25;24;0;0;0
25;25;0;0;0


THREAD; REPETITION; AVERAGE; MIN; MAX (nanoseconds)
26;1;24924758786;24518822435;26781930246
26;2;0;0;0
26;3;0;0;0
26;4;0;0;0
26;5;0;0;0
26;6;0;0;0
26;7;0;0;0
26;8;0;0;0
26;9;0;0;0
26;10;0;0;0
26;11;0;0;0
26;12;0;0;0
26;13;0;0;0
26;14;0;0;0
26;15;0;0;0
26;16;38935461490;38932849287;38938073693
26;17;0;0;0
26;18;0;0;0
26;19;0;0;0
26;20;0;0;0
26;21;38080384239;38080384239;38080384239
26;22;0;0;0
26;23;0;0;0
26;24;0;0;0
26;25;0;0;0


THREAD; REPETITION; AVERAGE; MIN; MAX (nanoseconds)
27;1;0;0;0
27;2;0;0;0
27;3;0;0;0
27;4;0;0;0
27;5;0;0;0
27;6;0;0;0
27;7;0;0;0
27;8;0;0;0
27;9;0;0;0
27;10;0;0;0
27;11;0;0;0
27;12;0;0;0
27;13;0;0;0
27;14;0;0;0
27;15;0;0;0
27;16;31245393106;21138511598;42512015074
27;17;0;0;0
27;18;0;0;0
27;19;0;0;0
27;20;0;0;0
27;21;0;0;0
27;22;0;0;0
27;23;0;0;0
27;24;0;0;0
27;25;0;0;0


THREAD; REPETITION; AVERAGE; MIN; MAX (nanoseconds)
28;1;0;0;0
28;2;29003959691;18284162373;49252330813
28;3;0;0;0
28;4;0;0;0
28;5;0;0;0
28;6;0;0;0
28;7;39013466062;38521802143;39502319569
28;8;0;0;0
28;9;0;0;0
28;10;26222486447;26222486447;26222486447
28;11;0;0;0
28;12;0;0;0
28;13;25057077960;13149766311;36964389609
28;14;0;0;0
28;15;0;0;0
28;16;0;0;0
28;17;0;0;0
28;18;0;0;0
28;19;13123543146;13123543146;13123543146
28;20;0;0;0
28;21;0;0;0
28;22;0;0;0
28;23;22159420680;18935331236;24283829718
28;24;0;0;0
28;25;39266609125;38866512364;42455627670


THREAD; REPETITION; AVERAGE; MIN; MAX (nanoseconds)
29;1;23124169517;23084361491;23163977544
29;2;30077597162;21962401507;38110638014
29;3;0;0;0
29;4;0;0;0
29;5;0;0;0
29;6;0;0;0
29;7;0;0;0
29;8;0;0;0
29;9;0;0;0
29;10;0;0;0
29;11;32712378668;24164047246;41260710091
29;12;0;0;0
29;13;0;0;0
29;14;33136085504;20725914397;37736656335
29;15;0;0;0
29;16;0;0;0
29;17;0;0;0
29;18;19850003422;19850003422;19850003422
29;19;0;0;0
29;20;0;0;0
29;21;0;0;0
29;22;0;0;0
29;23;27923554145;16575982631;39271125660
29;24;29324671890;24282161001;36417990345
29;25;0;0;0


THREAD; REPETITION; AVERAGE; MIN; MAX (nanoseconds)
30;1;0;0;0
30;2;34360415383;18364560440;43643610361
30;3;24026600464;22244220634;26276876390
30;4;0;0;0
30;5;0;0;0
30;6;0;0;0
30;7;22289097917;22289097917;22289097917
30;8;0;0;0
30;9;0;0;0
30;10;30614555225;22687780360;42866845088
30;11;30321809667;21167434339;38351833962
30;12;0;0;0
30;13;26992607789;7248298318;36990683453
30;14;0;0;0
30;15;0;0;0
30;16;20912720029;16269209355;24501757416
30;17;23110657958;20487706048;25170485145
30;18;14295562216;14295562216;14295562216
30;19;0;0;0
30;20;23450190449;14741943459;27199062171
30;21;27126292658;27126292658;27126292658
30;22;0;0;0
30;23;24281251196;14060732859;36603975295
30;24;0;0;0
30;25;0;0;0


THREAD; REPETITION; AVERAGE; MIN; MAX (nanoseconds)
31;1;24056408706;24056408706;24056408706
31;2;39583020747;39583020747;39583020747
31;3;0;0;0
31;4;0;0;0
31;5;0;0;0
31;6;30919688832;24629094899;37857147906
31;7;0;0;0
31;8;21283391925;15703466293;26722982809
31;9;0;0;0
31;10;0;0;0
31;11;27637078734;24280029445;37687744462
31;12;0;0;0
31;13;0;0;0
31;14;23811695760;23811695760;23811695760
31;15;25383588097;25371969203;25398018882
31;16;0;0;0
31;17;0;0;0
31;18;0;0;0
31;19;0;0;0
31;20;0;0;0
31;21;0;0;0
31;22;23611525487;23611525487;23611525487
31;23;25019702554;15362560325;34924402053
31;24;0;0;0
31;25;0;0;0


THREAD; REPETITION; AVERAGE; MIN; MAX (nanoseconds)
32;1;0;0;0
32;2;23122306443;22427788518;23470846015
32;3;22470893150;16281726937;25130359864
32;4;25244891948;25222983298;25266800599
32;5;0;0;0
32;6;35602561964;31078835160;38433952360
32;7;0;0;0
32;8;26418600883;21035367833;28022383991
32;9;21565244591;19806470236;23386253979
32;10;0;0;0
32;11;0;0;0
32;12;22147415709;14997627771;26218476720
32;13;0;0;0
32;14;0;0;0
32;15;0;0;0
32;16;32633234784;21212016820;39631265146
32;17;0;0;0
32;18;0;0;0
32;19;0;0;0
32;20;0;0;0
32;21;0;0;0
32;22;31046181482;20671765476;36779131216
32;23;29460421823;20894042678;35490044056
32;24;19116327040;19103646693;19129007388
32;25;0;0;0


THREAD; REPETITION; AVERAGE; MIN; MAX (nanoseconds)
33;1;0;0;0
33;2;21773544385;14352861956;24925235261
33;3;21966756110;15373869374;25354113861
33;4;0;0;0
33;5;24394165948;24391500735;24396831161
33;6;15854638159;15854638159;15854638159
33;7;24002422805;16304876738;35091414551
33;8;25988393340;11747146146;35620903146
33;9;0;0;0
33;10;0;0;0
33;11;0;0;0
33;12;24628827895;24628827895;24628827895
33;13;28505597331;20659740553;36611341874
33;14;31856890173;24815214713;34210435265
33;15;26546140885;14119934377;38127238029
33;16;29703542630;29703542630;29703542630
33;17;23643207795;23629584835;23656830756
33;18;24461796797;24104802845;25147719333
33;19;25204580575;23463129043;25786885833
33;20;34287226007;34278572626;34301479657
33;21;0;0;0
33;22;23730658505;23730658505;23730658505
33;23;0;0;0
33;24;21973070810;21973070810;21973070810
33;25;26395584424;26395584424;26395584424


THREAD; REPETITION; AVERAGE; MIN; MAX (nanoseconds)
34;1;0;0;0
34;2;0;0;0
34;3;27352788180;21751037562;38554551766
34;4;39964787773;39964787773;39964787773
34;5;27170072121;23398262488;38474864403
34;6;0;0;0
34;7;0;0;0
34;8;0;0;0
34;9;24761192903;23265665050;26256720756
34;10;24494843758;24494843758;24494843758
34;11;22509772785;21967861069;23052486978
34;12;25454703391;25454703391;25454703391
34;13;24858375680;24843140399;24896943537
34;14;24109267798;22301394451;26748034736
34;15;39472162127;39471221762;39472658466
34;16;0;0;0
34;17;0;0;0
34;18;19927380941;13345188076;23886740144
34;19;0;0;0
34;20;0;0;0
34;21;0;0;0
34;22;0;0;0
34;23;22539548783;13097761518;25967666003
34;24;0;0;0
34;25;50931787419;50931787419;50931787419


THREAD; REPETITION; AVERAGE; MIN; MAX (nanoseconds)
35;1;0;0;0
35;2;24642256540;18597416013;26664452186
35;3;0;0;0
35;4;0;0;0
35;5;23731037022;23727546448;23736407700
35;6;20620690129;15253696280;25987683979
35;7;23906964067;14067150294;25141386335
35;8;20385145987;19501312876;25683089541
35;9;0;0;0
35;10;0;0;0
35;11;0;0;0
35;12;0;0;0
35;13;0;0;0
35;14;26436182694;20852216902;40273566403
35;15;0;0;0
35;16;0;0;0
35;17;23470446942;22736842672;23729750709
35;18;19498450767;13112459684;23758008421
35;19;22166752603;6023794993;39764063659
35;20;0;0;0
35;21;22636149916;22143615879;23128683953
35;22;24125287921;24125287921;24125287921
35;23;37818899958;37818899958;37818899958
35;24;21734899449;14798607086;24420571260
35;25;0;0;0


THREAD; REPETITION; AVERAGE; MIN; MAX (nanoseconds)
36;1;24340118192;24331359782;24348876603
36;2;0;0;0
36;3;23041328716;15567077031;25019803565
36;4;25130228542;16067655945;40176483324
36;5;0;0;0
36;6;20502541029;11896167879;23793626565
36;7;0;0;0
36;8;21896159760;14595986361;25025718422
36;9;13846418679;13829451439;13863385920
36;10;20234056911;14544875675;25923238148
36;11;0;0;0
36;12;24565561084;20985524417;25461350744
36;13;18715383903;13280036359;24150731448
36;14;25015578050;15908999049;41791686024
36;15;0;0;0
36;16;0;0;0
36;17;15764706269;15764706269;15764706269
36;18;22439146913;13390354291;39674319431
36;19;0;0;0
36;20;25064540200;25060576065;25072591908
36;21;22297236590;21819319425;22785131840
36;22;28656132189;24722461653;42310809334
36;23;0;0;0
36;24;0;0;0
36;25;0;0;0


THREAD; REPETITION; AVERAGE; MIN; MAX (nanoseconds)
37;1;20868690727;13765036339;27320304606
37;2;0;0;0
37;3;26144784724;25373697006;26411456973
37;4;0;0;0
37;5;20417328285;15222898790;25611757780
37;6;14849657988;14849657988;14849657988
37;7;26261598000;25859796078;27260782097
37;8;21967135781;13143269885;24174032175
37;9;22298864311;13458757188;25439472615
37;10;0;0;0
37;11;19329304516;12697698450;23715877228
37;12;21056719485;13173620181;24552338845
37;13;22474158051;14274678905;27568577221
37;14;25029758007;13090072900;36551037143
37;15;0;0;0
37;16;28646361618;23696115707;33596607529
37;17;0;0;0
37;18;21480372854;12679810563;24350718387
37;19;26939312748;26939312748;26939312748
37;20;0;0;0
37;21;0;0;0
37;22;24104430922;15607366300;38069704949
37;23;31886697977;25405657214;35895678781
37;24;21705892198;14386789662;23526059877
37;25;35012436811;27241049980;42783823642


THREAD; REPETITION; AVERAGE; MIN; MAX (nanoseconds)
38;1;0;0;0
38;2;21768928139;21466593869;22071262409
38;3;0;0;0
38;4;25582941262;16185552564;40106220972
38;5;26290974900;17715699901;39901158038
38;6;0;0;0
38;7;30888427067;21413910846;37992949453
38;8;23267048186;22616383855;23595240107
38;9;21974461465;20145597485;23360159741
38;10;24088642667;15561024027;26223451305
38;11;0;0;0
38;12;23684107547;23211359055;24156856039
38;13;36024437149;36022924702;36025949597
38;14;19540223328;12998321016;22358422579
38;15;0;0;0
38;16;24689574513;24689574513;24689574513
38;17;32509386089;20319587406;38652840724
38;18;30974889162;19139325180;41599716096
38;19;31981471143;25893453148;38069489139
38;20;27738462989;25579352892;28860491487
38;21;23675789325;22900720273;23893392806
38;22;26961553294;21870419774;35346078622
38;23;23503792823;23503402248;23504299149
38;24;24149604349;23451696026;24847512672
38;25;0;0;0


THREAD; REPETITION; AVERAGE; MIN; MAX (nanoseconds)
39;1;0;0;0
39;2;24032952333;13799552387;38778746601
39;3;18161309555;12542734901;23608098795
39;4;20080320578;16232127966;23928513191
39;5;0;0;0
39;6;0;0;0
39;7;22174757206;14531273108;24027054486
39;8;20565048490;12999645136;23428232918
39;9;0;0;0
39;10;0;0;0
39;11;21528342813;20478898855;22577786771
39;12;0;0;0
39;13;0;0;0
39;14;24060756674;24060756674;24060756674
39;15;0;0;0
39;16;38987003027;38987003027;38987003027
39;17;0;0;0
39;18;22693887266;14245225301;24393030469
39;19;22265902637;20470754802;23019232821
39;20;25134949693;25134949693;25134949693
39;21;41340204622;41340204622;41340204622
39;22;23128092877;23119831152;23135266983
39;23;21700034250;13140054812;26965533049
39;24;0;0;0
39;25;23570528377;23564877240;23576179515


THREAD; REPETITION; AVERAGE; MIN; MAX (nanoseconds)
40;1;27218184993;27218184993;27218184993
40;2;24213123735;23693114069;24742581389
40;3;26485986668;23579243032;38102123733
40;4;0;0;0
40;5;0;0;0
40;6;23380734981;22900629619;23860840344
40;7;0;0;0
40;8;36749641963;25519472237;38985889757
40;9;26713284579;22149325892;36188490716
40;10;25505084033;13583691434;42462147983
40;11;20069583145;14537665751;25601500540
40;12;25974038064;25277005458;27351282006
40;13;0;0;0
40;14;20259504169;13619244904;24699577321
40;15;0;0;0
40;16;26737416650;23749017054;39409627970
40;17;24259261233;24259261233;24259261233
40;18;0;0;0
40;19;25761843032;24787455738;26833503840
40;20;0;0;0
40;21;30355657120;24516600993;40995341168
40;22;0;0;0
40;23;26054316959;26054316959;26054316959
40;24;17543152237;13260445252;21825859222
40;25;0;0;0


THREAD; REPETITION; AVERAGE; MIN; MAX (nanoseconds)
41;1;0;0;0
41;2;24607756364;24607756364;24607756364
41;3;0;0;0
41;4;24718826555;24718351704;24719301406
41;5;26160949610;16515618535;28957183943
41;6;20828856810;13597307828;24960501475
41;7;20597394943;6026412156;23715097799
41;8;23467033729;23467033729;23467033729
41;9;0;0;0
41;10;0;0;0
41;11;15415561161;14462182764;16368939558
41;12;22249379274;21590006760;22593277149
41;13;19538371218;14849575854;24227166582
41;14;0;0;0
41;15;24487698088;24487698088;24487698088
41;16;32244274377;24388062868;40100485886
41;17;29682247156;24121731812;47417754980
41;18;0;0;0
41;19;29294162037;23989301224;39894468081
41;20;28014128507;27988029135;28040227879
41;21;0;0;0
41;22;25036345768;25030393876;25042183434
41;23;23967324199;14584252328;35010823094
41;24;24228662511;13034592875;37863994865
41;25;20830726042;14606550554;24469809361


THREAD; REPETITION; AVERAGE; MIN; MAX (nanoseconds)
42;1;24734969633;14610701779;39190651536
42;2;0;0;0
42;3;48001678634;48001678634;48001678634
42;4;31749177828;23772761133;39725594524
42;5;0;0;0
42;6;20322721649;13223065222;23880959521
42;7;24462172675;13497289180;36544122298
42;8;20374515936;15618677653;23424345203
42;9;0;0;0
42;10;0;0;0
42;11;21880588997;19842692227;26335892271
42;12;22864797550;22864797550;22864797550
42;13;0;0;0
42;14;18557179020;13419845749;23694512291
42;15;0;0;0
42;16;0;0;0
42;17;23726565936;18950144641;24687700252
42;18;23783209155;23783044982;23783513058
42;19;31882323451;23500491892;39069257336
42;20;0;0;0
42;21;32915301765;24807750007;40884207490
42;22;31286644965;24041826196;36120309356
42;23;0;0;0
42;24;25225554644;25225554644;25225554644
42;25;0;0;0


THREAD; REPETITION; AVERAGE; MIN; MAX (nanoseconds)
43;1;32898226769;24984956189;43718090358
43;2;24492986306;22685766278;27130807687
43;3;26967776543;23244858146;38125239451
43;4;20328411746;13477548054;24003258445
43;5;26926795668;15039198208;41631001356
43;6;0;0;0
43;7;21350158978;15731847764;23570394072
43;8;24483612774;24479746448;24485433624
43;9;30100467011;24214227856;36066793406
43;10;0;0;0
43;11;19039927476;10975232677;23708596203
43;12;25370064910;23633819940;27106309880
43;13;20242097878;13587225401;24404451054
43;14;14795390685;14156510254;15434271116
43;15;0;0;0
43;16;22933851678;13986828843;38692426412
43;17;29515673802;23853749428;40837376538
43;18;0;0;0
43;19;18117006421;14384559421;21849453422
43;20;28031972150;28031972150;28031972150
43;21;23479671858;23479671858;23479671858
43;22;39419948205;39419948205;39419948205
43;23;0;0;0
43;24;23881550449;23881550449;23881550449
43;25;32252481181;23526016016;36618524142


THREAD; REPETITION; AVERAGE; MIN; MAX (nanoseconds)
44;1;24341237671;23931606321;24954673359
44;2;19693256884;12995240806;22968721863
44;3;24421308317;22624372161;27062805678
44;4;28234495259;23436709694;37829510525
44;5;36186382697;36186382697;36186382697
44;6;20222671177;12915952656;23219544314
44;7;24102786024;24097619530;24106100775
44;8;0;0;0
44;9;23857950482;13289617256;37801827048
44;10;0;0;0
44;11;21098978833;16234045180;23244073968
44;12;24882623805;24244582762;25520664848
44;13;24697029761;20321578371;36452222418
44;14;17904575798;14093758215;23181108144
44;15;0;0;0
44;16;27619826193;27619826193;27619826193
44;17;21896848436;21894000006;21898435765
44;18;0;0;0
44;19;24040116761;24040116761;24040116761
44;20;26037150766;15597763473;40357813214
44;21;22244143429;13264743913;23744105117
44;22;30646084628;23615071609;38271459711
44;23;23886608982;23886608982;23886608982
44;24;28111640114;24109867315;40112592033
44;25;0;0;0


THREAD; REPETITION; AVERAGE; MIN; MAX (nanoseconds)
45;1;24324190109;23763612903;25748042489
45;2;38733195839;38733195839;38733195839
45;3;0;0;0
45;4;0;0;0
45;5;26598048495;13551604254;42345117885
45;6;22670019164;22670019164;22670019164
45;7;24462290660;15376306207;34182358861
45;8;0;0;0
45;9;27434750296;27434750296;27434750296
45;10;37421439317;37421439317;37421439317
45;11;23850114540;23850114540;23850114540
45;12;0;0;0
45;13;25719931863;25719321799;25720541927
45;14;22607369255;14102107460;24517101335
45;15;25924858508;20708096630;38546549003
45;16;23581304705;23573217406;23585606760
45;17;36501353244;36501353244;36501353244
45;18;0;0;0
45;19;19695590297;12329943680;23492615472
45;20;40715735100;40715735100;40715735100
45;21;28708192294;24365777913;39029850232
45;22;23586721007;23586532925;23586999674
45;23;0;0;0
45;24;28774689190;24023520518;38345647561
45;25;0;0;0


THREAD; REPETITION; AVERAGE; MIN; MAX (nanoseconds)
46;1;35978050964;35974407711;35982292931
46;2;0;0;0
46;3;0;0;0
46;4;26143375170;21261607131;34176150111
46;5;0;0;0
46;6;35352486210;34167499501;36537472919
46;7;23957153144;23957153144;23957153144
46;8;0;0;0
46;9;41861079550;41861079550;41861079550
46;10;34979557550;26363307487;43292545840
46;11;20378138469;13254077474;23940232487
46;12;0;0;0
46;13;13364361881;13364361881;13364361881
46;14;27668883109;23812691558;39235550818
46;15;0;0;0
46;16;27951061797;27951061797;27951061797
46;17;22990792726;15389223002;26220334008
46;18;25062492090;25062492090;25062492090
46;19;36341093701;36341093701;36341093701
46;20;23403785420;23383024937;23414560231
46;21;0;0;0
46;22;25282325295;22732966620;26208129734
46;23;23451340498;23449970317;23452436344
46;24;0;0;0
46;25;0;0;0


THREAD; REPETITION; AVERAGE; MIN; MAX (nanoseconds)
47;1;0;0;0
47;2;0;0;0
47;3;0;0;0
47;4;23929129288;23146404431;25126784060
47;5;20742717172;13921164701;24960769805
47;6;36589626964;36589626964;36589626964
47;7;31252709632;23537172252;38968247012
47;8;0;0;0
47;9;0;0;0
47;10;30266904942;30266904942;30266904942
47;11;0;0;0
47;12;24380441462;23221828123;26697238546
47;13;21323043236;16330785407;23052633925
47;14;0;0;0
47;15;31440464803;23412340815;35455119995
47;16;0;0;0
47;17;0;0;0
47;18;0;0;0
47;19;32981476416;24990414843;40972537990
47;20;0;0;0
47;21;0;0;0
47;22;24292136151;23966650370;24931355941
47;23;28368219756;24266538345;40668469107
47;24;0;0;0
47;25;26376593623;14946159218;37458943386


THREAD; REPETITION; AVERAGE; MIN; MAX (nanoseconds)
48;1;25259944444;25256829709;25263647964
48;2;33986774366;23845701549;39575673375
48;3;20842765543;13554395530;23604716940
48;4;23331615023;15510140326;26736930322
48;5;0;0;0
48;6;0;0;0
48;7;19400789067;19400789067;19400789067
48;8;23993300219;23981437236;24004261784
48;9;25923345495;25922183475;25924507515
48;10;0;0;0
48;11;0;0;0
48;12;38244126557;37730027489;38758225626
48;13;0;0;0
48;14;37871533673;37871533673;37871533673
48;15;0;0;0
48;16;23321704853;23321704853;23321704853
48;17;0;0;0
48;18;27738298704;24517224186;37395564310
48;19;0;0;0
48;20;0;0;0
48;21;25259853574;23229187717;26759365925
48;22;0;0;0
48;23;34622425708;27211982459;47343343358
48;24;24654917594;23277029762;26032805427
48;25;0;0;0


THREAD; REPETITION; AVERAGE; MIN; MAX (nanoseconds)
49;1;23519107905;23514775062;23522371908
49;2;26223799533;26223799533;26223799533
49;3;0;0;0
49;4;41706383213;41706383213;41706383213
49;5;27853387292;24244799059;40214865786
49;6;22137199455;20890494532;23383904379
49;7;22845416038;22845416038;22845416038
49;8;25087765694;25087765694;25087765694
49;9;24330487673;22295777256;26365198091
49;10;0;0;0
49;11;37042914462;35762587912;38323241013
49;12;32702867846;25627426531;45380002556
49;13;21934898290;15274652435;28595144145
49;14;37049290272;37046305186;37052177581
49;15;0;0;0
49;16;0;0;0
49;17;33412053287;24171255705;37695078075
49;18;28833449153;28833449153;28833449153
49;19;0;0;0
49;20;0;0;0
49;21;41328618267;41179829420;41477407114
49;22;0;0;0
49;23;14926755635;13409799011;16443712259
49;24;26534917846;23464634263;35735943186
49;25;37309847969;37309847969;37309847969


THREAD; REPETITION; AVERAGE; MIN; MAX (nanoseconds)
50;1;32881765629;26884482315;38879048943
50;2;23970590047;23970590047;23970590047
50;3;23872956325;23660672236;24704589061
50;4;25625393328;20040003059;36220561552
50;5;0;0;0
50;6;0;0;0
50;7;33468263005;24122427851;38141366640
50;8;31898758920;24549048063;39248469778
50;9;0;0;0
50;10;25844622238;25174623031;26453842039
50;11;24422626444;23045269301;26574058854
50;12;23577378480;23576285673;23578471287
50;13;19684679652;13597416711;25771942594
50;14;0;0;0
50;15;0;0;0
50;16;0;0;0
50;17;28158096303;24047163816;36369027767
50;18;28861618376;23615952517;39349610076
50;19;28070335196;21861025493;40211877487
50;20;0;0;0
50;21;0;0;0
50;22;28479781613;23491297008;33468266219
50;23;27490169701;27490169701;27490169701
50;24;24756972342;22996037555;26533304443
50;25;0;0;0


