THREAD; AVERAGE-REPETITIONS; MIN-REPETITIONS; MAX-REPETITIONS (nanoseconds)
1;14556798552;983175378;39816803303
2;829906749;3271331;1069266962
3;633339586;2792701;757245021
4;495433268;2445581;648224461
5;425962465;2360232;570449847
6;393909024;2302630;515342218
7;335415505;2259776;499331188
8;302488601;2227065;464407258
9;278482589;2233554;426244410
10;264696244;2227252;417682283
11;251371005;2282706;418394150
12;262024877;2336917;450444710
13;265773939;2391002;445759500
14;262531250;2483206;437368657
15;265869143;2562767;457713321
16;265694352;2643020;442959068
17;267574049;2736250;437747931
18;270940926;2840120;438352659
19;272453966;2931283;450706656
20;270854926;2890059;450442380
21;269023911;2934230;443651721
22;265932230;3035620;420747352
23;263650693;3171165;433036005
24;264035492;3248289;439704903
25;263262274;3363846;425135962
26;264389400;3574264;420586839
27;265874543;3575401;429843245
28;265462500;3913089;418504851
29;267064978;4007553;438020971
30;269268976;4243910;446329913
31;271797460;4506949;440704231
32;269543638;4758901;435587886
33;268579064;4931339;425103564
34;270872622;4562320;427020160
35;271433227;4391270;435864678
36;271798839;5028921;422642799
37;270161918;4986848;415681537
38;272030255;5037062;430458865
39;272348657;5101958;437357217
40;272235785;5734038;422945896
41;264012143;5280978;414136383
42;265157150;4842112;418901022
43;266707071;4921617;430817366
44;266734291;5472759;421080514
45;268516873;5897308;423983221
46;270892407;5420135;428915222
47;272062276;5356155;449350406
48;272084933;5728356;435615325
49;272670822;6214454;436080247
50;273277010;6431856;431560698
THREAD; REPETITION; AVERAGE; MIN; MAX (nanoseconds)
1;1;15127233647;3009968236;39617261900
1;2;14451099652;265796491;48500089816
1;3;14906015482;267241158;48009054224
1;4;15230513411;270622034;46958694611
1;5;16156450184;266334688;44373366727
1;6;13928064704;266000498;36250377353
1;7;15198707167;267121869;44078931051
1;8;14012889709;872864987;37579435305
1;9;14865245868;283773286;43192238819
1;10;14625432092;280716614;36376128251
1;11;12975260659;284510392;39820375984
1;12;14690615345;281582506;38436579300
1;13;14982258776;1768891578;40782455801
1;14;14776098282;265980523;44858482643
1;15;14396083278;281071058;32867122428
1;16;15133688622;1822194161;38670930314
1;17;13505874461;280438575;32833978760
1;18;14349542319;268967145;34024950937
1;19;14674079068;1767603634;33275795387
1;20;14435764589;1710629005;33193946298
1;21;14291532221;285163966;38448112260
1;22;14433312777;3089589668;42332629705
1;23;13502044164;2947865580;33076814651
1;24;14465629125;1748136775;48710091645
1;25;14806528214;1726320035;39152238412


THREAD; REPETITION; AVERAGE; MIN; MAX (nanoseconds)
2;1;828323209;3237632;952496407
2;2;828593519;3226807;997716958
2;3;821738109;3196216;936120373
2;4;826504111;3479073;1555206249
2;5;838471640;3201175;1500095823
2;6;838658072;3454070;1470796358
2;7;834501559;3249155;980750905
2;8;834824328;3291271;962982586
2;9;818009973;3230788;990703287
2;10;838347133;3094248;1604657296
2;11;822326320;3292946;980449261
2;12;828424420;3249645;1148521880
2;13;835525315;3278768;973906530
2;14;820711687;3205366;972631717
2;15;820741345;3226388;955583461
2;16;839161553;3257606;985707891
2;17;829582279;3224921;968562345
2;18;828075032;3277512;930305528
2;19;837384319;3283798;942760811
2;20;823801900;3258864;961178795
2;21;817790992;3255232;933886360
2;22;845941776;3271086;1154022020
2;23;824762278;3256349;970165342
2;24;827534355;3456375;969218295
2;25;837933509;3328007;933247592


THREAD; REPETITION; AVERAGE; MIN; MAX (nanoseconds)
3;1;627918876;2741759;737809973
3;2;626470821;2753143;761956128
3;3;639529497;2871245;746211111
3;4;629714541;2687911;741941084
3;5;635321664;2814534;723390892
3;6;629621573;2794699;806144985
3;7;640194803;2812090;813755170
3;8;635759667;2705302;724063533
3;9;629897978;2824870;728853528
3;10;626950238;2851968;727254441
3;11;634508886;2869080;762739119
3;12;638146582;2807619;765975215
3;13;641943427;2798680;800841238
3;14;635244121;2834857;739645331
3;15;629228675;2586711;726274639
3;16;641290493;2807340;741848614
3;17;639606230;2784362;806495518
3;18;640548930;2684350;736288620
3;19;625983614;2888147;782882950
3;20;628672239;2809924;711630808
3;21;627837069;2797212;844001612
3;22;631156600;2796655;780040760
3;23;633382649;2837721;761368065
3;24;632344990;2837652;743310253
3;25;632215496;2819702;716401945


THREAD; REPETITION; AVERAGE; MIN; MAX (nanoseconds)
4;1;488231625;2223816;621990994
4;2;492972005;2326972;624745813
4;3;502582165;2597257;644088984
4;4;502087562;2729397;625063311
4;5;494062124;2633086;617228098
4;6;487063474;2290654;574153838
4;7;493376115;2157747;705937696
4;8;491626384;2310978;666132707
4;9;505585703;2648590;667752466
4;10;494465121;2784083;600428756
4;11;494706574;2308394;622130537
4;12;490254963;2382216;692842317
4;13;496144722;2316845;623909604
4;14;499762140;2641747;680065344
4;15;493156427;2682394;598902654
4;16;488930844;2489702;623940752
4;17;491123583;2341499;635862239
4;18;489504392;2319149;640486780
4;19;501897249;2467981;744899212
4;20;497823213;2690077;643295447
4;21;495244953;2349601;636206627
4;22;484094332;2324527;575230441
4;23;504640885;2331092;777090804
4;24;503266095;2429429;653581042
4;25;503229066;2362311;709645080


THREAD; REPETITION; AVERAGE; MIN; MAX (nanoseconds)
5;1;420956371;2550953;543814298
5;2;421023536;2441791;554324921
5;3;413995121;2305251;515110231
5;4;426413727;2287930;645414362
5;5;426798508;2316635;582337490
5;6;438559561;2421187;583382804
5;7;427833956;2373696;543265624
5;8;418485061;2271728;566097856
5;9;428665553;2276198;604864166
5;10;442123879;2641257;657336547
5;11;431935200;2332349;548121689
5;12;418139051;2266350;506736052
5;13;419226047;2377747;530078893
5;14;421898986;2379842;582002671
5;15;418146403;2236387;607182756
5;16;428487747;2455619;542502818
5;17;422634702;2459181;571073628
5;18;422838275;2442210;552571765
5;19;424293146;2311537;617735075
5;20;429266179;2495289;542873396
5;21;422888484;2195251;525344143
5;22;427890088;2315238;543944831
5;23;433730980;2310629;560640877
5;24;424278916;2248260;617952072
5;25;438552170;2293308;616537228


THREAD; REPETITION; AVERAGE; MIN; MAX (nanoseconds)
6;1;387232357;2283880;510631170
6;2;381191689;2335632;493218132
6;3;383155098;2362521;531281001
6;4;407382745;2275080;493902438
6;5;389264550;2355816;539162868
6;6;391151779;2218439;511224960
6;7;366087899;2377397;488407186
6;8;391120031;2333676;511218256
6;9;383333660;2290235;497138812
6;10;418664586;2185543;501090082
6;11;407054652;2313144;560918845
6;12;384542897;2269073;505667689
6;13;394058391;2212851;501298140
6;14;387798983;2313563;516761837
6;15;412858033;2258108;514162066
6;16;377311811;2447308;502353302
6;17;392089281;2312654;535451992
6;18;385565977;2333606;505782370
6;19;394302505;2251404;513191690
6;20;409820827;2297010;537793002
6;21;404430613;2320057;489626685
6;22;414802204;2382356;518691970
6;23;387402747;2246793;533445312
6;24;390629509;2365384;520294409
6;25;406472781;2224236;550841238


THREAD; REPETITION; AVERAGE; MIN; MAX (nanoseconds)
7;1;324055186;2262578;466910529
7;2;339477142;2271658;501257422
7;3;332728921;2179048;455409277
7;4;335630335;2307276;490547821
7;5;327744303;2224584;489461021
7;6;326693057;2250216;479487197
7;7;333816653;2331721;472716085
7;8;342308382;2338147;477693393
7;9;340896171;2296800;512856523
7;10;326394723;2208172;479309730
7;11;330355156;2216482;464772408
7;12;326209310;2241835;486207255
7;13;341189102;2277175;496559409
7;14;336169182;2192807;487597027
7;15;333610503;2238273;472810651
7;16;327944498;2097194;459656534
7;17;341613765;2210826;558043829
7;18;337917148;2328089;599443784
7;19;352893557;2294216;705982604
7;20;342284795;2268933;496761530
7;21;337405944;2281086;501162717
7;22;325915716;2325924;454631384
7;23;334254587;2306508;476207451
7;24;341416235;2232337;501432724
7;25;346463278;2312515;496361409


THREAD; REPETITION; AVERAGE; MIN; MAX (nanoseconds)
8;1;301519365;2122267;451315600
8;2;297544148;2227309;409084255
8;3;304746102;2072470;453673442
8;4;309062638;2291352;490778786
8;5;309934274;2222699;482221484
8;6;302850921;2266071;470333310
8;7;301437892;2182191;479133311
8;8;303852643;2271798;619455685
8;9;304207477;2212851;437127345
8;10;306364646;2223816;489936151
8;11;308597119;2271099;455948731
8;12;299436697;2232616;389206031
8;13;302164442;2236039;461626478
8;14;300228302;2244559;502114584
8;15;303719130;2298966;460998814
8;16;300956791;2165498;396253155
8;17;299841344;2297499;425583000
8;18;298717007;2372159;408036915
8;19;302956617;2183728;523896892
8;20;296971637;2216832;508750763
8;21;308168274;2278222;412153919
8;22;304908308;2246305;470031736
8;23;297322272;2201467;409034249
8;24;296603456;2133511;582382887
8;25;300103537;2205308;421103939


THREAD; REPETITION; AVERAGE; MIN; MAX (nanoseconds)
9;1;283264345;2228077;484612220
9;2;280585336;2290026;382067553
9;3;276836183;2308114;374672968
9;4;274554733;2176743;444878679
9;5;272952002;2233384;486919637
9;6;284071617;2175975;506855900
9;7;286973443;2305391;410215614
9;8;274566602;2194204;382977166
9;9;270797303;2236597;375809076
9;10;275535760;2278712;387970328
9;11;279199429;2271448;426935197
9;12;286134383;2248749;403827652
9;13;279424546;2248190;386875287
9;14;274022793;2264045;380319635
9;15;280258560;2234712;474105717
9;16;274681120;2223607;429889833
9;17;281243630;2259016;448208432
9;18;278148421;2169061;398082996
9;19;277725968;2167384;375331711
9;20;276307987;2164730;393322615
9;21;279999041;2262299;511393976
9;22;281357297;2257899;464466573
9;23;274739723;2247073;403241474
9;24;276251370;2203702;376819261
9;25;282433136;2189733;546310774


THREAD; REPETITION; AVERAGE; MIN; MAX (nanoseconds)
10;1;254718889;2251823;551801765
10;2;265848392;2276895;520106745
10;3;276458800;2124153;389827548
10;4;262511581;2190013;394856818
10;5;257045281;2254966;448705073
10;6;256022427;2264882;382911515
10;7;264572993;2271308;449410190
10;8;276416234;2271308;392107237
10;9;266688494;2290305;399836851
10;10;255934255;2240718;362959678
10;11;257118479;2189315;389489935
10;12;268558720;2230102;466996154
10;13;264775523;2199720;364278211
10;14;257948262;2260483;375204111
10;15;260268230;2142311;374602219
10;16;259605333;2128623;494825180
10;17;269074200;2298057;449610565
10;18;278761617;2255314;410717005
10;19;260321059;2185334;356554185
10;20;258833095;2203981;361389226
10;21;266064787;2184915;473160066
10;22;264664862;2245048;491718710
10;23;281412434;2262858;400133048
10;24;265426245;2203423;367060478
10;25;268355926;2255454;373794575


THREAD; REPETITION; AVERAGE; MIN; MAX (nanoseconds)
11;1;237826874;2285137;352842750
11;2;252114627;2251962;505589607
11;3;249199506;2254407;467036453
11;4;255407854;2286255;389152951
11;5;246271290;2247772;368833958
11;6;245455124;2175346;390098113
11;7;252106933;2258598;560353062
11;8;260079626;2342616;454464744
11;9;256096763;2371950;370133634
11;10;255996282;2231150;369786592
11;11;248594341;2376628;384256240
11;12;245898888;2245327;487131185
11;13;247422480;2279968;413153208
11;14;259478207;2215785;440300373
11;15;262434171;2357632;380505692
11;16;252495793;2338007;406597556
11;17;246386668;2270889;420102555
11;18;243930894;2184356;407681144
11;19;251730498;2289676;467973165
11;20;252918912;2287232;383896208
11;21;248210616;2263905;389155047
11;22;246032824;2313632;363427125
11;23;243764792;2341709;368531825
11;24;265919191;2353442;498454971
11;25;258501976;2244279;420395608


THREAD; REPETITION; AVERAGE; MIN; MAX (nanoseconds)
12;1;264143051;2279550;375561350
12;2;259252939;2334863;362347938
12;3;261602461;2325156;531024613
12;4;261933318;2359448;391849243
12;5;263038477;2378724;421261851
12;6;267387696;2366921;408692725
12;7;256509956;2334375;368458770
12;8;255728696;2339892;505306749
12;9;261621912;2444375;464463081
12;10;265167505;2340521;564852516
12;11;263674612;2182679;362013259
12;12;257615949;2394299;432991972
12;13;260966378;2277454;550833696
12;14;256694835;2344642;425076441
12;15;268216572;2357842;410682642
12;16;265937806;2373625;380755864
12;17;264161107;2326273;409676858
12;18;260186265;2371949;443446025
12;19;260627975;2393181;498030197
12;20;265319836;2296311;584909674
12;21;265846023;2397023;389590437
12;22;262554821;2451220;388348799
12;23;259811655;2400654;581417750
12;24;252023381;2187987;433190740
12;25;270598715;2163963;576334563


THREAD; REPETITION; AVERAGE; MIN; MAX (nanoseconds)
13;1;266074625;2201117;396509123
13;2;265511512;2301270;418198821
13;3;254582242;2410782;365289164
13;4;264174011;2398559;524517572
13;5;266715617;2280178;474224937
13;6;277904269;2498432;475541305
13;7;266512612;2344153;419502967
13;8;254992875;2340381;366957881
13;9;266554875;2404216;663923348
13;10;267319291;2415111;407871531
13;11;266379138;2432991;450970305
13;12;271796683;2433340;430784639
13;13;267986381;2512959;393343846
13;14;264580927;2291701;416259609
13;15;258861506;2351765;435618703
13;16;277750922;2396394;497199713
13;17;273294086;2491518;421996720
13;18;262006308;2339613;378011451
13;19;259286590;2361054;419391222
13;20;264287832;2416089;665052192
13;21;262884857;2389549;429865598
13;22;271466065;2622610;403385766
13;23;270580419;2458413;398185453
13;24;258414640;2318032;390071154
13;25;264430204;2364825;501314483


THREAD; REPETITION; AVERAGE; MIN; MAX (nanoseconds)
14;1;258728571;2373486;437398538
14;2;276256461;2411829;448314869
14;3;274752664;2546552;451943264
14;4;260893138;2237505;420664568
14;5;256067162;2564572;444557269
14;6;254126933;2483486;409532287
14;7;285260890;2652502;563274034
14;8;262398088;2607944;433270849
14;9;255670476;2572743;406653290
14;10;259614402;2473150;395567663
14;11;260274121;2257759;554538775
14;12;263063188;2609130;464003456
14;13;268982018;2475455;404033543
14;14;261151568;2644750;407986909
14;15;251603959;2456807;358822629
14;16;253154110;2472172;390238494
14;17;259693541;2427962;451045874
14;18;273391588;2573511;462509831
14;19;263375730;2635531;412102935
14;20;255255161;2286603;410850890
14;21;252184480;2401213;388097300
14;22;261942092;2421956;417539310
14;23;274703961;2601658;590275720
14;24;266776669;2433200;419768993
14;25;253960287;2458693;391225142


THREAD; REPETITION; AVERAGE; MIN; MAX (nanoseconds)
15;1;255915519;2482718;418255253
15;2;257453581;2574420;394064818
15;3;270907443;2571486;394738019
15;4;269907844;2678204;392336316
15;5;265002878;2712775;409213811
15;6;257078520;2505416;459901887
15;7;264181555;2506325;445734304
15;8;271417746;2531048;493178882
15;9;273465920;2586432;427443781
15;10;264573486;2481112;422650295
15;11;259036826;2374603;487341408
15;12;262092836;2462743;440956882
15;13;269345103;2447448;455550705
15;14;268774224;2776261;374230384
15;15;271156099;2687842;414578110
15;16;262261464;2738197;401052019
15;17;259505509;2383892;395135345
15;18;269594976;2524623;511097779
15;19;278641611;2639511;645897244
15;20;266073311;2641746;480736798
15;21;264535052;2671569;398205638
15;22;258176035;2460299;568086656
15;23;264984583;2492984;593465440
15;24;273565718;2511562;594779923
15;25;269080760;2625962;424201330


THREAD; REPETITION; AVERAGE; MIN; MAX (nanoseconds)
16;1;269642138;2621143;419980123
16;2;261162801;2600051;517786758
16;3;259589316;2589994;494568305
16;4;269260237;2651175;414825139
16;5;272085274;2647473;419132949
16;6;270191883;2779753;425036143
16;7;261655056;2628686;478332093
16;8;270860980;2654876;477804930
16;9;270147467;2361543;471957959
16;10;273481068;2792604;398409924
16;11;262996466;2712635;414177779
16;12;255457853;2351696;467471633
16;13;255728188;2691124;425145794
16;14;277760008;2703347;434705110
16;15;277054593;2816489;414027411
16;16;262358383;2484952;395165168
16;17;254910749;2764598;406675918
16;18;254716264;2781848;395615434
16;19;261043305;2702718;529988658
16;20;273861238;2562197;434993274
16;21;267100850;2583219;456299474
16;22;259768367;2561010;407265658
16;23;258474456;2584686;416793964
16;24;269314831;2735892;542003872
16;25;273737035;2711797;415813252


THREAD; REPETITION; AVERAGE; MIN; MAX (nanoseconds)
17;1;273467526;2619398;400246120
17;2;260842718;2580985;378888937
17;3;263997036;2618001;404075239
17;4;273338775;2789391;519710466
17;5;269676041;2390178;434582747
17;6;275167771;3055067;423283965
17;7;261697260;2710400;500065790
17;8;261290963;2826058;430263483
17;9;254308595;2692102;359114775
17;10;262941185;2881791;381299927
17;11;274803682;2760896;412618923
17;12;266378599;2615556;405757925
17;13;261485562;2839537;482564963
17;14;272081893;2449753;412994389
17;15;283003205;3009251;427203667
17;16;277574416;2862934;409669875
17;17;276920495;2907563;418804276
17;18;266463733;2765296;401127307
17;19;254708084;2452128;402636578
17;20;270825529;2837861;478951166
17;21;275469497;2856299;669897850
17;22;276881846;2982852;417675849
17;23;259640432;2629036;400756241
17;24;260528527;2625334;481290569
17;25;255857876;2648591;490217263


THREAD; REPETITION; AVERAGE; MIN; MAX (nanoseconds)
18;1;273106277;2793790;441632805
18;2;279004633;2962947;431327515
18;3;272316455;2681626;406493144
18;4;267538930;2483137;381803972
18;5;271086377;2818585;412415823
18;6;274451896;2801404;442682729
18;7;271602854;2850852;397058635
18;8;277162261;2871594;412950529
18;9;265525069;2988019;401078489
18;10;265103900;2675200;531341204
18;11;282814476;2714591;511998732
18;12;270772047;2963784;369448073
18;13;282404793;2886470;448150952
18;14;264208713;3030762;431901820
18;15;260305899;2940248;441615345
18;16;269725263;2776610;474928028
18;17;279751609;2744134;496687637
18;18;280851306;3069944;394975548
18;19;265147308;2919645;409263957
18;20;261403853;3048083;560491696
18;21;265171669;2959384;439899764
18;22;267160275;2678693;443256824
18;23;277276819;3048572;467057614
18;24;263846811;2526508;388757580
18;25;265783680;2768439;421598066


THREAD; REPETITION; AVERAGE; MIN; MAX (nanoseconds)
19;1;260966844;2998775;420247056
19;2;270481242;3030344;526529699
19;3;278005509;2854483;397344425
19;4;272796500;3068826;407979506
19;5;265992046;2839537;418024708
19;6;262008745;2960222;427346073
19;7;268708280;3014629;466512015
19;8;281819088;2872292;485120735
19;9;277656219;3049340;400108603
19;10;270639954;3199918;420540949
19;11;270443124;2681277;497093416
19;12;274324327;2917620;453940515
19;13;283404172;2580217;472344460
19;14;277947003;3149074;389485325
19;15;267777200;2860141;398097314
19;16;258480985;2834020;429401363
19;17;268245416;3019797;521270092
19;18;272900915;2868521;508303989
19;19;281205723;3165696;402877321
19;20;265932276;3063239;360544776
19;21;270219062;2652642;633431483
19;22;271061884;2606057;527044079
19;23;278942101;2966508;460156947
19;24;285739943;2885772;444654418
19;25;275650595;3143137;399267155


THREAD; REPETITION; AVERAGE; MIN; MAX (nanoseconds)
20;1;263867401;2935848;406080452
20;2;261093574;3034813;428574162
20;3;276916080;2972444;578364359
20;4;273994714;3102908;473844999
20;5;273177463;2847988;436034468
20;6;268009295;2981454;421737260
20;7;264514974;2947022;481672810
20;8;271909722;2731981;516250948
20;9;273131816;2892616;435350093
20;10;270601341;2878229;363565551
20;11;275476116;2942343;415089698
20;12;265279081;3064286;539710285
20;13;264839988;2859372;680605077
20;14;273220829;3150401;488573687
20;15;277088430;2516171;429183667
20;16;270389841;3199708;399281961
20;17;260364854;2476571;383000353
20;18;264037019;2548159;407534128
20;19;276873422;2809086;492548495
20;20;279440603;3012674;405416960
20;21;269778282;3022731;385708030
20;22;267903017;2605010;376240346
20;23;274582584;2771232;460322192
20;24;273616927;2782477;410097303
20;25;281265779;3165975;446272222


THREAD; REPETITION; AVERAGE; MIN; MAX (nanoseconds)
21;1;271127256;2883887;392355872
21;2;267184439;2965740;380041248
21;3;258039395;2949467;477280771
21;4;270102218;2649639;520107654
21;5;276957691;2941365;516598828
21;6;275833572;3036140;412427418
21;7;265954537;2826477;408636223
21;8;266178390;2605917;463001304
21;9;268917405;2933124;428981965
21;10;275579795;3126026;509405525
21;11;272011316;3135943;377983864
21;12;268249201;2875506;422616352
21;13;266181846;2512261;404644934
21;14;271315370;3118623;526964181
21;15;271214443;2817048;432415502
21;16;269263263;3196007;371298796
21;17;273940773;3231625;446408692
21;18;263924603;2938293;400964089
21;19;268251881;3178336;541212291
21;20;275631826;2881721;479179267
21;21;273606282;3106400;441335980
21;22;273528345;3172330;430585522
21;23;260280716;2570647;365946301
21;24;260235324;2970489;526559451
21;25;262087909;2732750;414340999


THREAD; REPETITION; AVERAGE; MIN; MAX (nanoseconds)
22;1;271807521;3427182;397402952
22;2;270433979;3355873;407716484
22;3;261109129;3409512;377196543
22;4;256755100;3110102;449255702
22;5;269837839;2872013;493342240
22;6;266388316;2467771;412286058
22;7;267949005;2937455;376082994
22;8;265960266;2986203;412792688
22;9;257584225;2975657;388963332
22;10;256705992;2707607;500978616
22;11;278598909;3471182;503577830
22;12;269362061;3336317;372503209
22;13;269018997;2734705;396187365
22;14;259811425;3322420;388721611
22;15;262418291;2893594;416833075
22;16;259927459;2768509;454305366
22;17;268665132;2658019;400255479
22;18;270496498;3449391;420672599
22;19;266843831;2755867;383460817
22;20;266867315;2985295;457737855
22;21;260250274;3184204;387971446
22;22;270203586;2657181;431382131
22;23;273477193;3305517;419375577
22;24;268945238;3011277;495122914
22;25;258888188;3107657;374558918


THREAD; REPETITION; AVERAGE; MIN; MAX (nanoseconds)
23;1;261938730;2615975;533830836
23;2;263802658;3136991;585703630
23;3;273907225;3701239;420255787
23;4;265761283;3488711;385319991
23;5;254628874;3138458;409049823
23;6;267145254;3042146;485387318
23;7;265118154;3384648;414156268
23;8;270060923;3063169;421043946
23;9;263605378;3425366;401152800
23;10;260709607;3182876;385454506
23;11;254443732;3276395;412492021
23;12;261597524;3127772;466201361
23;13;264262575;3162762;495082405
23;14;275972021;3441220;385744837
23;15;261994956;2894222;367866237
23;16;256654741;2846660;408026788
23;17;253622131;2891220;443853688
23;18;266586405;2646426;457997385
23;19;267148275;3085588;384139674
23;20;259500926;3096064;364150471
23;21;261839751;3363905;396690641
23;22;254313157;3081327;456944179
23;23;262122974;3574825;462800509
23;24;278157363;3276045;458870471
23;25;266372731;3335130;423684575


THREAD; REPETITION; AVERAGE; MIN; MAX (nanoseconds)
24;1;261124742;3070083;436234214
24;2;259547610;3497372;532243553
24;3;266724341;2971816;437922557
24;4;266940753;3160038;401461918
24;5;264950624;3621130;383597147
24;6;255929782;3319626;401414496
24;7;258636251;3038306;538763865
24;8;259188149;3506172;681651788
24;9;262307340;2768648;460059239
24;10;268394012;3769613;396506399
24;11;269542044;3192934;384611521
24;12;256388704;3094736;356407449
24;13;257394798;2925163;454910960
24;14;270348670;3191327;480126455
24;15;271350984;3578597;504891404
24;16;272734257;3483334;396959948
24;17;257304828;3155359;348401821
24;18;264758931;3494858;496883752
24;19;261929710;3141321;379608093
24;20;269416598;3267245;432316886
24;21;266286615;3124629;376412854
24;22;272333288;3393727;406646445
24;23;260642523;2935498;428944182
24;24;263338590;3294064;417833063
24;25;263373178;3211651;457812585


THREAD; REPETITION; AVERAGE; MIN; MAX (nanoseconds)
25;1;271588101;3957556;469642720
25;2;259984385;2689099;376549324
25;3;258868375;3633003;407542021
25;4;265383537;3418521;491549554
25;5;266989836;2981454;479611026
25;6;269559264;3551709;436888138
25;7;267215663;3483054;404257384
25;8;255655188;3469016;365796282
25;9;253733908;3274927;406633176
25;10;271265527;3187416;459128535
25;11;265708123;3744679;411056363
25;12;269935579;3556038;391286532
25;13;263265488;3332546;398825339
25;14;254919458;3073994;585074010
25;15;256816547;2920972;414492764
25;16;261956524;3728128;482311579
25;17;268100826;4012661;367407939
25;18;259138990;3683568;384838087
25;19;257153124;3628254;404618953
25;20;263538037;2612693;427070270
25;21;269517377;3507708;469950021
25;22;268539835;2289607;393700805
25;23;260200319;3740349;410545335
25;24;258824378;3253346;363471196
25;25;263698461;3365860;426151718


THREAD; REPETITION; AVERAGE; MIN; MAX (nanoseconds)
26;1;266302041;3450857;437460766
26;2;268467589;3612261;453512877
26;3;262888418;3755016;365744738
26;4;260517860;3376477;379675839
26;5;259905498;3787632;397545219
26;6;267809683;2613530;410372128
26;7;270312744;3634331;400232292
26;8;273139927;4009029;428814975
26;9;266073782;3914045;405101975
26;10;259970812;3374451;393495891
26;11;267057143;3563302;494136615
26;12;260986288;3837779;389184240
26;13;268483522;3905315;386841344
26;14;261755138;3585092;385966163
26;15;260744754;3143556;394925333
26;16;267280146;3386883;549913816
26;17;265610782;3726800;525304124
26;18;264825730;3675817;372975546
26;19;267757022;2734426;373339209
26;20;258921002;3532502;403325352
26;21;255174693;3709340;401836267
26;22;266499171;3837849;481633629
26;23;259542418;3448204;429637985
26;24;267282468;3906781;453290432
26;25;262426372;3835334;400404241


THREAD; REPETITION; AVERAGE; MIN; MAX (nanoseconds)
27;1;256366238;3784908;407614935
27;2;257260235;3963772;440888227
27;3;268329555;3587257;433429668
27;4;275253226;2321384;410874147
27;5;268083770;4314096;454612737
27;6;258462100;2781359;358540471
27;7;270982900;4061130;583972265
27;8;268261952;3945474;434712094
27;9;278214104;4367035;425222829
27;10;265283291;4202000;389387338
27;11;261582734;2760057;361920370
27;12;258783282;2916083;431416632
27;13;267761335;2375651;677621528
27;14;268593651;2492985;426315565
27;15;263491182;4006445;359291405
27;16;267827814;4053937;430483344
27;17;260719553;3023987;395074374
27;18;260119292;4057988;402518686
27;19;275155658;3689366;446100831
27;20;277354656;4291397;476790416
27;21;261119434;3424667;398674413
27;22;262446443;3713531;404389035
27;23;259019426;4018318;387194951
27;24;268719362;3544305;401022616
27;25;267672403;3687899;408012261


THREAD; REPETITION; AVERAGE; MIN; MAX (nanoseconds)
28;1;276626834;4199486;426669241
28;2;264740181;4331416;409943652
28;3;261177115;2480482;478146105
28;4;260232329;4111206;481146487
28;5;273005186;4386172;429469039
28;6;275241838;4168476;400664889
28;7;262172450;3814661;382932678
28;8;259931969;3766610;393946227
28;9;264439556;4288254;393000786
28;10;267734254;4164356;394884127
28;11;267151619;4706254;398722114
28;12;258079986;3968801;361314776
28;13;258230146;3640407;400148273
28;14;261598400;4149969;455847252
28;15;264745928;3575175;431043261
28;16;274473149;4276242;408625468
28;17;266571768;2528114;429777249
28;18;257695457;3353359;368637983
28;19;260695510;4001137;489931192
28;20;270037085;4114210;431578245
28;21;273480347;3952108;473836479
28;22;272234846;4438273;437143059
28;23;262231467;3873327;369734421
28;24;254845905;3566096;442505053
28;25;269189199;3972642;372973241


THREAD; REPETITION; AVERAGE; MIN; MAX (nanoseconds)
29;1;280588644;4475080;520160383
29;2;266184956;4507626;393258221
29;3;266748659;4575721;381440239
29;4;259342431;4325620;373665019
29;5;263186602;3767378;445048882
29;6;271751483;4531302;406854013
29;7;272509761;4535004;389549440
29;8;269708818;4201861;522707705
29;9;260994252;2434667;380799585
29;10;269046351;3594660;451215936
29;11;267216397;3197403;494626971
29;12;272827329;4356629;492436260
29;13;274062459;4282807;388010837
29;14;261996877;3167372;360888954
29;15;255989742;4416832;392724285
29;16;263808197;4346781;431406086
29;17;282257436;4418089;605616915
29;18;271256666;3411956;422821266
29;19;262038629;4230286;389386709
29;20;258430203;4229238;504083899
29;21;267788140;3467061;435815026
29;22;270282466;3045290;475248740
29;23;269948241;4302083;382353554
29;24;260569466;4182096;382273235
29;25;258090266;4186007;528132137


THREAD; REPETITION; AVERAGE; MIN; MAX (nanoseconds)
30;1;271954341;4224070;529120181
30;2;275948205;4795861;667738707
30;3;270493026;4475848;389273008
30;4;261231744;4285391;398581733
30;5;267196141;4156743;607516668
30;6;271701889;3944356;496101529
30;7;275544140;4534236;515719736
30;8;269188868;4866331;367627031
30;9;261976205;3267943;369202650
30;10;267159421;4471727;429517229
30;11;266269990;4407194;553214515
30;12;275964224;4690261;404731467
30;13;270676965;4688236;409954128
30;14;277270264;4595905;399116507
30;15;264152912;4424096;384865395
30;16;268313963;4445398;460305779
30;17;271464018;4770858;406649868
30;18;270657638;4801099;373110968
30;19;268323657;4557632;387925910
30;20;260501458;3628255;380478524
30;21;258330410;3613309;427184041
30;22;276463346;4560356;555421918
30;23;274821094;4938198;395587567
30;24;272205312;2272146;458756490
30;25;263915175;2682324;390546285


THREAD; REPETITION; AVERAGE; MIN; MAX (nanoseconds)
31;1;261942264;4817582;525225133
31;2;271395693;4964388;537405033
31;3;283638642;4897270;595632336
31;4;269533687;5055810;384660830
31;5;266274177;5085772;381602480
31;6;265139644;4655130;431772404
31;7;272286169;4752978;455311499
31;8;268857297;4777633;544142412
31;9;270801035;4736776;368835704
31;10;268071077;4941899;403295950
31;11;268229965;4413550;405969125
31;12;271663971;4626426;404139004
31;13;271452564;5275671;414507011
31;14;269881875;4512584;373401578
31;15;277072082;2450801;408276540
31;16;269185182;4847963;404840769
31;17;268522641;4991556;481312010
31;18;277051850;4972629;466459075
31;19;279025822;4900763;468027990
31;20;274686885;2337867;423893190
31;21;267093710;4858229;369977888
31;22;272159139;4902439;426060854
31;23;271029706;5075715;468275507
31;24;279431758;2803009;453750337
31;25;280509672;3019308;420831139


THREAD; REPETITION; AVERAGE; MIN; MAX (nanoseconds)
32;1;267944583;5018655;398879187
32;2;262247034;5066566;387806411
32;3;264835361;4990997;432236499
32;4;275695157;5240750;405592611
32;5;277436995;5286845;403250553
32;6;270964432;5161480;408038801
32;7;263545261;4994280;406770414
32;8;264971939;5135709;543651358
32;9;262227713;5137524;400861981
32;10;282497443;5182782;405740115
32;11;274818827;4957334;405763582
32;12;264706458;5464172;374137426
32;13;264627168;4881137;464261590
32;14;272317784;2587270;414975018
32;15;275982052;4443582;550755264
32;16;269568609;4589061;389486373
32;17;265532807;4825893;398557149
32;18;265416248;4579563;428895991
32;19;267809937;2431105;500047492
32;20;273180540;3629023;509895810
32;21;273156582;5096319;381163947
32;22;267732379;4625309;438784329
32;23;264997731;5177264;421717705
32;24;270736393;5155195;583297528
32;25;275641532;5314711;435130024


THREAD; REPETITION; AVERAGE; MIN; MAX (nanoseconds)
33;1;272822392;5038699;427758346
33;2;271145164;5111543;424604524
33;3;265061725;5142134;400750375
33;4;262916955;2595302;401603626
33;5;274983528;5204083;710640598
33;6;267179792;4622445;395431472
33;7;271848783;5708338;384839554
33;8;259525893;5250318;372726911
33;9;261887604;5167835;486153547
33;10;269908928;4852921;453711854
33;11;272328465;5298090;395505364
33;12;276943160;4156185;390669834
33;13;264566902;5024381;371227139
33;14;263918282;4343639;425697680
33;15;272364031;5501957;411777265
33;16;271229816;5304166;427544772
33;17;276860878;5832236;404594718
33;18;268574459;4934356;376120778
33;19;262942966;4806616;375013374
33;20;264503887;4781474;411784877
33;21;267609685;5352007;456655176
33;22;273284872;3844692;405413258
33;23;270248674;4974305;381384925
33;24;262466283;5231740;386667021
33;25;269353490;5204014;549312133


THREAD; REPETITION; AVERAGE; MIN; MAX (nanoseconds)
34;1;273544332;4154299;433940068
34;2;277331895;5922540;434770480
34;3;268664137;5357594;368542301
34;4;263988469;2558426;369404701
34;5;264651199;5522280;488349567
34;6;263813754;5165880;435530912
34;7;277795712;5298788;541019809
34;8;271377960;4764083;383759039
34;9;266322376;4922903;383217909
34;10;258800928;4577746;357422871
34;11;269340607;4805499;491466793
34;12;271248537;2565130;581537528
34;13;273668766;5691785;387218138
34;14;269629494;5850115;388216100
34;15;261979268;5191722;381477185
34;16;271666457;3273112;425936328
34;17;275818358;2847569;460004135
34;18;283701189;5527658;416428415
34;19;273509694;5489455;426887984
34;20;272676312;5580038;405903683
34;21;271468602;3190909;429888646
34;22;264687306;2903232;397381720
34;23;280596220;3719118;518027082
34;24;273229637;5162388;393969974
34;25;272304355;4015733;375202644


THREAD; REPETITION; AVERAGE; MIN; MAX (nanoseconds)
35;1;265848673;5333639;451289270
35;2;267343571;5472134;486745383
35;3;276580183;3151657;481258302
35;4;273521396;5731035;395936425
35;5;269157630;2651454;373991387
35;6;265371991;2978800;378110486
35;7;269149031;2332279;496552494
35;8;269899930;5620966;481218772
35;9;283389141;5830699;432920735
35;10;281122567;5651346;399100933
35;11;264625733;2665772;378378816
35;12;265332282;2558495;440507593
35;13;264837131;3345886;407848483
35;14;278356960;3734483;514224713
35;15;278493225;5713715;406058033
35;16;269700319;3601505;415435970
35;17;262788566;5348165;432179230
35;18;275711643;3792521;549872610
35;19;283029818;5367512;454758635
35;20;269201907;5757506;375407488
35;21;264778593;5667969;367040364
35;22;264119585;2654527;380661927
35;23;272139452;5464381;506089530
35;24;275573471;5721677;475667019
35;25;275757878;3633632;415362357


THREAD; REPETITION; AVERAGE; MIN; MAX (nanoseconds)
36;1;271962634;5847391;409327512
36;2;271391357;5554058;393524317
36;3;267264332;5573823;444854305
36;4;267721796;5283562;469719615
36;5;277155629;4764153;421552111
36;6;270017942;6165797;394296552
36;7;269764287;5624388;386513788
36;8;269496770;5259118;428635762
36;9;274406516;4403143;437315986
36;10;278213870;5947962;512679126
36;11;280443089;3101581;391214666
36;12;269727560;3156896;397443530
36;13;261693048;5234673;426667286
36;14;277060336;5670204;449971784
36;15;276379672;3349238;473753158
36;16;280824543;3426692;390504309
36;17;274853075;5815614;419744269
36;18;269995598;5523119;369483691
36;19;266257461;3241613;443642837
36;20;267032707;5579899;424907146
36;21;274737830;6135417;384024506
36;22;269359126;5883220;368208949
36;23;266835669;3923264;433969191
36;24;263107004;5833772;428830620
36;25;279269135;5424433;465284973


THREAD; REPETITION; AVERAGE; MIN; MAX (nanoseconds)
37;1;272850261;5744026;401980070
37;2;270665704;6142331;418817336
37;3;269397467;5997200;394950895
37;4;270479006;5692903;449203670
37;5;260898727;5972059;423562492
37;6;276603517;2438369;464040751
37;7;277047361;5617055;393039269
37;8;270022407;3332406;386908881
37;9;269024138;4852991;380895756
37;10;263373024;5884477;416591913
37;11;267923182;5667969;486235891
37;12;272798827;4791391;398766673
37;13;272104669;3661499;406418973
37;14;264471738;3900776;372201914
37;15;273316186;2573441;507464078
37;16;271094692;5696185;435286329
37;17;276039476;5583322;391066113
37;18;270723824;4206121;392806768
37;19;267592007;4254800;376109044
37;20;265313855;6063410;414233094
37;21;265682629;3003525;485861052
37;22;281628310;6026534;399926387
37;23;276393349;6049791;409573423
37;24;269455002;5714762;395956609
37;25;259148596;5803880;390141066


THREAD; REPETITION; AVERAGE; MIN; MAX (nanoseconds)
38;1;277201064;6193735;483795985
38;2;280606044;5876305;463818656
38;3;276399211;3752501;416500910
38;4;267192266;5017328;415634180
38;5;265072816;2544458;386176106
38;6;265403700;5946077;457337874
38;7;274741909;5848370;414914186
38;8;276799991;6166007;381533896
38;9;265223439;5959975;430672753
38;10;265635408;5904731;385821102
38;11;268236614;5536528;568500885
38;12;280015018;3224711;434152804
38;13;278511402;5783347;414186789
38;14;279440110;6055518;449830355
38;15;268302381;3480191;393172317
38;16;271619227;3222617;425707318
38;17;275670214;5101836;458724642
38;18;272730969;6159093;404706674
38;19;268669299;3206622;383114614
38;20;267407787;3072807;382465160
38;21;263054748;5640661;396858679
38;22;268904035;5800668;444182640
38;23;276173169;4255498;580749439
38;24;277307856;6154832;398351467
38;25;270437716;6022135;390562208


THREAD; REPETITION; AVERAGE; MIN; MAX (nanoseconds)
39;1;262292767;4349366;383556988
39;2;264356773;3913136;386950366
39;3;277727543;2888077;444423383
39;4;277395661;4191594;405892648
39;5;275421334;5680191;406826985
39;6;264068863;3132521;364949526
39;7;268342233;5854375;493467396
39;8;272411547;2676737;403710807
39;9;282564992;3406788;435472385
39;10;268000260;5729220;385881096
39;11;266482998;6123544;356183398
39;12;267748154;5916743;650857302
39;13;275334595;5827765;488199897
39;14;276202863;4670775;483531287
39;15;282375677;6584356;401913302
39;16;272709240;3178057;439890195
39;17;266030673;3652210;401139321
39;18;268845574;5849836;555784394
39;19;274725815;6468979;476565876
39;20;280786526;6658458;435430341
39;21;282003767;6004394;421386098
39;22;272415891;6214267;397256984
39;23;267481116;6209798;420967121
39;24;263546855;6009004;426368575
39;25;279444709;6358769;467324758


THREAD; REPETITION; AVERAGE; MIN; MAX (nanoseconds)
40;1;276004352;6312325;405938534
40;2;273888154;6367081;378868474
40;3;263569540;6008724;390779205
40;4;265667424;5276578;474753495
40;5;282413539;3779670;526279737
40;6;277381618;6313651;379544887
40;7;270751553;5916953;385053338
40;8;269746392;6281664;392955390
40;9;269358092;5746261;435005566
40;10;275149119;5021797;458663880
40;11;277785525;5692413;407124299
40;12;267535668;6227188;410223157
40;13;266391257;5939232;380994302
40;14;272008304;3093899;547567987
40;15;268523618;5993010;439301503
40;16;274093231;6170058;433073337
40;17;270788595;6292838;400205752
40;18;269837399;6061525;377287686
40;19;271511873;3270807;445805053
40;20;274647480;6282642;451435518
40;21;279029147;6393271;453579925
40;22;278292492;6049722;392206900
40;23;268041778;6440483;374093635
40;24;268292335;6203023;385143922
40;25;275186147;6216154;447761937


THREAD; REPETITION; AVERAGE; MIN; MAX (nanoseconds)
41;1;262292316;2880743;376051915
41;2;264078475;5977296;444664196
41;3;270394491;5998178;546384806
41;4;267244821;6226978;365141938
41;5;264951189;4135442;368441939
41;6;261947914;3108845;377620898
41;7;267686456;6459061;626672594
41;8;264012757;6186819;449141999
41;9;264351614;5975410;369554231
41;10;263757916;6559144;363399818
41;11;263277592;2877182;374421749
41;12;264773532;3501911;489476456
41;13;269216446;6712864;478062436
41;14;266191054;6001112;376261159
41;15;257838281;6368407;366098624
41;16;259448843;3589423;365836999
41;17;264458777;6761614;387531446
41;18;263677817;6181861;512139532
41;19;265840088;5990845;375584746
41;20;264447953;3026921;388231815
41;21;260643546;3543816;352855950
41;22;263214806;6621442;381738950
41;23;263445764;4518452;462335995
41;24;260396790;6101195;360102471
41;25;262714341;6719499;395656920


THREAD; REPETITION; AVERAGE; MIN; MAX (nanoseconds)
42;1;259763620;5089125;361673970
42;2;265512997;6460109;569601025
42;3;269692962;4396019;496896324
42;4;259297280;2337168;357229271
42;5;262153420;6489162;361515500
42;6;258987805;3287289;379668156
42;7;262591103;5487080;428361356
42;8;267707507;6104826;522838517
42;9;267550430;4172458;420641869
42;10;267548627;6281664;363799868
42;11;263750020;6274122;374012689
42;12;266810198;5971569;584097210
42;13;266597139;2561638;443591923
42;14;265630372;5737601;382503991
42;15;265159639;2692102;355938325
42;16;261368581;6872103;405676699
42;17;268639640;3352452;482537096
42;18;265441085;5534503;422874276
42;19;268268612;3470064;370651298
42;20;263822979;6685277;360682992
42;21;265163507;5853956;375479216
42;22;266785495;2885702;466455233
42;23;267724636;4445886;428063343
42;24;265733420;6208960;385715293
42;25;267227696;2401982;372020117


THREAD; REPETITION; AVERAGE; MIN; MAX (nanoseconds)
43;1;268726119;3608909;518441380
43;2;262865509;5541975;404775468
43;3;268245053;2205797;425759419
43;4;267452372;3468946;371641787
43;5;262216250;6275518;361729563
43;6;267010867;6398299;531792379
43;7;264774406;2894432;558615760
43;8;267284105;6515073;404954889
43;9;268357057;6278870;404375696
43;10;264179108;6605239;383397192
43;11;267703908;5306470;465411945
43;12;268031288;5969055;488989872
43;13;271801826;6169010;453872699
43;14;264807522;6452636;374140498
43;15;275448102;2635321;404705975
43;16;262117416;5287753;436542843
43;17;268268677;4705766;473291997
43;18;263532671;4419137;380259223
43;19;265628402;3159690;365841888
43;20;263396640;2230381;369234498
43;21;266410832;6882648;488614894
43;22;270813755;6974560;599038635
43;23;266302411;3454768;371486181
43;24;266497331;3008133;367474707
43;25;265805171;6592039;366044776


THREAD; REPETITION; AVERAGE; MIN; MAX (nanoseconds)
44;1;265407951;3905524;500211061
44;2;268682218;6406541;464535157
44;3;266419408;2577074;365614345
44;4;265710683;6466534;366697513
44;5;261972137;5709874;365895735
44;6;267835543;2418394;463593348
44;7;269234520;6281524;471781540
44;8;266757510;6724877;365043951
44;9;270149064;5036674;388953833
44;10;262491592;3557365;382789084
44;11;267436666;6736960;478957102
44;12;272411887;3880591;645354577
44;13;267305746;5857449;373824048
44;14;267800065;5668807;372275177
44;15;264788807;3706546;414703964
44;16;264507226;5449366;477252974
44;17;269495594;5077042;511200585
44;18;270025284;6972464;372134029
44;19;265509091;4594997;364913068
44;20;263617191;6246604;355956064
44;21;264974603;6726484;503314179
44;22;266749706;6537633;382992950
44;23;269861277;6534978;386994506
44;24;264577867;6876782;373936981
44;25;264635651;6867912;378087089


THREAD; REPETITION; AVERAGE; MIN; MAX (nanoseconds)
45;1;267072205;6312465;527100232
45;2;270477769;6598185;462196942
45;3;270387474;6739963;386500868
45;4;268105204;5217842;380228353
45;5;267752758;6595810;420925983
45;6;266079895;6908769;422139336
45;7;270191070;6285505;489595326
45;8;269737877;2669753;360325963
45;9;267690513;5380712;377427089
45;10;262012996;6598045;368370701
45;11;268065094;6555372;543598139
45;12;269110238;3137410;392390443
45;13;270517998;4017410;375360486
45;14;270732700;5971150;369158650
45;15;268055536;7258185;386381161
45;16;269690164;6121797;541322501
45;17;268931758;6694915;534977211
45;18;268525441;6715308;372146739
45;19;269528361;6576534;370982066
45;20;263873702;3799365;363945278
45;21;267677094;6990902;516679704
45;22;274540881;3546261;520776314
45;23;267502183;7040699;354664210
45;24;272613691;6402559;387252570
45;25;264049230;7297785;375134270


THREAD; REPETITION; AVERAGE; MIN; MAX (nanoseconds)
46;1;265093628;6460389;405715321
46;2;272408794;2723112;429634423
46;3;272704759;6537772;393215968
46;4;267780135;3899099;369639438
46;5;265776699;6210845;385674786
46;6;271207804;6746108;401723752
46;7;271345993;4942598;527168327
46;8;272883940;7174655;389648266
46;9;270669855;6248769;374932917
46;10;266925684;6562496;360733696
46;11;268824026;3329753;487182240
46;12;273727510;7345208;463672129
46;13;274462272;6510394;414344351
46;14;273730412;6740662;403679518
46;15;271398683;3505823;388944125
46;16;266856207;7101181;463469030
46;17;272329640;6894591;540357713
46;18;277362895;5413746;625251254
46;19;271694626;2798400;375369355
46;20;268092623;6196807;362491183
46;21;269591301;3194680;464307055
46;22;267459155;5083747;472571514
46;23;278079088;2873969;464907690
46;24;271413991;3976693;385616887
46;25;270490469;7031899;372629622


THREAD; REPETITION; AVERAGE; MIN; MAX (nanoseconds)
47;1;265039090;4819048;429008296
47;2;277104019;3309010;598480045
47;3;274656598;2708375;454545550
47;4;272288575;6235918;394411441
47;5;270085921;2474127;395764825
47;6;266001060;6514585;464596059
47;7;277048296;6385449;521347127
47;8;279115174;6983779;413545995
47;9;277555758;6250026;425154943
47;10;269976615;7111518;377814639
47;11;268347485;6612851;423946829
47;12;271888330;5413816;610360115
47;13;267700870;6633873;449605326
47;14;273032141;6943131;406737518
47;15;271723882;3090127;382608334
47;16;266851956;6710211;445716774
47;17;267633544;2467981;451065428
47;18;277346044;7060814;606054401
47;19;274180339;3331359;394041771
47;20;272040203;6801493;397637968
47;21;266664258;6810502;370753336
47;22;266539703;5583880;502699225
47;23;275024639;3228972;534810290
47;24;277085236;4966832;379596988
47;25;276627178;5456211;403456933


THREAD; REPETITION; AVERAGE; MIN; MAX (nanoseconds)
48;1;268660988;2376139;391176462
48;2;267458642;6740801;396698044
48;3;272386757;7401150;572582758
48;4;273764952;3788540;383037439
48;5;275495566;6845842;395940336
48;6;270569391;3939467;389737732
48;7;268868978;7494947;584780049
48;8;274611522;6772578;448776870
48;9;274841479;3550730;388816666
48;10;278328797;7003893;396820546
48;11;265882407;5993569;362536021
48;12;266716889;7183455;490373707
48;13;276046641;6811620;554533886
48;14;274162209;6546712;377593591
48;15;272620860;7264121;389377211
48;16;265695193;7281582;374414137
48;17;267324996;7500814;470696555
48;18;277137187;6112230;515860046
48;19;277480371;2795258;405066076
48;20;273997574;3900286;373610752
48;21;268314118;2993467;376820168
48;22;267259141;6742337;473946060
48;23;276029659;7374052;573562492
48;24;277017555;6326502;374876206
48;25;271451459;2468819;428749324


THREAD; REPETITION; AVERAGE; MIN; MAX (nanoseconds)
49;1;265849810;6773486;360058891
49;2;269194284;6630521;528783058
49;3;274080587;3066311;479928106
49;4;279389727;7412953;384732626
49;5;278263033;7020236;411583665
49;6;264528733;6597557;366420104
49;7;267139354;6449284;385860214
49;8;273960870;6374833;439395510
49;9;276563119;3706756;383671947
49;10;274302557;4080756;380419858
49;11;265910410;2843518;499552318
49;12;271320217;7446478;464055488
49;13;275812232;3033695;483960741
49;14;270871842;4618394;365985272
49;15;274234553;6805474;394555034
49;16;269850713;7459467;462654332
49;17;271257677;7285842;526873178
49;18;279841748;7091404;450984831
49;19;273130879;7787512;404701715
49;20;271845471;7316992;374694899
49;21;270814235;6318401;539979522
49;22;272552821;7591956;487093611
49;23;280522477;7393258;546055574
49;24;271435735;7263144;390659148
49;25;274097468;6993137;389346551


THREAD; REPETITION; AVERAGE; MIN; MAX (nanoseconds)
50;1;272517875;7349677;470375914
50;2;269881583;3712762;531984093
50;3;278577260;7083303;501879289
50;4;277723936;2642165;444211485
50;5;268621449;7486007;371937704
50;6;269464461;4759613;451689321
50;7;272212253;3523772;420416212
50;8;282695494;7088680;510880293
50;9;274313319;6796255;402816210
50;10;267847382;6980146;399016146
50;11;270481607;7269709;471887000
50;12;274441658;6684998;472210644
50;13;273744839;6595881;375167654
50;14;275710326;7323068;437048005
50;15;268593467;5444127;364744891
50;16;269295183;6540007;476289794
50;17;278153611;7084770;433979249
50;18;279570782;5415982;416770358
50;19;272655630;7479372;379993896
50;20;267033641;7040839;362286967
50;21;268939142;7692458;456985036
50;22;269610259;6584845;414700821
50;23;281642790;7359454;417585196
50;24;275679208;7970427;427984213
50;25;272518109;6888096;376177070


