THREAD; AVERAGE-REPETITIONS; MIN-REPETITIONS; MAX-REPETITIONS (nanoseconds)
1;0;0;0
2;0;0;0
3;0;0;0
4;3936924276;3915044535;3958804018
5;29581642043;27851733614;31270549326
6;25633902268;22255052192;29119431430
7;22652515490;20087183851;25687114024
8;12280964817;10701803287;13903426421
9;14600349734;13208413868;16274154357
10;16228714571;14603467558;18693744218
11;9359452945;8857163064;9861742827
12;12118257638;10929526034;13523816770
13;15056636265;14102427900;16010844629
14;4992509622;4691947915;5593594305
15;5659785104;5141098726;5833089149
16;10687596697;10687581653;10687616976
17;1599536621;1013396135;1960862844
18;2118926265;2082643134;2128131377
19;3541402868;2723859001;3889536346
20;0;0;0
21;2865893901;2557571286;3393331275
22;3373824576;3343715715;3384096752
23;3657499178;2194786636;4323597521
24;0;0;0
25;4588127742;4226853558;5528820143
26;3219572730;1933123444;4123157390
27;3199410059;3199410059;3199410059
28;4737303885;2795257640;6055646360
29;9013463172;6919213162;10042907710
30;10695049351;9022435390;12609797438
31;17443452398;14669617169;19667480338
32;18058354190;15500163638;19354896524
33;16588927784;13782700396;18321676092
34;20633599020;15414924002;24762876751
35;21031571159;15768605761;23887852503
36;28613537900;23444280951;32784124105
37;23931848860;18763423488;26788179022
38;29970038392;24725109688;33792395698
39;26103499561;23257475592;29249177423
40;17914555894;13680085150;20420552821
41;31383290490;27582841271;33584663232
42;32907440117;30192833639;34718909079
43;21463833920;18936470274;23249918076
44;23098162754;20349831738;24761588506
45;16137084028;13179071820;17609544514
46;11505465019;9846936362;13314309047
47;24352948710;22104507612;26293024091
48;26278017296;23247457486;28907572459
49;23766198130;22361797924;24863542249
50;23420658664;19822475432;25563169249
THREAD; REPETITION; AVERAGE; MIN; MAX (nanoseconds)
1;1;0;0;0
1;2;0;0;0
1;3;0;0;0
1;4;0;0;0
1;5;0;0;0
1;6;0;0;0
1;7;0;0;0
1;8;0;0;0
1;9;0;0;0
1;10;0;0;0
1;11;0;0;0
1;12;0;0;0
1;13;0;0;0
1;14;0;0;0
1;15;0;0;0
1;16;0;0;0
1;17;0;0;0
1;18;0;0;0
1;19;0;0;0
1;20;0;0;0
1;21;0;0;0
1;22;0;0;0
1;23;0;0;0
1;24;0;0;0
1;25;0;0;0


THREAD; REPETITION; AVERAGE; MIN; MAX (nanoseconds)
2;1;0;0;0
2;2;0;0;0
2;3;0;0;0
2;4;0;0;0
2;5;0;0;0
2;6;0;0;0
2;7;0;0;0
2;8;0;0;0
2;9;0;0;0
2;10;0;0;0
2;11;0;0;0
2;12;0;0;0
2;13;0;0;0
2;14;0;0;0
2;15;0;0;0
2;16;0;0;0
2;17;0;0;0
2;18;0;0;0
2;19;0;0;0
2;20;0;0;0
2;21;0;0;0
2;22;0;0;0
2;23;0;0;0
2;24;0;0;0
2;25;0;0;0


THREAD; REPETITION; AVERAGE; MIN; MAX (nanoseconds)
3;1;0;0;0
3;2;0;0;0
3;3;0;0;0
3;4;0;0;0
3;5;0;0;0
3;6;0;0;0
3;7;0;0;0
3;8;0;0;0
3;9;0;0;0
3;10;0;0;0
3;11;0;0;0
3;12;0;0;0
3;13;0;0;0
3;14;0;0;0
3;15;0;0;0
3;16;0;0;0
3;17;0;0;0
3;18;0;0;0
3;19;0;0;0
3;20;0;0;0
3;21;0;0;0
3;22;0;0;0
3;23;0;0;0
3;24;0;0;0
3;25;0;0;0


THREAD; REPETITION; AVERAGE; MIN; MAX (nanoseconds)
4;1;0;0;0
4;2;0;0;0
4;3;0;0;0
4;4;0;0;0
4;5;0;0;0
4;6;0;0;0
4;7;0;0;0
4;8;0;0;0
4;9;0;0;0
4;10;0;0;0
4;11;0;0;0
4;12;0;0;0
4;13;0;0;0
4;14;0;0;0
4;15;0;0;0
4;16;0;0;0
4;17;0;0;0
4;18;0;0;0
4;19;0;0;0
4;20;46168214605;45621221063;46715208148
4;21;0;0;0
4;22;0;0;0
4;23;0;0;0
4;24;52254892312;52254892312;52254892312
4;25;0;0;0


THREAD; REPETITION; AVERAGE; MIN; MAX (nanoseconds)
5;1;19347542914;19347542914;19347542914
5;2;41763718503;41761731239;41765846288
5;3;38841134767;38839855694;38842413841
5;4;49749513555;44367403050;55131624061
5;5;39492625390;39491634412;39493616368
5;6;29943941443;20534121865;39353761022
5;7;36235020932;36235020932;36235020932
5;8;36570489929;34324952054;38816027805
5;9;37391014221;37391014221;37391014221
5;10;0;0;0
5;11;36962576371;36960656103;36963620656
5;12;37523401577;33573876358;41472926797
5;13;0;0;0
5;14;39406513083;39400900673;39412125493
5;15;40447719752;39999605746;40895833758
5;16;34771954839;21299748572;42038306405
5;17;0;0;0
5;18;42122259830;37891653967;53111099665
5;19;38562023106;38562023106;38562023106
5;20;0;0;0
5;21;35176238018;31079014721;37696788838
5;22;25843919199;25843919199;25843919199
5;23;40715711145;40715063786;40716358504
5;24;38673732520;38673601743;38673863298
5;25;0;0;0


THREAD; REPETITION; AVERAGE; MIN; MAX (nanoseconds)
6;1;40498781223;22987887008;58107720325
6;2;36959359848;29910460896;44008258801
6;3;41436800836;30838626906;45738286221
6;4;40259004986;40259004986;40259004986
6;5;55167811691;55167811691;55167811691
6;6;27992052586;25837325833;30146779339
6;7;36140941376;30762014725;41519868027
6;8;28941097647;26039853809;31842341485
6;9;28103969324;24309139499;31898799149
6;10;0;0;0
6;11;41497305278;33571754789;49422855768
6;12;15888606234;15888606234;15888606234
6;13;31759646233;31757388788;31761903678
6;14;0;0;0
6;15;31493506506;31492910411;31494102602
6;16;25096902993;18206388661;31987417326
6;17;0;0;0
6;18;0;0;0
6;19;34584293208;29923416105;43021787615
6;20;30251725568;28983108048;31520343088
6;21;37435878547;28190936767;46680820327
6;22;31072267332;25982162748;41251341651
6;23;26267605286;26267506904;26267737449
6;24;0;0;0
6;25;0;0;0


THREAD; REPETITION; AVERAGE; MIN; MAX (nanoseconds)
7;1;30247869223;25886929344;32429841433
7;2;28217115071;17023182974;38624790930
7;3;36337648849;34809170020;37866127678
7;4;0;0;0
7;5;31040041961;31040041961;31040041961
7;6;0;0;0
7;7;28036825141;28036825141;28036825141
7;8;28128766889;28128573953;28128959825
7;9;0;0;0
7;10;30208401556;30208401556;30208401556
7;11;40432294188;40432294188;40432294188
7;12;0;0;0
7;13;38203249249;29716384135;42471290275
7;14;22540464780;17056790598;28024138962
7;15;27090972910;16021148219;38160797601
7;16;25803759311;23512179690;28095338932
7;17;0;0;0
7;18;35890427344;27955794172;51759101995
7;19;31303039260;27636280728;38636338558
7;20;31630806849;31630806849;31630806849
7;21;0;0;0
7;22;35963527324;27847115415;51395077378
7;23;24714711577;24714711577;24714711577
7;24;0;0;0
7;25;40522965769;40522965769;40522965769


THREAD; REPETITION; AVERAGE; MIN; MAX (nanoseconds)
8;1;0;0;0
8;2;0;0;0
8;3;0;0;0
8;4;32392933564;23947869562;40837997567
8;5;28356875036;24332455033;29703752502
8;6;29172260603;29171636898;29172789209
8;7;0;0;0
8;8;0;0;0
8;9;0;0;0
8;10;33008788442;27497589987;38519986898
8;11;0;0;0
8;12;29721847678;19179340810;42429118714
8;13;41036778627;41036778627;41036778627
8;14;0;0;0
8;15;0;0;0
8;16;0;0;0
8;17;20729728185;17620328631;25434503059
8;18;0;0;0
8;19;0;0;0
8;20;0;0;0
8;21;37614174358;37614174358;37614174358
8;22;0;0;0
8;23;24889395545;17889167758;31889623332
8;24;30101338403;29255740534;30946936273
8;25;0;0;0


THREAD; REPETITION; AVERAGE; MIN; MAX (nanoseconds)
9;1;0;0;0
9;2;25409548210;24932537375;25886559046
9;3;0;0;0
9;4;0;0;0
9;5;33795007518;30965135933;42279720677
9;6;29611218954;29611218954;29611218954
9;7;26850034118;24640232977;29059835259
9;8;23848741390;18765204726;26572074872
9;9;37635188620;31673600764;43596776476
9;10;0;0;0
9;11;20451730074;16492855657;24410604491
9;12;30850987788;24614101024;41593447003
9;13;0;0;0
9;14;0;0;0
9;15;0;0;0
9;16;35894862405;28906381607;42128723204
9;17;0;0;0
9;18;41912839481;41907291220;41919515819
9;19;0;0;0
9;20;28653793848;27606995512;29700592184
9;21;0;0;0
9;22;0;0;0
9;23;0;0;0
9;24;30094790958;30094790958;30094790958
9;25;0;0;0


THREAD; REPETITION; AVERAGE; MIN; MAX (nanoseconds)
10;1;28280317065;23472146670;29731765909
10;2;32147866977;24659591862;42660328408
10;3;0;0;0
10;4;37710717179;31841266906;54963409805
10;5;0;0;0
10;6;28616116521;25453081397;32812772433
10;7;0;0;0
10;8;32961994960;32961994960;32961994960
10;9;0;0;0
10;10;22351361626;22351361626;22351361626
10;11;33952442874;30370522092;37534363656
10;12;35612937293;29750018159;41475856428
10;13;0;0;0
10;14;39822188434;29964783932;58589830900
10;15;0;0;0
10;16;0;0;0
10;17;44306730534;44306730534;44306730534
10;18;0;0;0
10;19;0;0;0
10;20;0;0;0
10;21;28843539263;28843539263;28843539263
10;22;0;0;0
10;23;41111651550;41111651550;41111651550
10;24;0;0;0
10;25;0;0;0


THREAD; REPETITION; AVERAGE; MIN; MAX (nanoseconds)
11;1;0;0;0
11;2;30918039653;30918039653;30918039653
11;3;0;0;0
11;4;28156051328;28156051328;28156051328
11;5;0;0;0
11;6;29246775289;29246775289;29246775289
11;7;0;0;0
11;8;0;0;0
11;9;0;0;0
11;10;0;0;0
11;11;0;0;0
11;12;0;0;0
11;13;44455940384;31898693339;57013187430
11;14;0;0;0
11;15;0;0;0
11;16;0;0;0
11;17;41007040001;41007040001;41007040001
11;18;0;0;0
11;19;0;0;0
11;20;0;0;0
11;21;0;0;0
11;22;0;0;0
11;23;30282703109;30282703109;30282703109
11;24;0;0;0
11;25;29919773882;29919773882;29919773882


THREAD; REPETITION; AVERAGE; MIN; MAX (nanoseconds)
12;1;42728957032;31043645492;54414268573
12;2;0;0;0
12;3;37904505739;32615778890;43193232589
12;4;0;0;0
12;5;0;0;0
12;6;0;0;0
12;7;0;0;0
12;8;0;0;0
12;9;32138705618;32138705618;32138705618
12;10;0;0;0
12;11;30502255594;30502255594;30502255594
12;12;29222525977;29222525977;29222525977
12;13;29441424643;28499659943;29757185899
12;14;0;0;0
12;15;0;0;0
12;16;33966496790;29008177017;44971508181
12;17;0;0;0
12;18;0;0;0
12;19;0;0;0
12;20;29357275191;29356319658;29358230725
12;21;0;0;0
12;22;0;0;0
12;23;0;0;0
12;24;37694294387;30851082680;44537506094
12;25;0;0;0


THREAD; REPETITION; AVERAGE; MIN; MAX (nanoseconds)
13;1;0;0;0
13;2;0;0;0
13;3;0;0;0
13;4;0;0;0
13;5;0;0;0
13;6;0;0;0
13;7;0;0;0
13;8;0;0;0
13;9;41890320313;35002007308;48778633318
13;10;0;0;0
13;11;38056151864;30146548374;45965755354
13;12;39930029724;31385585389;48474474060
13;13;0;0;0
13;14;0;0;0
13;15;27581176798;27581176798;27581176798
13;16;30632930652;30120082371;31145778933
13;17;50236601858;50236601858;50236601858
13;18;0;0;0
13;19;0;0;0
13;20;31950716293;31950716293;31950716293
13;21;0;0;0
13;22;30255439239;30255439239;30255439239
13;23;39709358941;39709358941;39709358941
13;24;46173180948;46173180948;46173180948
13;25;0;0;0


THREAD; REPETITION; AVERAGE; MIN; MAX (nanoseconds)
14;1;0;0;0
14;2;0;0;0
14;3;0;0;0
14;4;0;0;0
14;5;0;0;0
14;6;0;0;0
14;7;0;0;0
14;8;37597238825;37597238825;37597238825
14;9;0;0;0
14;10;0;0;0
14;11;0;0;0
14;12;0;0;0
14;13;0;0;0
14;14;0;0;0
14;15;0;0;0
14;16;0;0;0
14;17;0;0;0
14;18;0;0;0
14;19;0;0;0
14;20;39560031186;32046464704;54586672049
14;21;0;0;0
14;22;47655470562;47654994350;47655946775
14;23;0;0;0
14;24;0;0;0
14;25;0;0;0


THREAD; REPETITION; AVERAGE; MIN; MAX (nanoseconds)
15;1;0;0;0
15;2;0;0;0
15;3;0;0;0
15;4;0;0;0
15;5;0;0;0
15;6;0;0;0
15;7;45863003259;45863003259;45863003259
15;8;0;0;0
15;9;0;0;0
15;10;0;0;0
15;11;0;0;0
15;12;0;0;0
15;13;0;0;0
15;14;0;0;0
15;15;0;0;0
15;16;0;0;0
15;17;0;0;0
15;18;0;0;0
15;19;58094760506;58094760506;58094760506
15;20;0;0;0
15;21;0;0;0
15;22;0;0;0
15;23;0;0;0
15;24;37536863850;24569704389;41869464974
15;25;0;0;0


THREAD; REPETITION; AVERAGE; MIN; MAX (nanoseconds)
16;1;56485310423;56485310423;56485310423
16;2;0;0;0
16;3;0;0;0
16;4;52351108730;52351108730;52351108730
16;5;0;0;0
16;6;0;0;0
16;7;0;0;0
16;8;0;0;0
16;9;0;0;0
16;10;0;0;0
16;11;0;0;0
16;12;0;0;0
16;13;0;0;0
16;14;0;0;0
16;15;0;0;0
16;16;0;0;0
16;17;56338523122;56338523122;56338523122
16;18;0;0;0
16;19;0;0;0
16;20;0;0;0
16;21;0;0;0
16;22;56761395582;56761019487;56761902560
16;23;45253579575;45253579575;45253579575
16;24;0;0;0
16;25;0;0;0


THREAD; REPETITION; AVERAGE; MIN; MAX (nanoseconds)
17;1;39988415547;25334903389;49021571108
17;2;0;0;0
17;3;0;0;0
17;4;0;0;0
17;5;0;0;0
17;6;0;0;0
17;7;0;0;0
17;8;0;0;0
17;9;0;0;0
17;10;0;0;0
17;11;0;0;0
17;12;0;0;0
17;13;0;0;0
17;14;0;0;0
17;15;0;0;0
17;16;0;0;0
17;17;0;0;0
17;18;0;0;0
17;19;0;0;0
17;20;0;0;0
17;21;0;0;0
17;22;0;0;0
17;23;0;0;0
17;24;0;0;0
17;25;0;0;0


THREAD; REPETITION; AVERAGE; MIN; MAX (nanoseconds)
18;1;0;0;0
18;2;0;0;0
18;3;0;0;0
18;4;0;0;0
18;5;0;0;0
18;6;0;0;0
18;7;0;0;0
18;8;52973156630;52066078370;53203284426
18;9;0;0;0
18;10;0;0;0
18;11;0;0;0
18;12;0;0;0
18;13;0;0;0
18;14;0;0;0
18;15;0;0;0
18;16;0;0;0
18;17;0;0;0
18;18;0;0;0
18;19;0;0;0
18;20;0;0;0
18;21;0;0;0
18;22;0;0;0
18;23;0;0;0
18;24;0;0;0
18;25;0;0;0


THREAD; REPETITION; AVERAGE; MIN; MAX (nanoseconds)
19;1;0;0;0
19;2;0;0;0
19;3;0;0;0
19;4;0;0;0
19;5;0;0;0
19;6;0;0;0
19;7;0;0;0
19;8;0;0;0
19;9;0;0;0
19;10;0;0;0
19;11;0;0;0
19;12;0;0;0
19;13;44517113953;26444924704;50854043461
19;14;0;0;0
19;15;0;0;0
19;16;0;0;0
19;17;0;0;0
19;18;44017957764;41651550336;46384365192
19;19;0;0;0
19;20;0;0;0
19;21;0;0;0
19;22;0;0;0
19;23;0;0;0
19;24;0;0;0
19;25;0;0;0


THREAD; REPETITION; AVERAGE; MIN; MAX (nanoseconds)
20;1;0;0;0
20;2;0;0;0
20;3;0;0;0
20;4;0;0;0
20;5;0;0;0
20;6;0;0;0
20;7;0;0;0
20;8;0;0;0
20;9;0;0;0
20;10;0;0;0
20;11;0;0;0
20;12;0;0;0
20;13;0;0;0
20;14;0;0;0
20;15;0;0;0
20;16;0;0;0
20;17;0;0;0
20;18;0;0;0
20;19;0;0;0
20;20;0;0;0
20;21;0;0;0
20;22;0;0;0
20;23;0;0;0
20;24;0;0;0
20;25;0;0;0


THREAD; REPETITION; AVERAGE; MIN; MAX (nanoseconds)
21;1;27235486114;19527420734;40421420460
21;2;0;0;0
21;3;0;0;0
21;4;0;0;0
21;5;0;0;0
21;6;0;0;0
21;7;0;0;0
21;8;0;0;0
21;9;0;0;0
21;10;0;0;0
21;11;0;0;0
21;12;0;0;0
21;13;0;0;0
21;14;0;0;0
21;15;0;0;0
21;16;0;0;0
21;17;0;0;0
21;18;0;0;0
21;19;0;0;0
21;20;0;0;0
21;21;0;0;0
21;22;44411861424;44411861424;44411861424
21;23;0;0;0
21;24;0;0;0
21;25;0;0;0


THREAD; REPETITION; AVERAGE; MIN; MAX (nanoseconds)
22;1;0;0;0
22;2;0;0;0
22;3;0;0;0
22;4;0;0;0
22;5;0;0;0
22;6;0;0;0
22;7;0;0;0
22;8;45675354252;44927779438;45930051445
22;9;0;0;0
22;10;0;0;0
22;11;0;0;0
22;12;0;0;0
22;13;38670260169;38665113443;38672367368
22;14;0;0;0
22;15;0;0;0
22;16;0;0;0
22;17;0;0;0
22;18;0;0;0
22;19;0;0;0
22;20;0;0;0
22;21;0;0;0
22;22;0;0;0
22;23;0;0;0
22;24;0;0;0
22;25;0;0;0


THREAD; REPETITION; AVERAGE; MIN; MAX (nanoseconds)
23;1;0;0;0
23;2;47504758263;28705869951;59265881488
23;3;0;0;0
23;4;0;0;0
23;5;0;0;0
23;6;0;0;0
23;7;0;0;0
23;8;0;0;0
23;9;0;0;0
23;10;0;0;0
23;11;0;0;0
23;12;0;0;0
23;13;0;0;0
23;14;43932721197;26163795958;48824056549
23;15;0;0;0
23;16;0;0;0
23;17;0;0;0
23;18;0;0;0
23;19;0;0;0
23;20;0;0;0
23;21;0;0;0
23;22;0;0;0
23;23;0;0;0
23;24;0;0;0
23;25;0;0;0


THREAD; REPETITION; AVERAGE; MIN; MAX (nanoseconds)
24;1;0;0;0
24;2;0;0;0
24;3;0;0;0
24;4;0;0;0
24;5;0;0;0
24;6;0;0;0
24;7;0;0;0
24;8;0;0;0
24;9;0;0;0
24;10;0;0;0
24;11;0;0;0
24;12;0;0;0
24;13;0;0;0
24;14;0;0;0
24;15;0;0;0
24;16;0;0;0
24;17;0;0;0
24;18;0;0;0
24;19;0;0;0
24;20;0;0;0
24;21;0;0;0
24;22;0;0;0
24;23;0;0;0
24;24;0;0;0
24;25;0;0;0


THREAD; REPETITION; AVERAGE; MIN; MAX (nanoseconds)
25;1;0;0;0
25;2;0;0;0
25;3;0;0;0
25;4;0;0;0
25;5;33450214413;26711181589;54948274571
25;6;0;0;0
25;7;0;0;0
25;8;0;0;0
25;9;0;0;0
25;10;0;0;0
25;11;0;0;0
25;12;0;0;0
25;13;0;0;0
25;14;0;0;0
25;15;0;0;0
25;16;0;0;0
25;17;0;0;0
25;18;0;0;0
25;19;0;0;0
25;20;0;0;0
25;21;0;0;0
25;22;53167985968;52509463563;53503419150
25;23;28084993186;26450693803;29768809862
25;24;0;0;0
25;25;0;0;0


THREAD; REPETITION; AVERAGE; MIN; MAX (nanoseconds)
26;1;0;0;0
26;2;0;0;0
26;3;0;0;0
26;4;0;0;0
26;5;0;0;0
26;6;0;0;0
26;7;0;0;0
26;8;0;0;0
26;9;0;0;0
26;10;0;0;0
26;11;0;0;0
26;12;0;0;0
26;13;0;0;0
26;14;0;0;0
26;15;0;0;0
26;16;0;0;0
26;17;0;0;0
26;18;0;0;0
26;19;0;0;0
26;20;0;0;0
26;21;43467072521;26189891872;56259842871
26;22;0;0;0
26;23;0;0;0
26;24;37022245731;22138194239;46819091881
26;25;0;0;0


THREAD; REPETITION; AVERAGE; MIN; MAX (nanoseconds)
27;1;50828738150;50828738150;50828738150
27;2;0;0;0
27;3;0;0;0
27;4;0;0;0
27;5;0;0;0
27;6;0;0;0
27;7;0;0;0
27;8;0;0;0
27;9;0;0;0
27;10;0;0;0
27;11;0;0;0
27;12;0;0;0
27;13;0;0;0
27;14;0;0;0
27;15;0;0;0
27;16;0;0;0
27;17;0;0;0
27;18;0;0;0
27;19;0;0;0
27;20;0;0;0
27;21;0;0;0
27;22;0;0;0
27;23;0;0;0
27;24;29156513328;29156513328;29156513328
27;25;0;0;0


THREAD; REPETITION; AVERAGE; MIN; MAX (nanoseconds)
28;1;39095119817;29023216917;59236397922
28;2;0;0;0
28;3;0;0;0
28;4;0;0;0
28;5;0;0;0
28;6;27816934834;12234619554;35870227640
28;7;51520542494;28623604536;56284533440
28;8;0;0;0
28;9;0;0;0
28;10;0;0;0
28;11;0;0;0
28;12;0;0;0
28;13;0;0;0
28;14;0;0;0
28;15;0;0;0
28;16;0;0;0
28;17;0;0;0
28;18;0;0;0
28;19;0;0;0
28;20;0;0;0
28;21;0;0;0
28;22;0;0;0
28;23;0;0;0
28;24;0;0;0
28;25;0;0;0


THREAD; REPETITION; AVERAGE; MIN; MAX (nanoseconds)
29;1;0;0;0
29;2;0;0;0
29;3;0;0;0
29;4;0;0;0
29;5;0;0;0
29;6;38205859255;10817771044;54937512938
29;7;0;0;0
29;8;34192247175;32454323385;37663930122
29;9;0;0;0
29;10;0;0;0
29;11;0;0;0
29;12;45208145821;44995393758;45424766346
29;13;0;0;0
29;14;0;0;0
29;15;0;0;0
29;16;0;0;0
29;17;0;0;0
29;18;51615291410;28597805238;56931447712
29;19;0;0;0
29;20;0;0;0
29;21;0;0;0
29;22;0;0;0
29;23;0;0;0
29;24;56115035640;56115035640;56115035640
29;25;0;0;0


THREAD; REPETITION; AVERAGE; MIN; MAX (nanoseconds)
30;1;32954707451;23970433393;46252792534
30;2;31183971217;29616103024;33635675694
30;3;0;0;0
30;4;0;0;0
30;5;0;0;0
30;6;0;0;0
30;7;0;0;0
30;8;0;0;0
30;9;0;0;0
30;10;55733197375;55059295944;56072630670
30;11;0;0;0
30;12;0;0;0
30;13;0;0;0
30;14;30446269289;30446269289;30446269289
30;15;43407332740;28904962432;57909703049
30;16;0;0;0
30;17;0;0;0
30;18;0;0;0
30;19;0;0;0
30;20;41882656933;28686047389;56269440460
30;21;0;0;0
30;22;0;0;0
30;23;31768098774;28877773293;34658424256
30;24;0;0;0
30;25;0;0;0


THREAD; REPETITION; AVERAGE; MIN; MAX (nanoseconds)
31;1;50916467351;50916383228;50916551475
31;2;0;0;0
31;3;52539503344;52539503344;52539503344
31;4;57117328145;52914156828;59329188556
31;5;0;0;0
31;6;0;0;0
31;7;0;0;0
31;8;0;0;0
31;9;35394878829;27749454888;58083499090
31;10;56467957520;56466130682;56469784358
31;11;0;0;0
31;12;0;0;0
31;13;36925165708;10821080682;49820308028
31;14;56852033603;56846513593;56857553614
31;15;46917253938;32388938468;54182343147
31;16;0;0;0
31;17;0;0;0
31;18;0;0;0
31;19;0;0;0
31;20;0;0;0
31;21;0;0;0
31;22;42955721513;26098267517;53488276862
31;23;0;0;0
31;24;0;0;0
31;25;0;0;0


THREAD; REPETITION; AVERAGE; MIN; MAX (nanoseconds)
32;1;47833236661;47831836169;47834637154
32;2;30394401523;30394401523;30394401523
32;3;55800728281;53960111620;57241908748
32;4;53044461657;53044461657;53044461657
32;5;0;0;0
32;6;0;0;0
32;7;0;0;0
32;8;0;0;0
32;9;0;0;0
32;10;49139404606;30100472825;57180238340
32;11;0;0;0
32;12;53726820056;52090001243;54140472113
32;13;0;0;0
32;14;42338395009;10514704941;58790914906
32;15;0;0;0
32;16;0;0;0
32;17;0;0;0
32;18;0;0;0
32;19;0;0;0
32;20;0;0;0
32;21;0;0;0
32;22;42662413705;35549390984;46226102130
32;23;33164190805;30686958398;35641423212
32;24;43354802461;43331751592;43377853331
32;25;0;0;0


THREAD; REPETITION; AVERAGE; MIN; MAX (nanoseconds)
33;1;0;0;0
33;2;0;0;0
33;3;0;0;0
33;4;0;0;0
33;5;37909734617;29408815296;46410653938
33;6;36606883783;27760673145;45453194819
33;7;45883822385;44961820846;46805823924
33;8;0;0;0
33;9;0;0;0
33;10;0;0;0
33;11;0;0;0
33;12;29485794144;29485794144;29485794144
33;13;47232022976;29265862909;54571701222
33;14;59116794942;59116794942;59116794942
33;15;0;0;0
33;16;0;0;0
33;17;44474472221;27897174711;54608529017
33;18;0;0;0
33;19;0;0;0
33;20;0;0;0
33;21;32533848995;32254136769;32972108746
33;22;0;0;0
33;23;44406746545;44392943098;44419841698
33;24;0;0;0
33;25;37073074012;20023494048;44197459873


THREAD; REPETITION; AVERAGE; MIN; MAX (nanoseconds)
34;1;39025757219;10363893456;46824267819
34;2;25835475179;15800283277;30432777700
34;3;43010727802;24625520772;50672831743
34;4;0;0;0
34;5;59454930305;59454930305;59454930305
34;6;0;0;0
34;7;43978358612;27180858601;56923480219
34;8;39645969699;16077996296;59315318916
34;9;31813591098;28536706411;52474895902
34;10;0;0;0
34;11;0;0;0
34;12;0;0;0
34;13;32771116901;29568916441;45270199635
34;14;22771936726;22771936726;22771936726
34;15;0;0;0
34;16;0;0;0
34;17;48149752119;42395874126;50479523864
34;18;0;0;0
34;19;0;0;0
34;20;33961185430;28148276107;39776213108
34;21;0;0;0
34;22;55701342209;54601226273;56801458146
34;23;0;0;0
34;24;39719832210;25846681282;47874084695
34;25;0;0;0


THREAD; REPETITION; AVERAGE; MIN; MAX (nanoseconds)
35;1;49248509674;28658429913;57160800395
35;2;0;0;0
35;3;0;0;0
35;4;45088109661;44815642491;45891080780
35;5;52790029063;13288099815;58424824314
35;6;30550729969;28126601077;39418180523
35;7;40624151463;23317069279;50908614433
35;8;54426356282;53602316217;55825591590
35;9;51213558637;51213558637;51213558637
35;10;36345541262;25563176744;47127905781
35;11;49846394374;28192291757;59575776600
35;12;51100618258;47988652049;52659165132
35;13;0;0;0
35;14;0;0;0
35;15;0;0;0
35;16;0;0;0
35;17;39984955857;39477943636;40484643439
35;18;0;0;0
35;19;0;0;0
35;20;0;0;0
35;21;0;0;0
35;22;0;0;0
35;23;0;0;0
35;24;0;0;0
35;25;24570324482;9971362421;38506170966


THREAD; REPETITION; AVERAGE; MIN; MAX (nanoseconds)
36;1;0;0;0
36;2;0;0;0
36;3;49037375077;34970663660;54984516677
36;4;0;0;0
36;5;38482612636;23195553346;44467410243
36;6;0;0;0
36;7;58989550068;58989550068;58989550068
36;8;0;0;0
36;9;39438575142;26370734478;53065613157
36;10;0;0;0
36;11;46028604040;25743495123;59211200935
36;12;18525259949;14086617503;22963902396
36;13;33262519328;21443308368;40115798656
36;14;29903425086;22747770248;46858647956
36;15;0;0;0
36;16;35560116008;24429006829;47974264257
36;17;38518522175;28540162227;59502795537
36;18;0;0;0
36;19;0;0;0
36;20;57689684932;57689684932;57689684932
36;21;55245854501;54677421223;55814287780
36;22;49285778307;28521304524;52258407702
36;23;59422291567;58753472579;59758743639
36;24;49811675785;49811675785;49811675785
36;25;56136602906;56136602906;56136602906


THREAD; REPETITION; AVERAGE; MIN; MAX (nanoseconds)
37;1;31746979644;31746979644;31746979644
37;2;43838225051;24747832895;48777518162
37;3;27401618886;10513592300;44289645472
37;4;44745299961;27690754970;54376476828
37;5;0;0;0
37;6;44126225016;23741606684;54100557543
37;7;57140536995;57140536995;57140536995
37;8;30608818905;19421244949;36203125118
37;9;0;0;0
37;10;0;0;0
37;11;44753757405;25498623708;52751968547
37;12;0;0;0
37;13;0;0;0
37;14;0;0;0
37;15;30923812314;27763135189;34084489439
37;16;0;0;0
37;17;56183935807;56183935807;56183935807
37;18;31677999263;26344020678;37011977849
37;19;0;0;0
37;20;46059234973;46059234973;46059234973
37;21;32343809286;29981179521;33146975873
37;22;0;0;0
37;23;33661569780;21215288955;39126721063
37;24;43084398226;41037619935;44704332255
37;25;0;0;0


THREAD; REPETITION; AVERAGE; MIN; MAX (nanoseconds)
38;1;51416951386;51414219405;51421911513
38;2;22129535877;22129535877;22129535877
38;3;30762110240;20432161349;37637197186
38;4;41037763284;24458844979;47972100783
38;5;0;0;0
38;6;50182090042;27445260152;55871192568
38;7;0;0;0
38;8;55135109210;55135109210;55135109210
38;9;27083895239;19476848245;39546337174
38;10;34782792063;25364554503;52401135828
38;11;29328870638;21253730991;39367513120
38;12;39989531665;39986020011;39993043319
38;13;39982000584;29896538177;46570971241
38;14;0;0;0
38;15;0;0;0
38;16;55715352579;33844466615;59634135344
38;17;48631762871;47100960458;50162565284
38;18;49204382295;47685598449;51096947238
38;19;39336820112;27595905695;45207448922
38;20;0;0;0
38;21;0;0;0
38;22;25779114244;20362969455;36577792429
38;23;54768715530;54069627145;56158883951
38;24;53984161953;50475391496;57926071470
38;25;0;0;0


THREAD; REPETITION; AVERAGE; MIN; MAX (nanoseconds)
39;1;31888884463;23264525799;38361463748
39;2;26285270823;11629482168;42497612476
39;3;28609071998;24280095725;32938048272
39;4;46136389681;46131606811;46141701040
39;5;29968422942;29968422942;29968422942
39;6;47124884657;47124884657;47124884657
39;7;27952515124;27947020152;27958010097
39;8;31782927425;29554393994;38182952652
39;9;27836898195;27836898195;27836898195
39;10;0;0;0
39;11;28789236795;28709828903;28868644688
39;12;0;0;0
39;13;46089757252;27261459487;52854192921
39;14;0;0;0
39;15;40925195032;40676297546;41663064440
39;16;33330217415;28523067666;38782547083
39;17;43834654986;40791341707;45360805284
39;18;0;0;0
39;19;39258633080;38571610149;39973452142
39;20;0;0;0
39;21;22798897183;20975956861;26438709738
39;22;21350695305;21339066069;21362324541
39;23;27968190161;22460243760;42113724091
39;24;22842344488;22842344488;22842344488
39;25;27814402040;21548342736;39959632090


THREAD; REPETITION; AVERAGE; MIN; MAX (nanoseconds)
40;1;0;0;0
40;2;0;0;0
40;3;0;0;0
40;4;36489676423;22103373194;42538806888
40;5;0;0;0
40;6;39715326194;22583125998;44776866753
40;7;30136457567;30136457567;30136457567
40;8;37225232502;26706771881;41941229263
40;9;23993171506;16342618406;27558126172
40;10;0;0;0
40;11;27344550146;27344550146;27344550146
40;12;38639229554;22627792638;43130738195
40;13;0;0;0
40;14;0;0;0
40;15;0;0;0
40;16;0;0;0
40;17;42125632954;27093418857;59181585998
40;18;47503042425;47009611417;47996473434
40;19;0;0;0
40;20;0;0;0
40;21;49295231889;31799446647;58046824457
40;22;28723462569;22127549451;40643806964
40;23;0;0;0
40;24;46672883634;46127412562;47218354707
40;25;0;0;0


THREAD; REPETITION; AVERAGE; MIN; MAX (nanoseconds)
41;1;51675197825;51675197825;51675197825
41;2;47934469098;43425907832;50140859942
41;3;51886105473;51525834428;52599500565
41;4;44417345780;24772430994;50992252367
41;5;35158565322;20839036176;38028526041
41;6;0;0;0
41;7;36380224652;36380224652;36380224652
41;8;40731501769;40220939952;41242063586
41;9;37034130935;24481166392;47927141299
41;10;0;0;0
41;11;19915745787;19915745787;19915745787
41;12;49462046923;49462046923;49462046923
41;13;27249701446;23701475397;36797009606
41;14;0;0;0
41;15;0;0;0
41;16;53635952195;53117620746;54154283645
41;17;0;0;0
41;18;47953127375;32200871829;57610815620
41;19;0;0;0
41;20;0;0;0
41;21;47073695609;46562431748;47584959471
41;22;41159443589;41159443589;41159443589
41;23;52193099297;49528602098;59176074054
41;24;52575047876;52575047876;52575047876
41;25;48146861309;28027007552;52195387961


THREAD; REPETITION; AVERAGE; MIN; MAX (nanoseconds)
42;1;0;0;0
42;2;0;0;0
42;3;43563875960;43057224522;44070527399
42;4;42042133148;42032289370;42047802515
42;5;0;0;0
42;6;31555252134;31555252134;31555252134
42;7;34628168361;29413495081;43896543346
42;8;49530998307;33686685529;57456860719
42;9;59928523248;59928523248;59928523248
42;10;45289060271;35708386262;57594793054
42;11;0;0;0
42;12;0;0;0
42;13;38903348260;34392360622;41170774986
42;14;25748359651;19958035868;29523999070
42;15;45890606837;45890606837;45890606837
42;16;54059568325;54059568325;54059568325
42;17;51004121124;51000430013;51007812236
42;18;32951088453;26216239285;36318582040
42;19;26874145248;26874145248;26874145248
42;20;52293505040;52293505040;52293505040
42;21;50321044574;50321044574;50321044574
42;22;42616205491;22969753208;48453685036
42;23;37472063279;37450716013;37493410545
42;24;58013935220;58012579811;58015290630
42;25;0;0;0


THREAD; REPETITION; AVERAGE; MIN; MAX (nanoseconds)
43;1;0;0;0
43;2;0;0;0
43;3;0;0;0
43;4;36913995878;36910600300;36917391456
43;5;35292321873;23718317691;42461721532
43;6;48200128801;48178984899;48208480896
43;7;53423890187;53423890187;53423890187
43;8;52318412977;51338178525;53401004038
43;9;0;0;0
43;10;0;0;0
43;11;0;0;0
43;12;27139393694;27139387548;27139399840
43;13;28660107953;28658453798;28661762109
43;14;45825309833;27054386521;52085145179
43;15;0;0;0
43;16;0;0;0
43;17;38918278370;38918278370;38918278370
43;18;0;0;0
43;19;0;0;0
43;20;0;0;0
43;21;42959973631;25426247331;59348440654
43;22;34118125674;30303914254;44361495944
43;23;40962903578;30478111883;44457936135
43;24;51863005564;51863005564;51863005564
43;25;0;0;0


THREAD; REPETITION; AVERAGE; MIN; MAX (nanoseconds)
44;1;0;0;0
44;2;34378930736;22313397373;40392100741
44;3;0;0;0
44;4;42820604539;42820294898;42820914180
44;5;0;0;0
44;6;36732140188;23702426286;49761854090
44;7;35976656146;27078302619;46080391363
44;8;28566396776;28559082160;28573711393
44;9;46279851699;46279851699;46279851699
44;10;34186321922;20429860010;40783352703
44;11;0;0;0
44;12;0;0;0
44;13;38198652901;38198652901;38198652901
44;14;0;0;0
44;15;50977274556;50976475851;50978073261
44;16;45678984357;25240677376;49928355140
44;17;0;0;0
44;18;0;0;0
44;19;0;0;0
44;20;30245986781;30245986781;30245986781
44;21;44474961971;44474961971;44474961971
44;22;57435806408;57222407806;58288046875
44;23;39827323215;39529239052;40559282884
44;24;11674176675;11674176675;11674176675
44;25;0;0;0


THREAD; REPETITION; AVERAGE; MIN; MAX (nanoseconds)
45;1;0;0;0
45;2;0;0;0
45;3;41452797667;39689563758;46681609045
45;4;0;0;0
45;5;37660561136;27003728337;42701705804
45;6;34037716013;25503553524;38307766211
45;7;0;0;0
45;8;35185569255;30462496561;39853822902
45;9;0;0;0
45;10;0;0;0
45;11;0;0;0
45;12;36683743658;21192631535;40086589008
45;13;48127666505;30453525588;51816323932
45;14;21073787800;21073787800;21073787800
45;15;0;0;0
45;16;24363630633;21093521942;28009377797
45;17;0;0;0
45;18;0;0;0
45;19;41874165035;39256243950;45267011240
45;20;0;0;0
45;21;25294226193;16074505699;28767382307
45;22;57673236822;57673236822;57673236822
45;23;0;0;0
45;24;0;0;0
45;25;0;0;0


THREAD; REPETITION; AVERAGE; MIN; MAX (nanoseconds)
46;1;0;0;0
46;2;0;0;0
46;3;34748188834;24681059464;48762578833
46;4;34421283333;23493592551;44098940647
46;5;0;0;0
46;6;26436092786;26436092786;26436092786
46;7;0;0;0
46;8;0;0;0
46;9;0;0;0
46;10;0;0;0
46;11;38249288108;38249288108;38249288108
46;12;30940264981;23714199081;41930561845
46;13;0;0;0
46;14;43760741099;43251461219;44270020980
46;15;0;0;0
46;16;0;0;0
46;17;0;0;0
46;18;0;0;0
46;19;18029808537;18029808537;18029808537
46;20;0;0;0
46;21;25543145955;12813001023;35569717031
46;22;0;0;0
46;23;0;0;0
46;24;0;0;0
46;25;35507811852;35504906281;35510717424


THREAD; REPETITION; AVERAGE; MIN; MAX (nanoseconds)
47;1;42804298230;40976692987;51932808569
47;2;0;0;0
47;3;38812051607;28319231146;47906014591
47;4;0;0;0
47;5;0;0;0
47;6;46106704553;46104857601;46108551506
47;7;41054400279;41053742444;41055058115
47;8;0;0;0
47;9;50063392316;47172390275;52881879680
47;10;44973359009;22923603768;51904765061
47;11;0;0;0
47;12;30920638237;30920638237;30920638237
47;13;26135909661;23348657930;28872768606
47;14;0;0;0
47;15;31252349111;31252349111;31252349111
47;16;39120611255;37351316299;40007054248
47;17;0;0;0
47;18;31390601529;31390601529;31390601529
47;19;51803557645;45721230212;54176266886
47;20;0;0;0
47;21;37424494315;37424494315;37424494315
47;22;26218447806;26218447806;26218447806
47;23;41318008155;41318008155;41318008155
47;24;29424894057;21116428485;43955895861
47;25;0;0;0


THREAD; REPETITION; AVERAGE; MIN; MAX (nanoseconds)
48;1;34206380105;27228247724;40028856740
48;2;55625927597;55625927597;55625927597
48;3;0;0;0
48;4;40688979396;40688979396;40688979396
48;5;0;0;0
48;6;59870037253;59868969660;59870731965
48;7;26761526709;20684230118;38074651806
48;8;0;0;0
48;9;31627600435;21171442530;42083758341
48;10;34889868265;26031887573;39893166171
48;11;0;0;0
48;12;51540582261;49016192072;55741702716
48;13;29016502307;29016502307;29016502307
48;14;36670974621;23588258634;43848465378
48;15;0;0;0
48;16;54341103268;54341103268;54341103268
48;17;0;0;0
48;18;33099055048;33099055048;33099055048
48;19;24448124901;24448124901;24448124901
48;20;35966525396;23333257997;41070363203
48;21;32503155109;26212113620;38299590660
48;22;43822530133;43820243145;43824817121
48;23;0;0;0
48;24;31871559607;23011901583;42733514874
48;25;0;0;0


THREAD; REPETITION; AVERAGE; MIN; MAX (nanoseconds)
49;1;42904227271;31411712872;45841012894
49;2;26659213252;26659213252;26659213252
49;3;40557965788;36088558741;48333806252
49;4;0;0;0
49;5;0;0;0
49;6;0;0;0
49;7;0;0;0
49;8;0;0;0
49;9;24439578785;15039586316;27550929029
49;10;51690314202;51690314202;51690314202
49;11;41742273878;41742273878;41742273878
49;12;49404343336;48736482849;49742439332
49;13;0;0;0
49;14;33837288748;33837288748;33837288748
49;15;25973164816;25973164816;25973164816
49;16;28514038796;28514038796;28514038796
49;17;26651926781;23862988103;29440865459
49;18;29723055630;24813093074;39514133640
49;19;0;0;0
49;20;53847528387;53847528387;53847528387
49;21;0;0;0
49;22;22938183903;22938183903;22938183903
49;23;45102785270;45098295105;45105162387
49;24;0;0;0
49;25;50169064410;48792225059;50858201252


THREAD; REPETITION; AVERAGE; MIN; MAX (nanoseconds)
50;1;0;0;0
50;2;0;0;0
50;3;28184822198;27064426275;29305218121
50;4;49221017336;49221017336;49221017336
50;5;53444044704;53444044704;53444044704
50;6;27378420595;21080127363;39943288532
50;7;46812716996;44237935059;48882552391
50;8;0;0;0
50;9;46543737030;46543193199;46544443568
50;10;0;0;0
50;11;0;0;0
50;12;0;0;0
50;13;24094571727;24094571727;24094571727
50;14;0;0;0
50;15;55889275068;55889022976;55889527161
50;16;38652077754;32372140035;43833516131
50;17;0;0;0
50;18;40224726379;30449314019;45970257742
50;19;39688232670;22477153661;46118087285
50;20;0;0;0
50;21;48000561418;26515904605;55684616480
50;22;46327378875;31546707263;53725367121
50;23;41054883861;30626327578;46422722930
50;24;0;0;0
50;25;0;0;0


