THREAD; AVERAGE-REPETITIONS; MIN-REPETITIONS; MAX-REPETITIONS (nanoseconds)
1;0;0;0
2;15247847484;15002197315;15493497654
3;22283063839;18000108787;27562265232
4;14523202129;10977738475;18242170359
5;14951041438;7942496593;19042092036
6;30935915987;7756286999;48828620964
7;25872154269;9282339085;49038018410
8;24875780757;9929612316;56096746184
9;24365914164;8999967277;56646797268
10;24302441706;9416294573;54121177322
11;22823370599;8752934819;49691787302
12;23067451028;10189914578;48336995668
13;22559450184;10204898189;49236083063
14;22945857116;10795203435;47973024596
15;21233864714;10134030825;45584342149
16;20664325349;9647834381;42281040006
17;20044508673;10105569082;40345832383
18;20099640169;9661884736;40277429902
19;19950831103;9858340208;40926434404
20;19652575287;9389981226;36284373407
21;20454966256;10134560048;33403293418
22;20310339070;9877982581;32079646843
23;20280571946;9975005284;29397866882
24;22656482459;9565132305;34083018861
25;22582781165;9331953114;32359568464
26;24243363136;9474360235;31494435147
27;23051367201;8604221941;34181370654
28;23587088813;8873536569;33863163223
29;23128063778;8919516547;32579790414
30;31557844098;8805287468;41936959652
31;28960304013;8546972115;37159027440
32;26726821126;8765235304;35399694544
33;28228354645;8576937004;35620430540
34;23626175151;8737803061;29877594317
35;26317176673;8741351272;35931806358
36;24845515616;7979893307;36987114362
37;26844563357;7829323542;36870136972
38;29480946381;7996096556;43214237594
39;28145540603;7983915151;36578500398
40;26251210985;8215195814;35348639187
41;27117180144;7042432186;38431638166
42;28617645524;6508500717;39493414291
43;25208890059;6394105544;39826833779
44;23728015964;6564580517;36226617600
45;29971296928;5964719898;43340019404
46;25819423297;6317965341;37487653897
47;29052426697;6683288440;43328220008
48;27684425300;6751936762;40058097017
49;22624251584;6509259394;37530307815
50;24319568027;7347143159;36632035677
THREAD; REPETITION; AVERAGE; MIN; MAX (nanoseconds)
1;1;0;0;0
1;2;0;0;0
1;3;0;0;0
1;4;0;0;0
1;5;0;0;0
1;6;0;0;0
1;7;0;0;0
1;8;0;0;0
1;9;0;0;0
1;10;0;0;0
1;11;0;0;0
1;12;0;0;0
1;13;0;0;0
1;14;0;0;0
1;15;0;0;0
1;16;0;0;0
1;17;0;0;0
1;18;0;0;0
1;19;0;0;0
1;20;0;0;0
1;21;0;0;0
1;22;0;0;0
1;23;0;0;0
1;24;0;0;0
1;25;0;0;0


THREAD; REPETITION; AVERAGE; MIN; MAX (nanoseconds)
2;1;34108521195;34108521195;34108521195
2;2;0;0;0
2;3;40656207772;40656207772;40656207772
2;4;0;0;0
2;5;0;0;0
2;6;0;0;0
2;7;0;0;0
2;8;0;0;0
2;9;0;0;0
2;10;0;0;0
2;11;34120753266;34120753266;34120753266
2;12;34843803892;34843803892;34843803892
2;13;0;0;0
2;14;0;0;0
2;15;0;0;0
2;16;54773548035;54773548035;54773548035
2;17;0;0;0
2;18;45238825954;45238825954;45238825954
2;19;0;0;0
2;20;53264439719;47123185489;59405693950
2;21;0;0;0
2;22;38419745247;38419745247;38419745247
2;23;45770342041;45770342041;45770342041
2;24;0;0;0
2;25;0;0;0


THREAD; REPETITION; AVERAGE; MIN; MAX (nanoseconds)
3;1;21892358340;17625576994;24026291540
3;2;24590339741;14711674180;34783948728
3;3;27715461008;18903428369;36527493648
3;4;24539561732;17476393438;44363477761
3;5;24268856866;24268856866;24268856866
3;6;18948959364;13919958542;24376160168
3;7;19824972936;19824972936;19824972936
3;8;18704548809;13817764269;24485925097
3;9;18476957547;18476957547;18476957547
3;10;18664169259;18663558217;18664780301
3;11;29118658702;18503303422;44357976922
3;12;26814108194;17759215138;44273966943
3;13;18052513884;13573920428;22964219056
3;14;21293401430;18361101061;24225701800
3;15;18351482661;18351482661;18351482661
3;16;24762006135;17478983083;32045029187
3;17;26304730140;16209207176;36400253105
3;18;21975910043;18025106682;23952781569
3;19;31321564892;31321564892;31321564892
3;20;26193487370;18627825394;33759149347
3;21;16802053845;13773764054;18318004872
3;22;20116460798;17639976729;24388354246
3;23;24064798249;24064798249;24064798249
3;24;13628232290;13628232290;13628232290
3;25;20651001757;14995097073;27206251074


THREAD; REPETITION; AVERAGE; MIN; MAX (nanoseconds)
4;1;17682114509;11057207480;30924596212
4;2;7650345958;6943455243;8357236674
4;3;9548180460;8451884038;11028613902
4;4;0;0;0
4;5;31503074064;31503074064;31503074064
4;6;22687595036;10836797973;31026333515
4;7;10858393455;10858393455;10858393455
4;8;16581879214;9768113824;26173191356
4;9;11318342380;11317598536;11319086225
4;10;26318365445;10851885365;31651972178
4;11;10740041960;10740041960;10740041960
4;12;13931892530;11215718129;19363083995
4;13;11338041252;10644132914;12031949591
4;14;10371211809;9903093341;10839330278
4;15;11299121746;11299121746;11299121746
4;16;22980877527;10727693394;31557820966
4;17;24714868615;17999960889;31429776341
4;18;12088452862;12088452862;12088452862
4;19;13798364369;10671776720;16246139873
4;20;20126329463;13748746978;32405474369
4;21;15993300719;12625084473;19361516966
4;22;10702117028;10698039136;10706194921
4;23;15621670509;10693349434;19047701035
4;24;15225472329;9799839924;26095156508
4;25;0;0;0


THREAD; REPETITION; AVERAGE; MIN; MAX (nanoseconds)
5;1;11028996073;5418546351;20391521199
5;2;14250877020;10182979610;20952416299
5;3;12272462655;7721498613;21368691901
5;4;9339917224;7149991829;11529842619
5;5;14048142082;12082051071;16014233094
5;6;9704157581;7717292002;11691023161
5;7;8151158550;7019818580;9952059968
5;8;10259590115;10258061290;10261118941
5;9;5416524028;5416524028;5416524028
5;10;19350197873;10208776883;29723431399
5;11;57469894445;7205018864;59967904650
5;12;15016925000;7122358149;17024012899
5;13;13522015321;7795372317;21077983096
5;14;0;0;0
5;15;12997096162;7545730114;19970969285
5;16;9820984336;7866078161;11775890511
5;17;9332977794;7858586846;10807368743
5;18;58883764838;9582629287;59646373701
5;19;8376941482;7243021180;10641729256
5;20;13577025711;10227393425;22184769642
5;21;10830372994;10826561895;10833099109
5;22;12311390246;7646359733;21144121809
5;23;12805222172;6412606351;21567566827
5;24;15929709764;10164179456;21157411766
5;25;9079692484;7890978811;10952237016


THREAD; REPETITION; AVERAGE; MIN; MAX (nanoseconds)
6;1;37105875611;14674693710;55049230070
6;2;29237465299;7155499582;50905433791
6;3;38134617543;14132112601;48848866685
6;4;25022644913;6006875943;34112227113
6;5;30853015360;14488762608;59963146015
6;6;26229862640;6488181459;56221078587
6;7;42043017149;6699036609;53061738643
6;8;29423519074;6580968321;40352870407
6;9;27653072790;4507366648;59831160385
6;10;24473879752;6094667199;49280008772
6;11;30879283764;6535487122;58709925214
6;12;36183667408;6686006322;46616583183
6;13;30835937728;6584269998;43619118212
6;14;25233626533;6510625093;47349048552
6;15;39725727908;6685898906;51486481801
6;16;29397630579;4542375148;49205005804
6;17;28693279244;6372383920;41755013487
6;18;39845838805;6317485671;50535665427
6;19;27143994041;6186175477;35317773488
6;20;24737557177;6181026010;43070293081
6;21;37186196014;9035766278;47649902362
6;22;28167851853;8838834265;37248228895
6;23;31780113471;14210487786;41156256732
6;24;28755958860;6382092137;59500379937
6;25;24654266182;6010096186;59870087469


THREAD; REPETITION; AVERAGE; MIN; MAX (nanoseconds)
7;1;27924065844;6541627008;42090290386
7;2;28244930003;6192949732;57024091609
7;3;24653251414;6319116186;33768506892
7;4;27050158874;9126138448;48717152249
7;5;24402058480;5963991723;59843918571
7;6;26064739247;13025987451;46354515937
7;7;23052950211;12389895294;41071703946
7;8;29162746747;13440294647;59891274519
7;9;24909951310;8433939020;31113224307
7;10;23891543642;6323563959;48915113373
7;11;30352695914;6737435623;59675208861
7;12;25168754573;5995920432;52811138496
7;13;24133524415;5910949087;43607642941
7;14;28260902293;6542143554;59656776211
7;15;23519611233;13124466448;33801790870
7;16;24831503912;12525540257;47633778804
7;17;28251513549;13447404559;58247893727
7;18;21138384155;5501032603;56911519970
7;19;25234275915;6408282826;59910543728
7;20;28797186293;23873827889;50615164846
7;21;24300806675;12986629796;36685181636
7;22;27643713367;13002305740;41865597513
7;23;23713062913;5901817899;55803311035
7;24;24086305658;5829441871;43019754047
7;25;28015220096;6513775075;56915365780


THREAD; REPETITION; AVERAGE; MIN; MAX (nanoseconds)
8;1;23457054388;5775610308;59651721378
8;2;25223681254;6326970467;59902497455
8;3;26173954085;20485409948;45123030441
8;4;28067761665;11258184141;55423307921
8;5;27470929824;8950613905;59895358070
8;6;23021939908;12515086205;44521527317
8;7;24269685962;8145789409;57380797629
8;8;25409122197;5982101915;54810289297
8;9;23612985726;8203646692;54479879286
8;10;23919866107;6098833721;52106341867
8;11;25456360612;6024204822;58405790191
8;12;25058063983;12814380878;57652149784
8;13;24971785496;6173859317;55125438988
8;14;20701983532;10864341767;56873502778
8;15;26093887189;12946364063;59971755628
8;16;24354502174;12678259597;58968077018
8;17;24520039740;5929752454;57935998220
8;18;24069878499;12142677211;59368132682
8;19;26017002435;13061954243;59875696492
8;20;26906826015;12385364132;59121645349
8;21;28402293457;7007879912;42885996963
8;22;21162065876;5524420282;55238205065
8;23;24666789452;12055925195;58846202939
8;24;25921438481;12769106199;59957869854
8;25;22964620868;12119571133;58897441994


THREAD; REPETITION; AVERAGE; MIN; MAX (nanoseconds)
9;1;24325547467;12153194750;59759630135
9;2;25047132765;11701513112;59472103089
9;3;22242592157;10996941232;59807138058
9;4;24268981385;5937773795;52544132913
9;5;22144869467;10526991350;59105692554
9;6;22208907596;5602874387;59681208366
9;7;23748262267;5836775763;59195947669
9;8;32705513796;12821410751;58174093286
9;9;21975748781;5683016976;51144096037
9;10;29787830667;12924728981;58806011239
9;11;27723831940;12423182067;56784093998
9;12;23906405356;12138807866;59497458266
9;13;25331167781;12228620118;58439032056
9;14;22053365035;10595434126;56664737906
9;15;24805910314;6453574616;59710113227
9;16;24532796415;12015048630;59376997565
9;17;23813071907;6318672066;33518280326
9;18;22024039856;5608967690;58917538752
9;19;24194774288;6198314241;59892675186
9;20;24443589001;6145112507;55878136746
9;21;20874126405;5452310978;56642853979
9;22;25129260545;6302169130;55056551252
9;23;22509279710;11251695118;56886049135
9;24;26668457803;12399132152;51477021590
9;25;22682391405;5282919547;59738338392


THREAD; REPETITION; AVERAGE; MIN; MAX (nanoseconds)
10;1;22831317958;5699418222;59494984419
10;2;24953790521;12165040739;59064378014
10;3;22027788434;11018544955;56929737579
10;4;22317730480;5601571359;55371370524
10;5;23747216485;12168097551;58836155433
10;6;30191327414;12862445716;58913437112
10;7;22153547979;5594550704;50505039467
10;8;24300243397;5871193545;50919579863
10;9;26294980810;12482977096;59964986053
10;10;23836213588;5823501032;55591089650
10;11;22658725265;11277225109;49586734347
10;12;22072613734;10227650791;56952416229
10;13;25911839659;11498966069;43241770393
10;14;28778912691;6493691237;52450948235
10;15;19898601315;10221600022;59624023584
10;16;23037972680;11292348888;41950420585
10;17;24881776657;12243431497;56642042773
10;18;24493838234;6225645439;53977421363
10;19;22121980254;5663114236;34025477330
10;20;23252787101;11231579223;56626940715
10;21;22589646737;5809341341;56431027268
10;22;27813993527;12234683528;59884431541
10;23;24164071511;7996454857;59288310596
10;24;22816158915;10875287502;54655284261
10;25;30413967327;12829003687;52101425740


THREAD; REPETITION; AVERAGE; MIN; MAX (nanoseconds)
11;1;23870053354;11324545368;58664799996
11;2;22346095337;10340340322;44498782457
11;3;24118268134;6175213749;58227695210
11;4;19138021987;5353722122;26695552228
11;5;27751640422;12476118613;59748790489
11;6;25106547576;6470332891;47231458957
11;7;26520051580;12149638502;56774193438
11;8;21340134617;6540616614;36041197205
11;9;22490092977;7006196249;57708847074
11;10;23292890487;11333002309;40869928651
11;11;20943742548;10311830693;59302675480
11;12;24156574519;11621138651;43402560381
11;13;23755447509;11941425307;38481941769
11;14;20171608393;5446418400;56306690864
11;15;23109817298;6092713180;44382371223
11;16;22613229993;10805691296;57502220883
11;17;21965742312;11006061106;59206195899
11;18;20962835957;5647313485;59856492515
11;19;22145676147;10870934574;39528016690
11;20;24326123228;12103265499;59804550089
11;21;20876990587;5290960652;50406289627
11;22;21460849805;5674870130;36568648529
11;23;25418152722;6386491719;51537996729
11;24;21188509561;5518557456;40974936200
11;25;21515167943;10935971611;58571849984


THREAD; REPETITION; AVERAGE; MIN; MAX (nanoseconds)
12;1;22471328390;11063817050;52374791419
12;2;21322425365;10348312285;59853801670
12;3;23494050798;11457390185;42931419146
12;4;19973852664;10126551419;37167474219
12;5;21256810641;10292179662;28632001553
12;6;23238886207;11386719680;42371542892
12;7;20896130287;10266984841;58395654895
12;8;27682663141;12381779318;54402163543
12;9;23256166901;11900124807;31998189295
12;10;23652298607;5712380344;47237152347
12;11;22000740096;5599417943;50099831613
12;12;23615875073;12139998520;49783022074
12;13;22479820084;11354667144;46261955849
12;14;27218326207;12617236967;57632493306
12;15;29288486053;12712784027;59956401442
12;16;24303167273;11427809540;57397800978
12;17;21299048333;5583592189;59962663690
12;18;20110212078;13708607868;54083874766
12;19;21788752437;5545987409;40531179312
12;20;22034796996;10987820449;28413961830
12;21;21956480097;5899591429;42081937299
12;22;24348227971;7896282698;42465220580
12;23;23916130736;11837033338;59957853861
12;24;23549038344;5766075577;44765949583
12;25;21532560945;16734719776;59666554548


THREAD; REPETITION; AVERAGE; MIN; MAX (nanoseconds)
13;1;21952362667;11311161685;58837118614
13;2;21767303933;10467950535;59599878476
13;3;19408539124;17186277097;56632903134
13;4;23237878180;10529655585;37661684237
13;5;23500087390;10548993238;54042563161
13;6;24366894392;12290097764;53303912927
13;7;19903326934;5755080045;56276613439
13;8;21704135423;11425285336;39427386372
13;9;21841965677;11150722229;34057657467
13;10;22455701477;10500222375;37945847796
13;11;21979747666;10433236557;59242066310
13;12;24300825393;6155740813;57716612656
13;13;26269938217;12426236575;48073841857
13;14;23547165554;6211198700;30953271855
13;15;24934543219;12190336481;59017369945
13;16;20067885121;10505567467;58089122709
13;17;23797790219;11328340823;46742819898
13;18;23944499054;11239548952;56967278732
13;19;23007012418;11566770428;59948950355
13;20;21496336449;5887731053;30962588053
13;21;22251713443;7822927215;35371412847
13;22;22173422264;5577045756;37007740020
13;23;22634918642;11255073550;45530052004
13;24;20362461583;10174794702;59171704086
13;25;23079800178;11182459782;58321679640


THREAD; REPETITION; AVERAGE; MIN; MAX (nanoseconds)
14;1;20315192596;10291638043;29167425887
14;2;23894305958;18251204831;59918580853
14;3;22383562483;10887683631;57487698925
14;4;36238110841;15008160814;52622970866
14;5;23449003951;12100719644;57401075207
14;6;21147906314;10443298171;57139058735
14;7;20865584741;10734948506;31038970246
14;8;20015208022;10231628461;59487503439
14;9;23509934240;11254872827;58095876781
14;10;23400727016;12066073970;31499310317
14;11;20159445810;10352819632;30934782214
14;12;21571056230;10412292973;58842582716
14;13;22434786182;5650108044;52218154123
14;14;23441929676;12033045960;42361931963
14;15;22707359539;10943305993;56276042974
14;16;23248701032;12082257871;53140270970
14;17;24355299416;5769348548;58207629391
14;18;20415672818;10386281637;35157136871
14;19;20291236044;10320792237;34075104657
14;20;22358654590;11273318187;37960308153
14;21;23343059375;6105027175;32711586319
14;22;25365393185;12315272961;59688020125
14;23;20996441945;7645279708;58300473873
14;24;23982273839;12104351112;52568908758
14;25;23755582081;11216354942;43024210549


THREAD; REPETITION; AVERAGE; MIN; MAX (nanoseconds)
15;1;19337972321;10084341236;28680967484
15;2;21281178995;11065164427;41159236858
15;3;18565928642;10061596656;58090112501
15;4;22603499591;11046501511;35562400738
15;5;22386702216;6095222088;48828413248
15;6;23074769535;11546789536;59657144484
15;7;20352151726;10563612763;43558809290
15;8;20702985238;5878411083;27816806535
15;9;22114027779;11345313790;59577563699
15;10;20589805620;10197423974;40768722352
15;11;20884429593;10278911007;31490358203
15;12;22155333749;11947440806;33258412452
15;13;19144764159;10083198703;41339597212
15;14;19767807886;7489312259;55949925130
15;15;23409148326;12021665602;59131792728
15;16;20175783100;10937521109;59546353657
15;17;21267141386;10259571537;29560297259
15;18;20575877313;5520220308;30377400061
15;19;20145852534;10894399289;42765127830
15;20;21924960997;11144611605;53746936343
15;21;22967869980;11536399459;58999614686
15;22;21205529043;10291674081;45326422074
15;23;22728673398;11061153303;59911686331
15;24;21960251141;11570785183;48099247530
15;25;21524173605;10429529311;46405205061


THREAD; REPETITION; AVERAGE; MIN; MAX (nanoseconds)
16;1;22747677762;11989248144;59967596790
16;2;18875510730;5344516133;59277394333
16;3;20494569775;10186873331;30066753106
16;4;21847348122;11379696930;31219777374
16;5;22131690533;10922884333;56441082805
16;6;23416969193;5831691458;43788495116
16;7;18780095199;5561097430;28983063979
16;8;19296102629;10284023877;28424488378
16;9;24256063489;11894915345;38081887851
16;10;24029458830;12125371380;42169942828
16;11;19698789710;10213073031;44777835171
16;12;21774293533;11274929076;44624526651
16;13;20394073821;10905381969;29483440493
16;14;21133093721;10381035300;48025163673
16;15;18334218384;5328361635;30377769521
16;16;18924567609;10094837193;52784837529
16;17;20905230389;10642986050;42409846363
16;18;19060999435;10126638511;41221266320
16;19;18557576383;10402001302;26739417231
16;20;19369676458;10078026258;35188985612
16;21;20934553371;8650370369;58906121938
16;22;19576593225;5489101408;59368302116
16;23;21899350922;10956298216;51747497098
16;24;18721720887;10127935953;41806522896
16;25;21447909618;11004564896;31143984990


THREAD; REPETITION; AVERAGE; MIN; MAX (nanoseconds)
17;1;21248260414;6314206554;59072178657
17;2;20944842643;10964311247;53812711392
17;3;22650147472;11154061270;59147345962
17;4;16360353804;6292960837;19887275268
17;5;19007450786;10097841277;26811816795
17;6;18650982539;10021055749;21288753459
17;7;19163756645;10491845402;33130343591
17;8;23749808438;12193376113;59304366477
17;9;18520215364;10176126784;25008019804
17;10;17896335075;9751630655;29264471113
17;11;21191935113;10270512593;39684669421
17;12;19955023679;10061814700;59985975732
17;13;21250156411;10221916822;46495620673
17;14;20178594719;10569517704;33455531359
17;15;22862792189;11446929148;33762099722
17;16;19101906431;10205750871;56016871349
17;17;22898336126;11156164890;47259551773
17;18;18883252007;9825517628;43021337768
17;19;16753536106;12982540169;20364148376
17;20;18752887044;13050722019;29722574727
17;21;21671683750;10944866596;59557614375
17;22;20787547499;7626430804;58098160101
17;23;19149731515;5196373980;22488510202
17;24;18659666041;10140930900;32851584699
17;25;20823515022;11481822340;39154276801


THREAD; REPETITION; AVERAGE; MIN; MAX (nanoseconds)
18;1;21522895355;10263230661;24596812514
18;2;20493680162;10936550665;58910395316
18;3;23212379355;11779843527;53812054116
18;4;17689996308;9963946256;42528730188
18;5;19008135949;9990857148;24870934155
18;6;20867255514;10549097302;28016632561
18;7;19000492389;9970965653;53251013676
18;8;20237989039;10662389423;29211851856
18;9;18485553927;5433417166;30180648309
18;10;18322434447;8984056494;37048984019
18;11;22026611341;10902898553;51342655421
18;12;19520202280;10071232517;27872715107
18;13;21742822032;7502845403;45746398285
18;14;18410066102;10009904262;42739780964
18;15;20188249529;10277884690;55126793699
18;16;18414492808;5392640335;41430516798
18;17;16810489642;3691944018;20022011736
18;18;21212893846;10921074047;49569454079
18;19;18344333845;10715088789;42865270306
18;20;21768082947;9796735899;28114235539
18;21;18521601350;10296986768;35831293782
18;22;22743152594;11525150542;50320261863
18;23;18414143133;10298001772;44468326700
18;24;23471912533;10612508364;31137490798
18;25;22061137812;10997868165;57920485775


THREAD; REPETITION; AVERAGE; MIN; MAX (nanoseconds)
19;1;20144690260;10044532197;28124985717
19;2;22263466926;11050842845;59743255777
19;3;19617124852;10242397288;22062154269
19;4;17482614279;7144723352;35941446818
19;5;20281334431;7799978209;59961297036
19;6;20724520882;10479370493;53284181718
19;7;20272864515;9880864328;35585846176
19;8;29495525094;10615929958;36131465312
19;9;16600579436;8824055571;20672256949
19;10;18178045394;10031109680;37903369981
19;11;23279833548;8803320394;29911156236
19;12;21171798459;10409705283;58316068802
19;13;18845555522;10287844195;39074063953
19;14;18732956596;10024212644;43176136562
19;15;17187560381;9905052109;33359303627
19;16;20376627762;11222577520;45752597188
19;17;18047323328;9823241571;30424153419
19;18;18199103278;9657858959;37882709255
19;19;19559221050;9997730787;35692229878
19;20;21707405644;10445664184;57332365217
19;21;18100320144;10050182006;53886756208
19;22;18099201487;9957054877;29889259879
19;23;18060257710;8284399693;45041394716
19;24;19175508284;10428303038;35190787307
19;25;23167338323;11047554019;58821618111


THREAD; REPETITION; AVERAGE; MIN; MAX (nanoseconds)
20;1;19682173649;10038283776;49241024907
20;2;19740844740;9959737271;46559724420
20;3;17297761778;9638762049;30585500532
20;4;19427697738;10063154884;26061391252
20;5;18068715562;9767973374;31386435706
20;6;19775018065;5123806308;22961541690
20;7;20768250254;10789128297;33078113769
20;8;16585350552;3746244705;53883039185
20;9;23224928373;10976941063;55545148545
20;10;20009065881;10722306187;48084028137
20;11;19512204150;10025850981;33634673611
20;12;17256759562;9746697904;35125077768
20;13;21407307741;9718275298;29409057086
20;14;22245997252;9751387467;28416194516
20;15;18104720612;7543167078;25427025222
20;16;17905001953;9727405788;41061737944
20;17;22687273329;9149589193;29128592740
20;18;19171371615;5437520411;21980933890
20;19;18191392230;10339362544;42064981094
20;20;19008273825;10359170998;39705262121
20;21;17938648769;9835837795;56184974557
20;22;19569966949;10965114142;21911201214
20;23;19531094450;10271608193;38416861152
20;24;22103542012;10976033267;39684761890
20;25;22101021158;10076171692;27572052244


THREAD; REPETITION; AVERAGE; MIN; MAX (nanoseconds)
21;1;37776105167;10349080330;46170282396
21;2;20662842274;10707297366;36235403731
21;3;18662551123;10290429091;26233001191
21;4;20556317848;9781657934;24077023197
21;5;20340094276;10598894831;29620151654
21;6;19001748781;9995816158;26933323929
21;7;20525193744;10550886774;33314113456
21;8;19481186622;5803947359;53139854577
21;9;16861460931;9863673665;18627054766
21;10;18411993324;9999946152;32784042804
21;11;21420044874;10432610918;38728770835
21;12;18090091034;9703377594;21539121732
21;13;18114521327;12501391727;53161663424
21;14;25438679595;10801581346;40528042530
21;15;20203308193;16238682360;31841988088
21;16;20946384589;10489897458;27900422889
21;17;20187667849;10195410310;23109332890
21;18;18845731921;13137566297;33940475186
21;19;20167817080;10124015273;35292227504
21;20;18000898245;9699397549;42485014296
21;21;17393451961;10903941074;24579093292
21;22;17911741638;5687023351;33824028054
21;23;22260896494;9765311303;24266399012
21;24;19807582414;5140318742;27193682996
21;25;20305845109;10601846254;49557821036


THREAD; REPETITION; AVERAGE; MIN; MAX (nanoseconds)
22;1;19197245151;9419595367;24742234278
22;2;17090673736;9733415420;26766376104
22;3;27653043729;9888571732;31243826729
22;4;22046067941;5741885700;28025788752
22;5;18456573393;9888323865;40545261409
22;6;19399273869;10066773221;30409048008
22;7;21894521246;9916794174;25540260354
22;8;19307702322;10115860745;22226036549
22;9;19917702062;10212644345;41779876842
22;10;19300804376;10845530437;21646171301
22;11;20668219210;11060360744;27235249383
22;12;17538869404;9875185463;22533719090
22;13;19019644189;9956507391;40487599541
22;14;19726782820;10703287220;32688812754
22;15;18542364438;12515053449;41433790118
22;16;21125693285;10997681269;58175000523
22;17;24130200205;10552583498;41511818123
22;18;21330452758;10522082486;29845081847
22;19;22065553709;11479310638;46155137525
22;20;19785490638;5541756005;24219940174
22;21;20660136024;10322596937;33999839086
22;22;21901066250;9839665167;27769997513
22;23;19370664216;10056255404;21560076141
22;24;17724985405;9546896952;39104661906
22;25;19904746375;8150946908;22345567034


THREAD; REPETITION; AVERAGE; MIN; MAX (nanoseconds)
23;1;18238109208;9959683564;36247300146
23;2;18333955662;8645524571;37917570808
23;3;20242297974;10299719378;29896407853
23;4;21171827476;10738584303;24161903189
23;5;21224127254;14053878147;33491136025
23;6;28529468463;7067753234;33073451444
23;7;18363386577;9945120678;20604582146
23;8;19764172280;10516483590;45636040614
23;9;19800415685;9996977269;22940240310
23;10;17573790635;9800963460;20420163805
23;11;25616611272;10795628843;31867584916
23;12;19964548371;10643959218;29525658359
23;13;16731354420;9883249407;28008950719
23;14;23595458494;8947031675;26602978033
23;15;19988375147;10090713205;23137818005
23;16;19100191730;10265695501;33170230016
23;17;16746085303;9180031820;20015244954
23;18;18849009175;9820511685;20831468525
23;19;19195748781;9911472757;25825190493
23;20;18224378719;9871768829;36504153112
23;21;21653925206;10954070140;35901433073
23;22;23001791077;8165726091;30073203926
23;23;20282263200;10570881216;31467517869
23;24;20377441112;9984912678;35395116768
23;25;20445565436;9264790847;22231326956


THREAD; REPETITION; AVERAGE; MIN; MAX (nanoseconds)
24;1;21782780599;9482965642;25757307005
24;2;19239989990;9978487141;25596345694
24;3;17479277847;9789940341;28556374763
24;4;32294191270;7809686287;37229787305
24;5;19360749795;10825372569;41700402914
24;6;54363119677;8225124911;58739606919
24;7;25247371431;10052919715;32889157631
24;8;42927731935;7253201245;50255471645
24;9;27627641487;10159820801;31818593983
24;10;19940496691;10241407008;42618642383
24;11;19173659447;9911956129;41160608821
24;12;16656677347;8985735617;19321886301
24;13;19182501261;8828716568;21821646816
24;14;20449393363;10090883967;33289799612
24;15;19252613388;10065210522;24431169604
24;16;17343399538;8121272955;59958995348
24;17;23009772743;10568089171;36178834041
24;18;17981141936;10150409269;26849880502
24;19;19802434001;10197819486;22756665931
24;20;20711483678;10255516484;58144012507
24;21;17486085016;8869703901;20957557874
24;22;17339043541;9860469767;41454077124
24;23;19666890714;10086762144;22740821948
24;24;18713208275;9777483800;25676451197
24;25;19380406507;9539352208;22171373666


THREAD; REPETITION; AVERAGE; MIN; MAX (nanoseconds)
25;1;46626073846;7363992700;54706707067
25;2;19720988469;10086934093;22626886098
25;3;17598466778;9812112014;44471004625
25;4;20074899009;10664816059;40369346314
25;5;19036133941;9915120707;22576216251
25;6;22985766681;8241097891;29075760955
25;7;18097550677;9710910256;40201937746
25;8;16487654566;12139259738;19786639293
25;9;17099726488;9621372689;30535484538
25;10;19928913928;9822414720;22054847474
25;11;19405872801;10112722846;22725419292
25;12;43777831423;10614518954;53262581907
25;13;38092608892;7399952857;45159171836
25;14;21567748957;4981456372;25389672361
25;15;18089447568;9681496391;30546791981
25;16;28321611619;10967218599;34230284086
25;17;17493549854;10217231590;39539354234
25;18;17568040974;9698781479;40663704326
25;19;19339567549;10244725656;26081254671
25;20;29338892350;9449083403;36307141340
25;21;19456094403;9829091337;22201841714
25;22;17001019569;3673856873;31945657618
25;23;17966609331;8886425439;20743124964
25;24;19926055775;10117191710;26705933505
25;25;19568403698;10047043479;27082447420


THREAD; REPETITION; AVERAGE; MIN; MAX (nanoseconds)
26;1;25826621357;11205042261;31923403464
26;2;40637407353;7357235626;47999006857
26;3;21814508866;9696323625;25246402825
26;4;19869664941;9951605372;33709559944
26;5;17696353793;7841513097;20694268196
26;6;18415677155;8926868359;22883492595
26;7;23538380800;10553524610;29833829369
26;8;27568912786;7995001879;35467218879
26;9;17649299945;10047090901;22564319278
26;10;19079651333;9772267215;24820855793
26;11;41968493170;10207312243;59966383088
26;12;24402891244;9818798688;31678905699
26;13;19222803126;10601092318;33302828712
26;14;30827532190;7630619045;34171140257
26;15;18919104601;9074432924;20983987001
26;16;26939889049;10111228242;30281875281
26;17;20128133238;10331724284;23389340894
26;18;17877825756;11015334980;42928117470
26;19;21399159844;9907619544;27407703423
26;20;35466444992;9216786421;41587174278
26;21;20528188908;8319894218;27529637705
26;22;22084963203;9918758669;25889687726
26;23;37198343148;7370215977;42521057495
26;24;19971685749;9921814295;26178445654
26;25;17052141873;10066901101;24402236806


THREAD; REPETITION; AVERAGE; MIN; MAX (nanoseconds)
27;1;29066687514;7273236472;33350139682
27;2;21047688765;10366845507;36926488003
27;3;18003360367;3663754612;48805813169
27;4;17161448825;9981521255;20000245213
27;5;16360491853;8608016033;19000311772
27;6;21443708655;10875450162;25531066239
27;7;21379387173;10655081232;37726761782
27;8;18251006986;7265314796;21573628492
27;9;29890575229;7660341188;34647847562
27;10;19641064146;10507633233;27383838658
27;11;20235846581;7573286200;23385923281
27;12;18809596677;5190441732;58075373826
27;13;20064896442;7152921321;23836138532
27;14;17512466824;10348618679;26223813432
27;15;17517443170;9331488150;36053215771
27;16;49550096731;3419712631;55344841873
27;17;36038101631;9790980558;41457449690
27;18;18356095684;9872060625;37521203323
27;19;18704127687;9848929613;25244594494
27;20;26256278800;10347577555;33626106320
27;21;17195807911;8995780190;24854393295
27;22;18973647861;10702374673;59608686928
27;23;18457384901;10236369427;24629540975
27;24;29644890035;8102240439;37639463116
27;25;36722079589;7335572259;42087380938


THREAD; REPETITION; AVERAGE; MIN; MAX (nanoseconds)
28;1;17952381087;9953112267;50858462248
28;2;48028660776;9881757318;56894185574
28;3;20417044069;10148637397;26064806491
28;4;48015391634;7974646009;59844365276
28;5;17825735017;9923745755;37394580876
28;6;20439491262;10064062612;23688889090
28;7;18416105304;5655155474;35293750673
28;8;19567093186;9440065637;28355987563
28;9;17430017942;9502897366;24423162511
28;10;19576716893;10832379394;56253451626
28;11;34304953015;7240046431;40106431963
28;12;18475305310;8997438990;22265020275
28;13;25413641577;7339049376;29879036372
28;14;19526834437;10276604359;36027496512
28;15;18868933795;9777196612;21798990584
28;16;18557775204;9010559233;21576269540
28;17;20512200786;9975368796;25018243590
28;18;17309276283;9322561387;25801034489
28;19;18048782214;7410707366;20196379289
28;20;17559488853;10194689200;25861444262
28;21;45237974059;7333798220;51882220017
28;22;17896768763;10031757109;43314675329
28;23;31260654974;7219168916;39040215726
28;24;18331660361;7433122785;20776915991
28;25;20704333546;6899886228;23963064719


THREAD; REPETITION; AVERAGE; MIN; MAX (nanoseconds)
29;1;18476493862;5009032992;22339559637
29;2;19352389370;9239029821;21029681007
29;3;16779241249;8602913079;19809891830
29;4;17349175922;9455158477;19496356869
29;5;17871707135;9163284650;20945125777
29;6;24304327814;9342095713;27642973269
29;7;18079111767;9695366171;56819533069
29;8;19869414709;10106874337;23168001240
29;9;20923450916;9833984556;24118023031
29;10;19142120861;9800868826;25874444797
29;11;45544272948;7232436106;54051638337
29;12;19480347151;10015945952;25718302885
29;13;17407283974;9516380643;33333091916
29;14;47844276649;7107773963;59702457714
29;15;30739823827;10281464823;59787618748
29;16;16701944124;9560839157;40034055026
29;17;23338096837;7610474236;27631473763
29;18;42696708681;7255886083;49257809094
29;19;18673436838;9938430234;33998299575
29;20;17341360973;9829155871;19647393524
29;21;27095543146;7262918820;31193672381
29;22;23220983652;7485891224;26638642132
29;23;18898295018;9904156045;21670657793
29;24;18039391429;10044641847;48399134177
29;25;19032395611;9692910063;22186922780


THREAD; REPETITION; AVERAGE; MIN; MAX (nanoseconds)
30;1;36530906824;9243745574;43271040174
30;2;42283838124;7329457305;49560837690
30;3;33936824861;10141301618;39636473210
30;4;18435664033;9830318518;21095905555
30;5;48151966581;9285134983;58355782020
30;6;18716474951;12343338190;55657294851
30;7;20269535343;7664292250;22912595036
30;8;19814294426;9897941917;27009132375
30;9;24871164760;9565810738;30531494785
30;10;18158901553;10434484970;41746318107
30;11;45609671464;7223548454;55153418451
30;12;21374850701;11674034200;45066923520
30;13;35908187672;7205365557;42552174299
30;14;39638488855;9085395141;49852185334
30;15;21738875999;8971517609;27445520870
30;16;19039491714;9708913284;22713932637
30;17;38149988714;7228098892;46341387592
30;18;44955267114;7265653595;55088134176
30;19;41715844964;7283019909;49699749619
30;20;19787337136;8030831432;23829087845
30;21;45413370605;9618158802;55672851438
30;22;46125251849;7336737001;53088830074
30;23;37186759179;9255847531;48884282290
30;24;33842461884;4909485493;37869049348
30;25;17290683161;9599753740;45389590017


THREAD; REPETITION; AVERAGE; MIN; MAX (nanoseconds)
31;1;17707476241;3804368292;22038773294
31;2;22874447011;7389752957;26910660573
31;3;25017490845;9741157606;28863226053
31;4;45524229986;7271890282;54008884998
31;5;17191101835;9895725435;27358343309
31;6;35970290055;9254374159;44605242915
31;7;46265643019;7327504613;55402873969
31;8;20470379893;10767506973;30204315562
31;9;42548312936;10160131944;49736860341
31;10;34043843576;9803773454;38177377222
31;11;41417745944;7186645230;47876154093
31;12;45199171676;7173689882;50003511270
31;13;21628903119;9393376532;26018016465
31;14;19134205392;9175434238;22880718778
31;15;36564225251;9326130137;42754998959
31;16;24121002939;9302101943;26752852807
31;17;17335285747;9782657782;27102230870
31;18;18653380040;9715889450;53031636982
31;19;36821806625;7283958017;46716001545
31;20;46139633584;9679281236;54284663344
31;21;26022637669;5214858732;33582459154
31;22;17311709033;10357929849;36201342909
31;23;18253628895;4999953416;21636702779
31;24;30728324964;9974471685;36646494527
31;25;17062724068;9691739034;26181343299


THREAD; REPETITION; AVERAGE; MIN; MAX (nanoseconds)
32;1;16622023590;4930064575;19416366116
32;2;19518053791;9690546564;22994492876
32;3;40056012936;9802008635;48550503835
32;4;27193598193;3935169903;29439194087
32;5;16301360603;9683205477;28648606527
32;6;42306132886;7177356201;51426280714
32;7;16517026618;11959408109;41503485848
32;8;36043008875;7283791446;42406988668
32;9;27131918421;8179642525;35089483649
32;10;17420898577;10198412997;42794114336
32;11;20957407267;10161408782;24433433090
32;12;48434461165;9250920787;58841071630
32;13;26053628061;10218982929;30038984075
32;14;17271776722;9590388443;25302572394
32;15;37287240597;7843695986;42573877826
32;16;20013384840;10611610973;42409048496
32;17;20305986057;10359235950;25245553066
32;18;21321285390;7293088786;24621349641
32;19;38643005741;7425514485;44413487049
32;20;40891031474;7347274514;50081638239
32;21;45570152499;7306132134;53860590801
32;22;16671168308;9000093517;27117768669
32;23;19409577479;9735027217;22477135712
32;24;19340563817;9813284300;23503148654
32;25;16889824246;10334617388;27803187626


THREAD; REPETITION; AVERAGE; MIN; MAX (nanoseconds)
33;1;28576358119;5056677594;35895276006
33;2;20779375576;9760260173;24010206605
33;3;18597752285;10330369991;33158221436
33;4;45980543991;10025009185;53505636471
33;5;28507193994;6836631401;35111065373
33;6;41063566163;7303102280;50854776655
33;7;17771421298;9635422868;27790175916
33;8;36470936147;10038054278;46815560218
33;9;18723237433;8921265762;22805128515
33;10;19185963849;7330981032;25127710994
33;11;20438935113;9714478726;26769132041
33;12;26377654636;7356756515;30439215250
33;13;39403164736;6836699008;48408786452
33;14;30707380614;10460690186;36510157087
33;15;16642578979;9164044522;29982851662
33;16;20078772009;9691861047;23235333820
33;17;29933338788;5654879182;38733920861
33;18;46731008371;7224557660;53452317753
33;19;28026060175;10150849969;30466262752
33;20;20535727137;7329907921;24612693722
33;21;40797934188;7342170235;52569529158
33;22;24304120732;10192213606;31241379631
33;23;20570131842;9865457342;24590780742
33;24;19835294580;10073444460;28943165193
33;25;45670415385;8127640175;55481479210


THREAD; REPETITION; AVERAGE; MIN; MAX (nanoseconds)
34;1;16494417615;10006995931;26937307885
34;2;18403892275;10262273208;30098931987
34;3;40650697560;5292477606;51640716138
34;4;38302963583;7233665941;46474075895
34;5;23146274496;7617889634;28222718949
34;6;39836229268;7254007283;45745109854
34;7;20336951066;9681158011;23931263191
34;8;17059577171;9656977633;23867953399
34;9;24262694000;10391530139;31675476492
34;10;19504346655;10759695227;25851115155
34;11;17230690438;9852815162;19522818683
34;12;19521417342;9616811704;26377034232
34;13;21205906429;9291298615;26182005604
34;14;19665226409;9598981785;23633674881
34;15;21391847064;9740551033;25225095578
34;16;17225291295;9622218118;19880641324
34;17;18862039851;6982775465;27779489991
34;18;22074149106;7358180858;25002052706
34;19;20294188956;9692441777;21713555913
34;20;18863749038;9596126533;32587641306
34;21;20180451452;5359482210;24392696208
34;22;19711644585;9873270486;22688358856
34;23;40856373485;7083135845;49770058066
34;24;30372436037;7289824964;37941229262
34;25;25200923612;9330491376;29798836375


THREAD; REPETITION; AVERAGE; MIN; MAX (nanoseconds)
35;1;29987652032;9703021614;35983810163
35;2;18701007824;10715855507;34161503976
35;3;36329283672;9684100284;43840478398
35;4;19560493006;7302406591;21724058156
35;5;16372387049;10345928882;21156542103
35;6;20334630392;10513658091;59398833441
35;7;17377012450;9404755912;21389072703
35;8;21751596825;3820585089;25752661651
35;9;17640194910;10164218847;25186884157
35;10;32572109253;9680353020;45003121137
35;11;16905511992;9683692131;39811112236
35;12;21448227379;9474642517;23895562634
35;13;23840563506;4562464503;29378631991
35;14;15883805669;5187771071;42508272141
35;15;41569637899;9484601324;47214665202
35;16;17778340957;9717997260;26462443621
35;17;37498831006;9695678152;46897694539
35;18;46554854423;7238471789;56130543547
35;19;29879629714;9201296743;38958447512
35;20;30166782294;10178809737;36963484116
35;21;32084268506;9783301369;41918831443
35;22;28121884965;7872114752;31792847695
35;23;40695521291;7235061789;49807220401
35;24;26478550340;9777815756;28970156053
35;25;18396639476;8105179080;23988279935


THREAD; REPETITION; AVERAGE; MIN; MAX (nanoseconds)
36;1;15522401876;4301822368;18697391428
36;2;50440913996;7959164293;57267147221
36;3;20413621816;4606947322;59912377481
36;4;17644317974;8973937819;54183851090
36;5;18339537386;9507056903;22556366661
36;6;17331161838;10271972835;19304584312
36;7;32928338843;7353572452;42982075375
36;8;26980700902;5303476140;34427825464
36;9;17204916297;9731221566;39389922881
36;10;19107296885;10564441640;29282343357
36;11;23738787010;9847462526;25995981612
36;12;42170190615;10177486455;51277501750
36;13;45039404447;7217565361;55714819761
36;14;17552661025;5235838145;30366824415
36;15;19443549898;10750438114;38099569778
36;16;34620469553;4945088412;47115970466
36;17;17666697847;9060552389;33765763526
36;18;22068034928;10241014710;46339179561
36;19;18147502656;9718715298;27332296493
36;20;16718905173;7177129496;38704227912
36;21;19347577407;9792780228;23039421560
36;22;22532630929;3160959703;28235395072
36;23;16336371107;9136968036;19327662524
36;24;39375453531;7216686129;46416201221
36;25;30466446473;7245034355;34943158138


THREAD; REPETITION; AVERAGE; MIN; MAX (nanoseconds)
37;1;19656524958;3960764078;23659218141
37;2;17266881639;8618011926;30258298681
37;3;37516405487;7213811112;45960504268
37;4;30033286322;7270380942;36442423898
37;5;31396772162;10190829771;37173817133
37;6;17433536588;9596021422;41615032358
37;7;20947756967;3674674365;25722710289
37;8;28885027355;3625964264;36865505044
37;9;20988152155;9826025165;23659594725
37;10;20643496824;10472578567;39219443044
37;11;47718401040;7201132127;59028477083
37;12;16508266906;9829874467;32097166679
37;13;17775026339;9837425916;47536290645
37;14;21449973689;9817116770;22593159395
37;15;46271776949;6991148945;55581647389
37;16;39079598552;9780705439;48710575156
37;17;30175837279;7330632873;37363211945
37;18;30003631250;9560880852;36634889770
37;19;47855108777;7229239331;56801254489
37;20;16724040616;5374069400;47024456460
37;21;17879452011;7520212206;22225404695
37;22;41680181164;9751221943;55558724643
37;23;17370576978;9852898833;19093102964
37;24;17157530231;8535456811;19318817546
37;25;18696841689;2672011038;21609697881


THREAD; REPETITION; AVERAGE; MIN; MAX (nanoseconds)
38;1;15853797412;4787759547;59605135638
38;2;37646278406;10009149557;49446401428
38;3;16973723855;9641806501;44196676603
38;4;20444493060;4709312845;26260188027
38;5;38762778334;10822372187;49439942856
38;6;36921391782;7009258929;48602364476
38;7;34900600206;10343738520;45384408842
38;8;20103767918;9806996210;23468323977
38;9;17101350474;9874469520;42251776552
38;10;38082245036;10112207907;49386260265
38;11;39747525048;4744763021;52490093573
38;12;20826196676;9981798455;25639417439
38;13;16813226681;5244762323;55667689958
38;14;34532671789;8119844911;44441889053
38;15;19523244971;10357696159;35563677786
38;16;49968377166;5067565710;59895012565
38;17;29063889016;9786224366;31301480355
38;18;13269414134;8705697302;14892400361
38;19;41949605034;5429900867;54158815506
38;20;22867843132;9790139529;32312325938
38;21;19185447525;8915244815;34628200721
38;22;43670955076;7212084916;59820105139
38;23;40908298606;7192741116;56138846977
38;24;37424349115;4712423436;48076670498
38;25;30482189088;7524455272;37287835325


THREAD; REPETITION; AVERAGE; MIN; MAX (nanoseconds)
39;1;17688763979;9993030469;20433949287
39;2;17361420485;9856319169;28496647619
39;3;21686260869;9933442728;28914147049
39;4;45850383376;9803379271;59685335706
39;5;44831633723;9710297049;52769179044
39;6;17863444830;8141595091;26382145985
39;7;17264569270;10202348413;38618352053
39;8;29713068771;7402953308;38929299674
39;9;48576659619;5110948319;59827839502
39;10;20609176191;9355805068;26658477684
39;11;15665142163;8927755972;17292277021
39;12;19284253748;6991157396;23291107738
39;13;23931544003;5345361003;29366175449
39;14;38375616638;4903061702;55736032023
39;15;35463610347;7231516365;40911574586
39;16;19489953863;7306946693;25249789708
39;17;18588021262;10524722276;29806491188
39;18;40528135202;10296573586;49904972769
39;19;49167134358;8057498089;56824158517
39;20;33017658458;7087519922;45233042327
39;21;17468934881;9815252218;27178651756
39;22;22519675413;9823632892;25971971927
39;23;24614467636;3612001315;31887383243
39;24;24873805747;2953174147;30989499573
39;25;39205180246;7211586319;44104008540


THREAD; REPETITION; AVERAGE; MIN; MAX (nanoseconds)
40;1;29539227593;4445563472;37449891956
40;2;18149832765;9076074682;23518573380
40;3;42203593797;9489468773;59606393899
40;4;19315216458;9706445163;25884503058
40;5;15813773052;9196931454;20430848963
40;6;54935345801;10920570212;59557558293
40;7;40389778823;9370571190;45400181936
40;8;16407011378;9214310897;20051421550
40;9;17147228594;10013248192;32675844696
40;10;19498840675;10808480478;44539405776
40;11;34430972606;9726346366;46085771725
40;12;41956133487;7143777561;50091498221
40;13;16772855984;8000383220;29464598573
40;14;21500112909;3061728516;32397636152
40;15;22159207166;10597993111;41198720718
40;16;31676848454;7266917234;36736452677
40;17;24569497942;9384838018;29705481073
40;18;26277654055;9196443612;29822914295
40;19;41991810264;7995570736;57257337804
40;20;22042499470;5240110265;30485433065
40;21;19442352084;3116982117;24586057027
40;22;27188656360;4366000986;32179138200
40;23;16776629413;9104109251;24150741784
40;24;20493962539;9678944042;27201005784
40;25;15601232978;9258085804;23238569078


THREAD; REPETITION; AVERAGE; MIN; MAX (nanoseconds)
41;1;31740888889;10527140111;42228236130
41;2;31285951668;9879849534;39924359521
41;3;23934269761;7198244330;33731012881
41;4;17248617916;4765491563;26419980612
41;5;49308855871;5454166452;59704150318
41;6;36250722349;5029062073;48752281645
41;7;44499474977;9670192790;58214476630
41;8;29947945241;4873786613;38769131761
41;9;33953488442;4344734247;42282217014
41;10;17584623236;10295187866;28369097329
41;11;39524150743;9420585717;53240399478
41;12;22069940226;8945813225;28371488275
41;13;37670599811;1687811928;47984879573
41;14;21287779634;3505968356;26246239536
41;15;25641481111;9623971412;31739195973
41;16;25558411150;6939106716;32353061143
41;17;22618274742;5117089323;31963684281
41;18;18374776553;10194219516;58691332138
41;19;19145303761;5436583071;31025684829
41;20;19233238385;9924392346;24678657692
41;21;17878123641;8764338345;21200965625
41;22;17526346580;8838601624;22677939236
41;23;18169230905;2871853406;36165829945
41;24;26083377409;3483463960;59717988250
41;25;31393630613;9269150129;36338664341


THREAD; REPETITION; AVERAGE; MIN; MAX (nanoseconds)
42;1;38298580231;4860990852;52766039609
42;2;41005531721;10185144481;52896693854
42;3;37650340157;9719417971;51478464092
42;4;34368132750;7402750978;46496405129
42;5;40410986432;7366897329;53333259675
42;6;13008746936;8857675137;14480832550
42;7;19395886690;8759301322;21732165192
42;8;19527178686;3673968060;27172150231
42;9;17556482023;3883395306;45210051347
42;10;20045510927;5010401112;26817311837
42;11;40280276203;3448797264;53047554647
42;12;22427646709;3616292783;32692129027
42;13;30459700342;9594418704;37965413761
42;14;19478576699;4024046562;24188092341
42;15;16375006126;9995246044;45823781514
42;16;46618912047;4933059229;59519505901
42;17;16384485252;3907258604;20515246700
42;18;15977454344;3636654799;19527348308
42;19;37120934395;10243929047;55266184040
42;20;19837945764;9883750100;25759654159
42;21;37144812447;4825573222;44527873794
42;22;18234130300;5781571960;31427651768
42;23;21236825472;4126635788;27302923836
42;24;42258634759;4620435418;57536103751
42;25;50338420711;10354905861;59852520223


THREAD; REPETITION; AVERAGE; MIN; MAX (nanoseconds)
43;1;23518632793;7012518142;30492192303
43;2;33991717930;6958806357;45571244530
43;3;43658397127;5206962338;59750109092
43;4;21607918632;4337564830;28277776226
43;5;21935127707;5076122384;29531622385
43;6;15854429284;4952621283;26136178341
43;7;31216443681;8033470246;59942451554
43;8;43519078185;3909810395;59529695813
43;9;20930370306;4568529031;59790615497
43;10;28193435279;7311580871;37975371521
43;11;19565521341;4796364552;24683612233
43;12;40111468831;3833517947;56302797074
43;13;24751475946;9954117004;29972243958
43;14;16925592726;9797763054;56305726845
43;15;18790613010;5019171291;21914230999
43;16;27606323767;10137767858;32517855691
43;17;20356403621;4309395328;25655731455
43;18;15574583853;3866000497;20146161174
43;19;21495319718;10386550037;54059179030
43;20;39463539329;5413804967;51494908291
43;21;17449956603;9432202836;53137536334
43;22;27438438204;4233711547;36409823735
43;23;23171909385;7067535678;28161502090
43;24;15841625328;8723973088;21535604106
43;25;17253928896;5512777042;46376674200


THREAD; REPETITION; AVERAGE; MIN; MAX (nanoseconds)
44;1;32171334698;3098393442;43188144931
44;2;21768356105;9716064681;25832725528
44;3;16114974890;7882387147;18710864370
44;4;17918390509;9351595733;22818927825
44;5;19713482455;10267538402;30430981591
44;6;18927958793;10354965645;51601545029
44;7;17848212596;5228314423;25903458261
44;8;16047764978;5050950120;21749510902
44;9;38388186693;3875577273;49986894494
44;10;36752434260;5351250508;46508557582
44;11;28020928742;5349225949;47520306003
44;12;15984818352;4360599531;18569569945
44;13;16080811573;3590093992;32888018798
44;14;20481659040;4610770853;58755035206
44;15;21106013767;9628926582;37821468859
44;16;40418080508;6988698564;54799900686
44;17;16066489186;3493948114;23561951659
44;18;17461142403;5640194284;52952009124
44;19;18743908361;6940196798;28438875052
44;20;31751860668;10084167122;41823911349
44;21;28480817983;9649166794;34381036556
44;22;25095629358;7051889207;30237772049
44;23;18080848814;2619529577;24787939529
44;24;40011184160;3878629546;56114351195
44;25;19765110219;10051438661;26281683496


THREAD; REPETITION; AVERAGE; MIN; MAX (nanoseconds)
45;1;39888145094;4544603015;55915739990
45;2;19566270758;10328917921;23125871165
45;3;41289503257;7316726288;48082162258
45;4;36584542939;3836634404;48845003415
45;5;24330153827;5021266949;33118691342
45;6;30175722624;3130126594;34572683400
45;7;26021675234;3801495581;33147381092
45;8;44629298970;2971145075;57024007102
45;9;17365908418;9905401525;42457367906
45;10;20981653034;3689752189;28617156091
45;11;36198393905;4738657358;47308285899
45;12;33123162048;3190314062;45545778234
45;13;32086136115;4227784258;46038380926
45;14;47847726896;5400961086;59559731405
45;15;15785582207;2687683840;21784108875
45;16;17841235670;9854633759;50117773697
45;17;32559480565;3963341709;43828325947
45;18;38532464486;9760412496;49736183370
45;19;16030408556;4148667638;20160545544
45;20;47516056724;7364331919;56685483072
45;21;20742085391;9655267848;37652921880
45;22;17753835037;5389144640;58597236031
45;23;28687464018;3882334766;35914964053
45;24;40619735585;10338160646;54804754305
45;25;23125781842;9970231901;50859948122


THREAD; REPETITION; AVERAGE; MIN; MAX (nanoseconds)
46;1;38058871660;4043211357;44069862162
46;2;22749208238;9996681771;30267471984
46;3;42698391349;7141201745;50554529556
46;4;17350966313;9947253911;38606018712
46;5;21232053555;4948974101;26721976187
46;6;46391751597;4497289250;57682224836
46;7;18004674345;3952355606;37943371364
46;8;31639030440;6786649839;38316135990
46;9;46180578054;7923176409;59005699537
46;10;18548921157;4868751685;21009502255
46;11;18045268387;3976586829;58711174395
46;12;21070498504;4212286059;26339028844
46;13;18683292708;5218247291;25862575481
46;14;27065051662;9978461019;34309538084
46;15;22624256840;5411966325;28044202615
46;16;28988105991;9823045597;38723746872
46;17;32445656659;3775076721;42115527322
46;18;20404911714;8941838698;24415055125
46;19;17261902246;4713361195;43407153074
46;20;18528814999;4349057422;24881637121
46;21;39944081923;5272844943;55667406891
46;22;16413378047;3929524981;28633647363
46;23;21524011487;8202693359;38287536404
46;24;19226209587;10103461333;25341771300
46;25;20405694980;5935136100;38274553959


THREAD; REPETITION; AVERAGE; MIN; MAX (nanoseconds)
47;1;18266287472;4260249697;24601400387
47;2;40251288454;6988925478;53725237425
47;3;18341789986;10056288788;47282678175
47;4;33445947575;3886114017;48120826809
47;5;42488151823;8127835312;58858883042
47;6;38538015076;7053240984;51646882844
47;7;26958168189;9310422135;31818206085
47;8;16229959274;4102160750;29284658316
47;9;21619522299;5150247657;29365718827
47;10;16842784113;9389023325;52809513569
47;11;17485339435;3874863914;21937102900
47;12;21299974326;10715158840;51282433522
47;13;54258245409;5600819378;59926388340
47;14;20202973704;6093682158;27423088270
47;15;47881829673;7524646708;59143757028
47;16;42212365496;3724317266;53084826354
47;17;41187575530;3805037721;55700783480
47;18;48663918194;10274961483;59939045744
47;19;38113247045;8029398220;52205566001
47;20;18146908055;9954215480;53848063162
47;21;17824687622;3703474254;19884497332
47;22;16862685949;10133957808;46435256576
47;23;22329181055;5286800068;33095008514
47;24;27186174406;4760123494;36339209871
47;25;19673647279;5276246073;25446467638


THREAD; REPETITION; AVERAGE; MIN; MAX (nanoseconds)
48;1;33646972283;3732164562;46113578681
48;2;15486111521;4778895781;19398889174
48;3;46576817309;5101902127;59545649866
48;4;20917149025;6446516945;57642916697
48;5;25296536046;9881471807;33606796465
48;6;16424580014;5554337702;48984063617
48;7;21343483091;7287378773;26221632637
48;8;45749894146;10276409363;59915969558
48;9;19841070810;2415989462;23653965099
48;10;23916945601;4501684711;38806301220
48;11;15057328029;7042051155;18449196476
48;12;36117311263;9662642388;55164037259
48;13;23528472543;4758817042;36410371849
48;14;19913375434;3222746607;33033405642
48;15;17248183160;10214171913;30787884634
48;16;35167135603;10344587301;48965554491
48;17;39614648297;7396264679;45543987434
48;18;26451139396;9739245212;35596873905
48;19;18485354026;4338613078;23129299045
48;20;45355711113;7930466023;57759910687
48;21;37933935018;4314567494;53683143179
48;22;20993374942;9645025625;27372822384
48;23;31182630134;3854372972;47311589532
48;24;36833957419;7382565033;50231016931
48;25;19028516287;8975531318;24123568987


THREAD; REPETITION; AVERAGE; MIN; MAX (nanoseconds)
49;1;32765096441;7454184261;57689533656
49;2;47240293914;10466834472;58131621198
49;3;22911743865;4294936996;32898920603
49;4;28692504102;9520143831;36076416416
49;5;13862286861;5972975127;21276163731
49;6;17535981970;4026828619;58161914014
49;7;17190418483;4458121772;31561174674
49;8;29096645252;9443004488;37949467739
49;9;31476747172;4493423466;38483047217
49;10;18569037532;5004868845;30947136438
49;11;18142316108;9848881911;35183324207
49;12;25588144744;9803686782;32362373570
49;13;17658838410;9958322427;52874261883
49;14;18653181998;4235231922;24136875288
49;15;19155823352;4736012049;24175882759
49;16;19954129325;4057615633;25843713238
49;17;16172847217;8884397878;54400844521
49;18;17499473089;4245021784;42000794864
49;19;17244465747;4790110336;22702055778
49;20;18515693895;4902438439;23276215902
49;21;17764337853;4981619102;45488952227
49;22;26782733658;4430514353;33653087264
49;23;31779860751;3817217621;43526223724
49;24;24417466730;9396522044;34000387200
49;25;16936221134;9508570712;41457307284


THREAD; REPETITION; AVERAGE; MIN; MAX (nanoseconds)
50;1;37358757174;4508755652;50319218295
50;2;16955821531;8881169674;43403570286
50;3;23063301446;6956304223;28245426304
50;4;27313901295;9605471575;31523732206
50;5;28526405551;9587070284;37784519052
50;6;16970316217;9470647596;27135449547
50;7;33803073795;5756075912;45983701420
50;8;17314650554;12137750678;46632765966
50;9;29256822377;7341624494;39636868582
50;10;38064393034;4778694150;53097500939
50;11;30553317834;6903820528;38656755538
50;12;14648785407;3008954909;19565157374
50;13;18058980981;9636397153;28716523818
50;14;26266865284;5105388603;59744179777
50;15;18960027834;9701235911;23629868322
50;16;29808701047;9618872441;38498366622
50;17;20933062758;7284279148;25974868454
50;18;16995382133;3946241631;29059964185
50;19;40990628208;5188953135;50677246270
50;20;21438705673;6049268133;59003294134
50;21;27356813595;9256051957;35513759709
50;22;17222307637;5319461063;29123204137
50;23;19907418167;5177708340;25933820360
50;24;19289660994;9864065545;25809899093
50;25;16931100162;8594316247;22131231554


