THREAD; AVERAGE-REPETITIONS; MIN-REPETITIONS; MAX-REPETITIONS (nanoseconds)
1;0;0;0
2;5065961489;5065961489;5065961489
3;28309292827;27315452969;29566610798
4;13963742372;11671496894;16938149172
5;12273661415;10182130183;15096771662
6;38218698375;16986747469;45364298004
7;35422433227;10015904691;54204957230
8;34391652976;11974614879;55579227860
9;33614578370;10338580378;54938693470
10;32281219601;12274125306;57577947281
11;31891119764;11609658272;56337307115
12;31859289755;11687779016;57321213067
13;31884478258;12005770241;55724140154
14;30374135847;13695394168;56616990790
15;29755359315;13396134665;54963732340
16;29056647028;12666982376;54814083756
17;28826237164;12697881971;54064727609
18;27851043344;12391110906;52542805163
19;26961186438;12704814530;52578867252
20;26913016801;12170349988;49667919713
21;26306997913;12512887149;47165425625
22;26285722551;12589990892;48622101697
23;23890998857;11580843562;44230739138
24;23926695911;11839894897;39923348679
25;24692967459;11439370556;42742738454
26;25163268375;12038907469;43976968891
27;27641698489;10899004915;40350726167
28;25894646011;11404589776;39690893152
29;25206070762;11356984007;38055698528
30;29231064424;11294589893;42902776746
31;28429277578;11661087342;43431557466
32;28740617351;10613700987;40509522243
33;27388914438;11023133135;42305266976
34;28775658916;11303396962;41766172974
35;30287665675;11144518130;45910543387
36;29450315485;9385764553;48242116878
37;30240497351;9920392644;47556889300
38;29693678626;9782888300;46616040952
39;33422170899;9355642410;50753293147
40;30000254437;9138619757;49351519290
41;34220508041;8363041285;51519032097
42;36986738272;8722547879;52242358313
43;31514367043;8392630895;52764019172
44;35391221046;9509751320;54671944230
45;32936857467;8884041837;53289322232
46;35891172289;8993565598;52116552614
47;31659272677;7828254272;51885745300
48;35125706420;9011584458;52751012402
49;31260083598;8528220983;51941695975
50;30833242070;9520967866;51049133613
THREAD; REPETITION; AVERAGE; MIN; MAX (nanoseconds)
1;1;0;0;0
1;2;0;0;0
1;3;0;0;0
1;4;0;0;0
1;5;0;0;0
1;6;0;0;0
1;7;0;0;0
1;8;0;0;0
1;9;0;0;0
1;10;0;0;0
1;11;0;0;0
1;12;0;0;0
1;13;0;0;0
1;14;0;0;0
1;15;0;0;0
1;16;0;0;0
1;17;0;0;0
1;18;0;0;0
1;19;0;0;0
1;20;0;0;0
1;21;0;0;0
1;22;0;0;0
1;23;0;0;0
1;24;0;0;0
1;25;0;0;0


THREAD; REPETITION; AVERAGE; MIN; MAX (nanoseconds)
2;1;0;0;0
2;2;28889094215;28889094215;28889094215
2;3;0;0;0
2;4;0;0;0
2;5;0;0;0
2;6;0;0;0
2;7;0;0;0
2;8;0;0;0
2;9;0;0;0
2;10;0;0;0
2;11;0;0;0
2;12;0;0;0
2;13;0;0;0
2;14;0;0;0
2;15;0;0;0
2;16;0;0;0
2;17;0;0;0
2;18;0;0;0
2;19;56451672908;56451672908;56451672908
2;20;0;0;0
2;21;0;0;0
2;22;0;0;0
2;23;41308270115;41308270115;41308270115
2;24;0;0;0
2;25;0;0;0


THREAD; REPETITION; AVERAGE; MIN; MAX (nanoseconds)
3;1;58408961264;58408961264;58408961264
3;2;33269309274;30023522892;35251846115
3;3;20331399591;20331399591;20331399591
3;4;26369344730;20240605301;38624470079
3;5;29070923783;29059149627;29082697940
3;6;20879653594;20526015527;21233291661
3;7;35002658578;35002658578;35002658578
3;8;40009956502;40008356788;40011556217
3;9;25015577235;22028823076;30848548628
3;10;26694793892;26694793892;26694793892
3;11;20403622737;20396772146;20410766871
3;12;38570466847;38570466847;38570466847
3;13;19880822703;19880822703;19880822703
3;14;0;0;0
3;15;20162164255;20162164255;20162164255
3;16;39632256823;39632256823;39632256823
3;17;20809305233;20809305233;20809305233
3;18;40155803251;40155803251;40155803251
3;19;38923061521;38923061521;38923061521
3;20;34496140361;34496140361;34496140361
3;21;27314391354;15698541225;38048411111
3;22;30495407237;30495407237;30495407237
3;23;20084731532;19590044056;20338555040
3;24;20723784238;20723784238;20723784238
3;25;21027784152;21027467807;21028100498


THREAD; REPETITION; AVERAGE; MIN; MAX (nanoseconds)
4;1;17979980836;13841008704;22118952968
4;2;16779456712;13160972903;20397940521
4;3;21935036471;15913681208;27956391734
4;4;11689242592;11689099243;11689385942
4;5;11700581568;11700581568;11700581568
4;6;0;0;0
4;7;13750886495;13635557522;13866215468
4;8;0;0;0
4;9;16793217783;11524706352;22061729214
4;10;11766303818;11766303818;11766303818
4;11;20447445869;13717265113;38834097141
4;12;24829644969;15962694770;37775214727
4;13;15696793115;13609360826;20162041056
4;14;17853045044;13654566572;22051523517
4;15;0;0;0
4;16;13724284511;13724284511;13724284511
4;17;17112145747;13804338330;20419953164
4;18;13643702831;13643024254;13644381409
4;19;13150175860;13150175860;13150175860
4;20;12569108015;9575182041;15563033989
4;21;21965538707;21965538707;21965538707
4;22;22933089576;22209961811;23656217341
4;23;0;0;0
4;24;16572232696;11674094613;20411498109
4;25;16201646089;11865023627;20538268551


THREAD; REPETITION; AVERAGE; MIN; MAX (nanoseconds)
5;1;12298490730;11307124648;13289856812
5;2;11697310621;11697310621;11697310621
5;3;12166540719;11167448796;13165632643
5;4;11818644199;11818644199;11818644199
5;5;11304138724;11303791613;11304485835
5;6;11434285083;11158941359;11709628808
5;7;10091135535;8913941646;11268329425
5;8;9104573556;9104573556;9104573556
5;9;11708200134;7643813948;18523202949
5;10;12002345200;11076574466;12928115934
5;11;13853124023;11472712803;18100836838
5;12;10277119054;9099497911;11454740198
5;13;11172046691;11171887488;11172205894
5;14;10125560976;7917440415;11230520708
5;15;13841558319;13824480625;13858636014
5;16;25772231387;6773990898;59216721888
5;17;8916830386;8915670567;8917990205
5;18;11627128378;11627128378;11627128378
5;19;16476892349;8646933060;24306851639
5;20;10961624103;8798035085;13125213121
5;21;12130347711;12130347711;12130347711
5;22;10582744664;8025153965;13140335364
5;23;10651601530;8357071709;12946131352
5;24;11975364909;11145401231;13133796544
5;25;14851696410;11455337900;18248054921


THREAD; REPETITION; AVERAGE; MIN; MAX (nanoseconds)
6;1;59095727146;7658428236;59460697659
6;2;29233711656;4882828823;55924235622
6;3;47936921892;7264432421;59201168095
6;4;56070866618;56059630204;56082103033
6;5;49025114050;22017911424;58029047407
6;6;59120153766;7368505495;59494939860
6;7;59257924941;8360220084;59792254881
6;8;0;0;0
6;9;59088275112;7569381933;59993891472
6;10;57719347394;4909423195;58494840196
6;11;36736703059;16451384953;57022021165
6;12;10760695540;10749140115;10773837457
6;13;59119670369;10366803742;59978675781
6;14;22211480999;22211480999;22211480999
6;15;56922044584;56697149009;57034896544
6;16;11020662193;10778536798;11262787589
6;17;22225041710;6141313770;55674835279
6;18;10630800562;6467328249;14794272875
6;19;33860981248;8046916507;59675045990
6;20;11361441852;7603041936;16948811650
6;21;46623458568;10684465833;58606333138
6;22;57066189662;56946481536;57185897789
6;23;8560205230;7410013284;10849161345
6;24;34121071393;10324898346;57917244440
6;25;57698969841;57698969841;57698969841


THREAD; REPETITION; AVERAGE; MIN; MAX (nanoseconds)
7;1;33915696319;7559147532;56836799509
7;2;45786839372;10118957716;55600869803
7;3;32203190820;9712411424;54187532354
7;4;34717065143;7262616826;57023283685
7;5;33098228897;7061868198;48147837225
7;6;45888238476;10676534518;58211256249
7;7;32987807905;7202300781;58991946183
7;8;36785949518;9802347226;45454397207
7;9;33792050909;19140494742;45314658916
7;10;32411700778;10031756061;59011067957
7;11;32596851688;8002321454;58415263043
7;12;30810812411;18238578507;55165068046
7;13;35244076338;7368707196;58624047540
7;14;31668432832;7439949142;38871428422
7;15;35440992702;7395910514;59641544945
7;16;32591644411;7097010375;59726080480
7;17;32718591065;25061422681;49207610394
7;18;31871277296;5490314132;59076862562
7;19;49917443624;9419947228;59619646701
7;20;36346639046;19392685174;49506177461
7;21;34976795740;7333823991;49243552742
7;22;31366756946;7265656808;51358870052
7;23;33076683597;7165421653;54731885338
7;24;41194411553;7835457020;58058628750
7;25;34152653307;7321976397;55097615200


THREAD; REPETITION; AVERAGE; MIN; MAX (nanoseconds)
8;1;36826012099;9879425597;53586023014
8;2;35630441349;7219624003;59697048996
8;3;33785170406;14796982648;58316991964
8;4;36657591685;15638281332;59158298122
8;5;33910113483;15412349823;57733211624
8;6;35307656428;7210696122;55591378793
8;7;33654959880;7092821294;58965047583
8;8;33364620029;6982393642;53396969447
8;9;33641341933;7208261036;54984687928
8;10;31467660106;14433353052;56101730807
8;11;37774336664;15539731725;53378029470
8;12;33585241539;15044003917;56658430681
8;13;30700352283;18895482666;47075528664
8;14;36557781429;15179409115;58798359987
8;15;32062921388;18168339063;46960543379
8;16;36234054243;19307650763;51490100488
8;17;30065193521;7132690747;59860122306
8;18;31549587983;7026439603;59842461262
8;19;37680831713;4746599009;56846017999
8;20;35091242475;15382246975;53360268903
8;21;34288220299;8036908741;56440623948
8;22;36060758447;18565021253;54080209915
8;23;35855621724;7854913264;59108090204
8;24;30907209144;14811846268;56692378361
8;25;37132404167;7799900336;51358142655


THREAD; REPETITION; AVERAGE; MIN; MAX (nanoseconds)
9;1;36789183015;7902213689;53585786323
9;2;30393945478;16638896214;59980926836
9;3;32885527009;7628056848;55705359131
9;4;34359392824;7608322287;59531356150
9;5;35837751064;7598970260;58068401431
9;6;35997349851;16625417406;56108587194
9;7;33910192660;7221648632;57079165788
9;8;30471424312;6776997007;49911947119
9;9;36324584095;9589145338;58883734664
9;10;33830090675;14737217928;54181674696
9;11;33484066981;7569683228;53250085206
9;12;33969303650;7535059833;49368458142
9;13;34784617948;7592090266;52905473740
9;14;34342548823;14724656066;59239436786
9;15;32308699617;7193740615;58669687488
9;16;34682895461;15154421721;53500657556
9;17;34889505339;7470870251;57291419859
9;18;30574938302;13846200774;48222932733
9;19;31787300732;14319180859;50069314256
9;20;32401461777;6858886535;59678715521
9;21;28810785282;6683103928;42955044007
9;22;34280597335;7637736570;57743817650
9;23;33641007059;14663208522;58671125241
9;24;35398603811;7658406515;55482063433
9;25;34208686173;17230378162;53382165820


THREAD; REPETITION; AVERAGE; MIN; MAX (nanoseconds)
10;1;32561118240;14342144183;59338879173
10;2;32626104202;13935054316;55092355942
10;3;33404558115;14212272719;57499462641
10;4;32804241066;6865999519;59793846006
10;5;32788433602;9360499938;53298327651
10;6;34365238440;14004829245;59850844451
10;7;34038079706;6737917738;58180900226
10;8;33728451973;14056287042;58460191170
10;9;30696457138;13550627734;58632528506
10;10;33041423130;14099635778;59298322902
10;11;33186468740;8970350911;58791169757
10;12;31606937543;6868998993;58647657384
10;13;32580216007;13612943824;56232702830
10;14;33722909509;14243987015;57313646218
10;15;33832079551;14402609969;58972643800
10;16;30429738810;13628553280;58743103802
10;17;28929071783;13508849099;59190142951
10;18;31237502454;13670223031;56124960296
10;19;31725099839;6835955757;57201112711
10;20;31043421354;16671910815;54854382051
10;21;27563407181;6497354971;56575356574
10;22;28485231080;14045173758;57599727339
10;23;33813635948;14249047994;55438988196
10;24;33368849408;14063741621;54433090379
10;25;35451815207;14418163412;59884339071


THREAD; REPETITION; AVERAGE; MIN; MAX (nanoseconds)
11;1;33933323725;16686706900;53978794372
11;2;32756102499;14026174206;58389848640
11;3;31043794033;13312152452;59528388524
11;4;31334345949;8650184381;59578217972
11;5;33776661052;14393025301;59776754239
11;6;33793459280;13984418900;49970680212
11;7;31408764336;14046840869;59862693862
11;8;30563632429;4415360891;47086531878
11;9;33805113364;14149042267;52286484735
11;10;32090592733;8751440825;56125474047
11;11;31219180116;13040805046;50471736212
11;12;34773259415;15102749372;59307589093
11;13;33528103472;6960197875;59106600419
11;14;28233336807;6621335463;57657032249
11;15;31007749134;4448675111;58903446527
11;16;35826600893;14998859282;54509257950
11;17;30239544050;9179312734;52308721709
11;18;33328044025;14090558437;57974813489
11;19;31664804386;6753614146;57419865444
11;20;32899285324;14234239407;59056094489
11;21;33750995899;14317573952;54527005667
11;22;33149895769;8754391270;58012893608
11;23;21401867849;11499539606;58550122012
11;24;30040806497;14004307391;58464520212
11;25;31708731065;13819950720;55579110334


THREAD; REPETITION; AVERAGE; MIN; MAX (nanoseconds)
12;1;31463189833;6883644709;59530237084
12;2;31729743214;14327384766;59593263460
12;3;34365985160;17760612383;56923902270
12;4;28853498772;6720276110;55568327888
12;5;32167083171;15040234233;56885983205
12;6;31868532592;9032128385;56310086058
12;7;31015151087;7833410741;57010324357
12;8;28700777572;6533532056;58969301475
12;9;31861677989;7565709888;56272485190
12;10;30699686929;14541210056;59605085213
12;11;35064186492;14439523389;57419938148
12;12;32018055918;13312015354;56290558437
12;13;34200745528;9012240173;59658483970
12;14;32911433688;13676433877;50171256194
12;15;32932570132;14112367563;57460874218
12;16;27242080821;6494587790;56702670940
12;17;32818659415;15309086350;57227519209
12;18;33184000065;14402643143;59625547381
12;19;32195295014;13687083694;57304011823
12;20;32066138669;6792789307;58953742725
12;21;31364500629;13604880090;59112613405
12;22;30469267812;14543412431;55025109686
12;23;31505896746;13567297310;55380342614
12;24;32761855767;14245202603;58560980585
12;25;33022230875;8756769017;57467681158


THREAD; REPETITION; AVERAGE; MIN; MAX (nanoseconds)
13;1;29904381560;13657001798;58884762240
13;2;27291215129;6538407884;59412528687
13;3;32919852642;14098412787;58546845340
13;4;32965102645;13587242862;46895031142
13;5;35086781682;14474133793;57708624839
13;6;32901680751;8137308024;54819526015
13;7;35772856213;7856300032;50265837488
13;8;33325733553;14384275236;57709629296
13;9;25437105271;7453100464;58838210303
13;10;31880939904;13977978905;49279446969
13;11;33589634790;9122117895;58402180235
13;12;34366337205;14540876564;56717442231
13;13;23608136483;6354098007;40756030026
13;14;28370519268;13949999162;58896436419
13;15;31521780885;6764677773;54151946267
13;16;31649503452;14751928458;59940483776
13;17;32802554146;17097833314;48167753164
13;18;33584236594;14225223527;59005166020
13;19;34255965633;7861777265;52475052905
13;20;32605500880;14617053005;56467636530
13;21;30767806457;13542461960;59870815704
13;22;32861453539;9959821220;58343474171
13;23;35786637544;15528285788;59458923760
13;24;32202891524;14050363593;58477540371
13;25;31653348708;13613576725;59612179969


THREAD; REPETITION; AVERAGE; MIN; MAX (nanoseconds)
14;1;31030173852;13414307405;59544655047
14;2;32878792644;14416618243;58887542411
14;3;29012274170;8887244468;57645526317
14;4;32603700800;14166321837;59690676957
14;5;29967648418;13447104799;58206069696
14;6;30307996586;13434607261;59602513098
14;7;29570782100;13469778143;58037110583
14;8;31071419830;14017400955;50712053138
14;9;31087850553;14319952885;58987112399
14;10;31342139764;13857732059;59168746796
14;11;26162969924;12729221801;58984946970
14;12;34499129899;14630402607;56474120314
14;13;33930368265;14307508985;53439000906
14;14;24880506550;12697244553;55794042539
14;15;28085712982;13973396759;58495937752
14;16;32207742839;14059997360;56711144922
14;17;33366984235;14549198501;56287425706
14;18;26536447663;6486074976;40486005903
14;19;27165647373;12852259155;54742004221
14;20;33454710368;14525722124;53104048978
14;21;30846425449;14098946164;59544970031
14;22;26674401862;13084727109;57213133164
14;23;32463049210;15066906827;57626916619
14;24;31019243558;22797723594;59912950459
14;25;29187277292;13094455650;56126114842


THREAD; REPETITION; AVERAGE; MIN; MAX (nanoseconds)
15;1;31459483064;13597091530;55907651042
15;2;25528076662;12537987579;58188389027
15;3;30612441652;13766758066;56394844876
15;4;30771238704;13343752768;59889466189
15;5;28076389032;12568157684;54661191017
15;6;34568036215;14312412262;57646356171
15;7;32584791534;14501875238;59859804598
15;8;29722842791;6647474330;50903006248
15;9;25494964672;12693427028;58593384844
15;10;25544166258;13084534138;31178676899
15;11;28674582189;13445416456;59764224364
15;12;29793504583;13094662171;58815603938
15;13;29876897370;13304213595;53543106246
15;14;28595288573;13324415463;46102340171
15;15;32112702448;13977240403;59972884962
15;16;29282584148;13129257909;59047610171
15;17;33216018162;14156720128;56390367631
15;18;27639417827;16226146270;53956542382
15;19;25210706739;12913395488;58807534896
15;20;30630683030;13941050679;50279499419
15;21;29674963479;13719198180;53785354354
15;22;32769123996;16637852716;59961872458
15;23;27484819339;12365415018;44997406863
15;24;29164946653;13360926528;56473491254
15;25;35395313763;14253985004;58972698486


THREAD; REPETITION; AVERAGE; MIN; MAX (nanoseconds)
16;1;30102311720;13524204124;59957111239
16;2;23231015543;12196169136;41777029413
16;3;29464912129;13332449027;59811062928
16;4;29599471806;13542059395;57712625348
16;5;29500749731;13722381127;58974295686
16;6;27438638654;12698665683;58430493331
16;7;29431362826;13897272768;57663227100
16;8;32512240730;14496487543;53895983219
16;9;31181634014;13222456206;57765863609
16;10;25768293047;12094230622;46839238926
16;11;29039945299;7566250180;52816647995
16;12;28492968019;13559668408;54008247836
16;13;21630143913;11518863431;48974131978
16;14;28701794680;13349514742;57984045947
16;15;30843351696;13513957989;57602277384
16;16;35751736961;15480857413;59008721919
16;17;24283726963;11921313532;56498074825
16;18;29707455617;13662954440;49875462245
16;19;29381070357;13524827737;49893970323
16;20;31612219010;13856876502;59499607073
16;21;31609704223;14059370744;51608957214
16;22;29865310888;7017605799;56493737193
16;23;33796745332;16576859000;59282270582
16;24;23757979034;11601637359;44502401143
16;25;29711393524;6737626500;59476609458


THREAD; REPETITION; AVERAGE; MIN; MAX (nanoseconds)
17;1;30921486763;13198646057;55307258814
17;2;29364927777;13193682508;53784912748
17;3;24362023656;12346764463;48593336234
17;4;30316862035;13837117008;58791678342
17;5;33693030499;9476987299;49617850523
17;6;25256560918;8109784833;56375308733
17;7;29771791631;12857685124;59913810694
17;8;31997279237;13147585727;57909546395
17;9;31169630277;13320012809;55109111284
17;10;28659473705;13244684800;49676842587
17;11;26078396315;11623117882;42145923085
17;12;25925230863;12734213007;50590741281
17;13;29083812905;13998048565;55662857849
17;14;30057146955;13326515102;58328254150
17;15;28738481768;13060002878;53870126231
17;16;30214971298;13774854695;58755147511
17;17;22790064666;11759220027;32195700780
17;18;27478910893;12253490178;53605020052
17;19;26264245509;12304055334;58778387826
17;20;29653280757;13399880502;57090213491
17;21;30302220778;13733423801;54530964829
17;22;29327822646;13051502984;54485815725
17;23;30648362013;13112542097;57799831683
17;24;29248504245;13327065312;59738750665
17;25;29331411002;13256166287;58960798719


THREAD; REPETITION; AVERAGE; MIN; MAX (nanoseconds)
18;1;28504563760;13086720519;51807747073
18;2;28886905325;13014805513;59080785197
18;3;28263302815;8139345573;59175878987
18;4;28257727115;12830679946;57872641426
18;5;27121222405;12082416969;40686218430
18;6;31119320660;13452819842;58030683369
18;7;32123113005;14418002847;50217813856
18;8;23969469590;11814617710;59534038404
18;9;21957326557;11309060299;32111484630
18;10;28681722915;13147470768;59984447883
18;11;25463329762;12628603706;46759932408
18;12;25948100348;6423244993;48352416020
18;13;29170226839;13021332180;58258656058
18;14;20918884930;15980370899;38318741488
18;15;24946823370;12006044832;56611784458
18;16;22697302321;11596598939;51803527753
18;17;27437988456;12673398853;46989262742
18;18;29939744760;13983775522;48133118735
18;19;32029785465;14084382372;56771334974
18;20;29196405240;13168796872;52867800656
18;21;31898204345;13259825900;52186334716
18;22;26597147985;12715631247;48969109273
18;23;28493622528;7044602876;59674049844
18;24;30342790238;13842076507;59889138773
18;25;32311052872;14053146978;59483181940


THREAD; REPETITION; AVERAGE; MIN; MAX (nanoseconds)
19;1;29506852154;13155525562;59899908647
19;2;24778656495;12058936750;41929976854
19;3;29722664645;13295605796;59824043489
19;4;30578689878;13853936674;56135165013
19;5;24912953234;13046455904;58158140350
19;6;21534004050;11669262713;31007092521
19;7;32017709029;13951457029;59660156040
19;8;30760608426;9231993522;56670244263
19;9;28802062864;12979163064;58976192575
19;10;29749962301;13826749838;59681127978
19;11;24839359912;12130820956;50373320073
19;12;22227418124;12365946650;56634711255
19;13;25246690836;12644199612;49383407528
19;14;28725599271;13096438095;59987289516
19;15;29598817798;13193796977;49124067444
19;16;23150276694;11883116150;48668359666
19;17;27576960991;13014416497;49686900080
19;18;25032352609;12733520531;33765699272
19;19;28982541604;13169185469;56499529969
19;20;24156136438;12469663882;50828715032
19;21;25127127765;12114239101;59865942389
19;22;22347420569;14126686911;58454794744
19;23;26143920382;11723913095;40653321162
19;24;28988595653;12829670252;48907882915
19;25;29522279230;13055662242;59695692539


THREAD; REPETITION; AVERAGE; MIN; MAX (nanoseconds)
20;1;25577978513;11803620782;38006493982
20;2;24752644342;11729985026;43117217411
20;3;23894142791;12410856407;38059063094
20;4;31996306519;13108972509;47681333591
20;5;24669941283;11763272427;36403333105
20;6;23812853747;12528156512;46056256591
20;7;30235496932;13821300333;59484135833
20;8;31294172466;14020492478;59084127522
20;9;26465826162;12141977682;57857842548
20;10;23849705329;12583172861;49238860526
20;11;22421430350;11737357192;35146819917
20;12;30572895137;9109587741;58509149487
20;13;24369868400;12581034531;52573850099
20;14;22912371547;11065068046;33877051273
20;15;29022539233;13684294302;57536836246
20;16;27776754050;11989169643;59644294038
20;17;23492245285;12477293762;59174578822
20;18;29014604383;13274425311;51106238083
20;19;29473473252;13157786465;59589774259
20;20;24575652507;4546160895;57879112499
20;21;24904050793;12384700639;30908378230
20;22;30619760838;13649739841;55773269019
20;23;31794675708;13758478103;59493153529
20;24;24948098867;12075891070;45761133258
20;25;30377931596;12855955157;49735689872


THREAD; REPETITION; AVERAGE; MIN; MAX (nanoseconds)
21;1;30017776807;13830751953;56756262528
21;2;25652903414;11986143700;56558986128
21;3;31367482382;12955774337;52990731574
21;4;24824997352;11788874563;32898652273
21;5;23455441951;12630730652;35248094381
21;6;25404828099;12431806067;44063015202
21;7;24930771314;12489999637;45374795330
21;8;27461902289;12193435688;33871910396
21;9;29225034830;12886473979;59064907551
21;10;21417096059;11319369641;34348388762
21;11;22391477246;11494660844;42853193982
21;12;22792395390;12363370973;29585995077
21;13;30004680171;13121608612;52747339955
21;14;31981251995;13653886039;58975708993
21;15;24764375462;12175453375;52305328122
21;16;27188738179;11961384058;34830412664
21;17;28060395480;12917256662;58021968435
21;18;24202139533;11909031455;53173362187
21;19;23311643573;12520665965;54644023821
21;20;22118476248;11476335051;29605892229
21;21;29440262737;13899881829;58997811034
21;22;21420212364;11497795740;28581120017
21;23;30970516792;13721380510;57695530927
21;24;26661135391;12484507249;56058358954
21;25;28609012786;13111600147;59883850112


THREAD; REPETITION; AVERAGE; MIN; MAX (nanoseconds)
22;1;23994686459;11508791690;42715483741
22;2;28823829297;13617868053;59812471557
22;3;29316110551;12991928583;52001515835
22;4;28190650862;12865472079;59921350479
22;5;27660649242;13196432089;53708623932
22;6;28308195833;13035051522;56661151627
22;7;31222101883;13657976643;58705718324
22;8;27542823259;12064923964;34121280079
22;9;24465627179;12677087730;50923968829
22;10;21616274911;11436080704;32186032793
22;11;27824115772;12641307136;47349048133
22;12;25429492173;11422767209;41723905622
22;13;24304671498;11842819199;43041351345
22;14;27281830908;12805069778;59793211987
22;15;22032963667;12541479713;43231505820
22;16;24547258685;12556741639;47068320625
22;17;32718003495;13552480972;59967400884
22;18;30326758978;13029458353;59779793381
22;19;24714696440;11709519506;43565028725
22;20;23713265926;12456985525;39741101034
22;21;23022214576;12224218162;40047600952
22;22;29737418547;13645915752;59083252410
22;23;24210194723;12176673152;32029454442
22;24;22894977506;12450850038;55087529770
22;25;23244251418;12641873129;43286440106


THREAD; REPETITION; AVERAGE; MIN; MAX (nanoseconds)
23;1;25288426449;12215136351;53995526946
23;2;24304600830;11350069841;43171367939
23;3;25718483575;12346747841;57813729398
23;4;20945145111;5472914435;53548324228
23;5;22351152394;12248474876;32455676839
23;6;23268863015;12379860290;30006919524
23;7;20818489672;10386065268;58826937991
23;8;28433188042;11506741220;53489024164
23;9;22317638514;12149957257;27800162730
23;10;20850720331;10962842904;57311609437
23;11;22256847156;12221621044;29765175672
23;12;24604525313;11804537239;49275214448
23;13;22350910145;12394235580;58318604949
23;14;24340199459;11303448133;30779481330
23;15;22644079045;11397057797;42420819266
23;16;22800000751;11531540322;30963853925
23;17;23282088619;11473049577;55942971803
23;18;28210089765;12783042468;39974670384
23;19;26349114581;12358500940;35237057642
23;20;26242395019;12906829080;55903555899
23;21;25285459202;11137315497;34042329332
23;22;25632337134;11817237526;52770504841
23;23;22771204141;11587418233;40995391454
23;24;23486690904;12329820619;35338313878
23;25;22722322281;11456624725;45621254448


THREAD; REPETITION; AVERAGE; MIN; MAX (nanoseconds)
24;1;23287293412;14691054799;31884077865
24;2;26129236797;12885668081;38601648883
24;3;24914084247;11645796323;32219361888
24;4;24421608246;12257146859;49711512147
24;5;20594679159;11465994072;35970718904
24;6;25860732475;12568834516;53596026241
24;7;24901012768;12280389547;31485148950
24;8;22216510099;11311355074;42041653618
24;9;22466881128;3933707916;40038994481
24;10;27203479953;12456312744;37312488249
24;11;23702597192;11930267743;39100356400
24;12;25728827119;12513917970;32743376043
24;13;25241541582;11901520723;55810045760
24;14;25112112057;12483565369;48549418152
24;15;20808892689;11603656680;42594203313
24;16;22564447110;12340007040;49882174201
24;17;24083105356;12672453342;55557617658
24;18;26468115238;12455422896;41912610331
24;19;23132976615;12360710090;33175347984
24;20;23749277340;11492367326;30216524446
24;21;20677800086;11377458169;26401860432
24;22;25675110246;12020797615;42255676560
24;23;20719319224;11406117956;31480101591
24;24;23576048208;12238751154;45007341715
24;25;24931709451;11704098426;30535431179


THREAD; REPETITION; AVERAGE; MIN; MAX (nanoseconds)
25;1;22121283161;3983920513;56198320876
25;2;21593198242;11082053306;41596980413
25;3;24017118914;11351355270;37626181050
25;4;25109632155;11418702586;49908155017
25;5;23391594734;12392192863;37288796411
25;6;24070931470;9655603505;27963592509
25;7;25995427566;12383533591;59213874529
25;8;25977775113;11400978057;35857534407
25;9;26059002075;11283097922;43459237138
25;10;21747133086;12177177476;30518258466
25;11;25510178741;12509333100;58058141258
25;12;27421335771;11343183282;34049462921
25;13;28231335270;11372424428;38233078016
25;14;24823537997;12695828799;55070743628
25;15;25105887554;12209013506;54101698330
25;16;29924202924;11856718312;35729796734
25;17;25324879127;12154484858;41312769081
25;18;24438524598;12372689685;30239616348
25;19;22636540301;11695294793;59333911293
25;20;24356283888;11601784863;30747011701
25;21;17886371528;10080798119;36743558469
25;22;24471461105;12529084073;35991813205
25;23;32277481866;13494999783;59977292925
25;24;20648524552;11292662825;49721705482
25;25;24184544751;11647348406;29626931146


THREAD; REPETITION; AVERAGE; MIN; MAX (nanoseconds)
26;1;22985391787;11445284037;50721999164
26;2;24245772986;12596740787;45625804886
26;3;22020072828;11378929724;42512039309
26;4;23140580317;5935905471;59519556187
26;5;21686350742;12090580506;32564222758
26;6;25548935749;13288246062;59926257387
26;7;27264506110;11589554888;36116866879
26;8;26771052235;13007804134;57952229823
26;9;24558265442;12557912877;46485128208
26;10;52597001218;12525094949;58933183966
26;11;24454501724;11517002091;32222374562
26;12;23322430793;11541700063;43865191037
26;13;23475059739;12461587436;51682717147
26;14;23349724157;11389931122;31363314960
26;15;21890843250;11523369311;26894491339
26;16;23348500177;12628544480;56964677284
26;17;24837140530;11786725407;31046016882
26;18;24544649107;11244453275;33169975583
26;19;29594274864;12500164616;48597441155
26;20;24652819817;17616165183;40603279048
26;21;20895194523;11381139223;27326978917
26;22;24006140079;12479848416;31469656968
26;23;23069969935;12249608190;35117645120
26;24;25220698515;12772967584;59842517764
26;25;21601832773;11463426916;58900655950


THREAD; REPETITION; AVERAGE; MIN; MAX (nanoseconds)
27;1;37396491068;11473327615;44964046198
27;2;25808202127;12404777703;31991033986
27;3;26089307139;11837192088;55338499865
27;4;24048294135;11151382438;32102599702
27;5;37749996907;12449990851;43276308442
27;6;41836726481;12293620278;49963223050
27;7;25961213289;11589023814;30889765808
27;8;27503959887;11064712764;36960044853
27;9;21640918025;11351925105;29991882906
27;10;47013895862;5629066963;59490566608
27;11;24927651499;12551624787;39816117621
27;12;23903979439;12509072243;42176159609
27;13;26498318973;4321205697;48464285055
27;14;21571742106;11459090052;28655373099
27;15;22685834406;11604194318;38520470269
27;16;26377137306;10917707419;36590720818
27;17;26299944711;11845074863;58836612894
27;18;27007239953;11615872828;32813824662
27;19;20349084106;11096167041;34431574054
27;20;28719825491;11209396586;38465899856
27;21;23696233294;12324326905;55841466584
27;22;25093494290;10768293456;29967776142
27;23;24653423345;11675686784;31030427819
27;24;22331699314;11444344323;33100361778
27;25;31877849082;5888045967;45089112513


THREAD; REPETITION; AVERAGE; MIN; MAX (nanoseconds)
28;1;26087437889;12519959311;38730335978
28;2;22261270728;11402073936;30730110531
28;3;26190172396;12114238751;31651742610
28;4;23187090698;11689076335;56671563425
28;5;24392513378;11586201528;39170680980
28;6;24299938898;11402577493;32366143882
28;7;23249763780;10655928198;29833525280
28;8;32060870481;11186400367;39466821411
28;9;20968263608;10213285836;32745351504
28;10;23142685530;11117659298;53083316316
28;11;24854999586;12476064625;41695440971
28;12;26996749154;11681728893;34374712149
28;13;19767464199;10914039354;59076821705
28;14;27573003410;10968859031;35913337450
28;15;24004407087;12633424918;49216391888
28;16;27461094957;12814568821;31907238280
28;17;22924561847;12344819174;30089973307
28;18;24115588806;11540571916;43356491887
28;19;26635921423;11886067223;45602951353
28;20;28646057588;11410965640;49500190806
28;21;25359723169;11697107035;30947049695
28;22;23010319476;11405494274;31148655765
28;23;23753434121;12325059470;30778074867
28;24;45620320732;4671639552;58441157047
28;25;30802497336;12456933423;35774249730


THREAD; REPETITION; AVERAGE; MIN; MAX (nanoseconds)
29;1;23091949485;12266536669;31808740776
29;2;28222205337;11608876617;36043367942
29;3;21558687064;11376912498;34070413559
29;4;30815892807;11679118366;39867764199
29;5;26972656785;11221926739;34910796344
29;6;22573867299;11610727202;29756142540
29;7;30082966244;12495734444;37223798346
29;8;22967161549;12294481771;43603266826
29;9;28450065422;8511429455;36506005791
29;10;22302290452;11286507643;31374268727
29;11;25331593283;12193751859;34107939836
29;12;21162504726;11236819693;29683765046
29;13;18720616582;5541923066;59784087991
29;14;36951842670;12417361913;44022514104
29;15;25849584205;10807551937;35115067209
29;16;23297028146;13633716785;53386400576
29;17;18574005298;9951054463;22174998499
29;18;19352672423;11980960289;57012276071
29;19;21797909827;12524514149;43760040522
29;20;27408734150;10963269424;35840190583
29;21;22848616879;12413589367;29553695931
29;22;39186150412;11585142595;46447471746
29;23;25057897979;11779145115;31779854073
29;24;22842477908;11479924614;38808253284
29;25;24732392134;11063623519;34751342699


THREAD; REPETITION; AVERAGE; MIN; MAX (nanoseconds)
30;1;19943532026;11522214206;36203748312
30;2;25667540894;11307382363;31556604191
30;3;43821280336;11408710325;55605218191
30;4;28231062614;11347849378;36848057575
30;5;22672065289;11437454690;45394818825
30;6;29877378190;12268526446;37614394358
30;7;25099542039;12570025520;43112359602
30;8;23080719978;12426450987;53772725724
30;9;27169326816;8992580273;34999354108
30;10;22733498984;11569495983;32448176444
30;11;53420429785;12254712960;59875808239
30;12;23416653468;11018261888;31497747269
30;13;19981970199;10161402637;34613179887
30;14;24707901441;10489751002;31509100249
30;15;29238122374;12220755851;36716129494
30;16;30166281928;13918754060;59634498589
30;17;24450797689;12661232852;35635664659
30;18;50897928520;8556440693;59459043956
30;19;25901200291;10861489310;35824096569
30;20;25859925511;12907467570;59890746589
30;21;34284021613;11436106125;43542836030
30;22;24447085278;11195198203;30745853383
30;23;43766978073;8462886903;55425654168
30;24;26161083154;12053660103;31161113563
30;25;25780284118;9315937012;59482488696


THREAD; REPETITION; AVERAGE; MIN; MAX (nanoseconds)
31;1;49255891674;11321317653;59635535103
31;2;25253369922;11247866000;48285901141
31;3;24633457209;12899789918;59874726676
31;4;30384104759;12329466664;37802113397
31;5;22052805219;11286666881;32031839382
31;6;27509090919;11198280368;35844670971
31;7;27107491540;12654339098;57135475598
31;8;45323201232;11287925840;56389389224
31;9;24740956603;11282039127;32152950933
31;10;24179791881;12561239627;58823539724
31;11;28922510330;11454240833;36691576513
31;12;24773735270;11248946933;34273850587
31;13;22057134384;12399096603;31867359190
31;14;43105516059;11975482149;59682018036
31;15;25612251310;11168106002;31669435780
31;16;23946303595;12781759693;59912298351
31;17;24136159564;11129791147;31353541092
31;18;23384916208;12649857873;34117876434
31;19;33155741798;11560017055;39461680884
31;20;27950984897;11159048357;37697698590
31;21;25653350356;6261025354;59708896801
31;22;21546656350;12519119539;26820602269
31;23;26590281473;11181876817;36809034179
31;24;23391836194;14723469114;45264148865
31;25;36064400708;11246414907;42482776931


THREAD; REPETITION; AVERAGE; MIN; MAX (nanoseconds)
32;1;33699496191;4319575743;40740067104
32;2;21413018130;12342505403;36951379924
32;3;28773178452;12245046856;41475862924
32;4;22705813498;11573412543;55682598836
32;5;37853563384;11527678448;46547513930
32;6;47836341938;12138281472;55029927617
32;7;26721469422;11717226631;34140985726
32;8;22695392647;12335200842;46595817276
32;9;52488664936;6106639880;59659634534
32;10;24775268907;12571419413;32734901293
32;11;29687774211;12209132515;34986115693
32;12;31313444810;11359072312;41624789534
32;13;20532344405;11648853975;25786261731
32;14;20625513341;5142382062;28793534095
32;15;21247399896;11557201823;27984307991
32;16;43080083476;11604929607;52866248504
32;17;24291772231;10966394472;31501117600
32;18;25032003228;15249986381;52360611684
32;19;25421030103;3343167987;32863412040
32;20;21397517066;12230015966;26695954514
32;21;21672434525;12354894966;40782451261
32;22;23540910821;11331964957;31268389768
32;23;22964934471;12462704757;48716876587
32;24;40038111607;5290315739;48463471685
32;25;28707952085;11714519932;38485824246


THREAD; REPETITION; AVERAGE; MIN; MAX (nanoseconds)
33;1;24624383475;12496114380;54687268772
33;2;50872197872;3783029058;57608628610
33;3;26001874238;11322405222;34027989102
33;4;25814811547;12111500833;58461188713
33;5;23406348013;12530364473;48599530946
33;6;24978410182;13089677948;31185648385
33;7;25995913208;12430388639;35431817312
33;8;27642378908;12633783274;35571848238
33;9;22762259813;12482801026;44043343568
33;10;23943933981;11755828255;31189757008
33;11;23020994876;11547682806;42071925901
33;12;42736546628;11585884728;51858854128
33;13;24762357755;12358327734;41263305393
33;14;21749295862;11780988505;32737857884
33;15;27765347289;11175375152;36405356267
33;16;23751870875;11573730390;52070473831
33;17;25472431368;10020491921;33224992771
33;18;18098371036;10270021469;32914390936
33;19;24588812666;11682339166;36220465241
33;20;23538214908;11174188130;31701747150
33;21;22758182735;4208760610;43322175584
33;22;39213328373;8507600337;49040406881
33;23;25404792657;11428405566;31061579823
33;24;42864870030;11469379907;59808196014
33;25;22954932657;12159258858;53122925958


THREAD; REPETITION; AVERAGE; MIN; MAX (nanoseconds)
34;1;24657051489;11340231230;50160776998
34;2;34128011525;11824539711;48866007062
34;3;25029786977;11245306178;31605902636
34;4;21665804341;11375352804;53204270445
34;5;37365826707;11621578161;48537897623
34;6;23706802306;11506457874;30041843517
34;7;23048127240;14406366312;46704655619
34;8;32413312971;8513762852;39579878588
34;9;38228337189;11570093825;48462955418
34;10;28429889970;11541877460;34905913321
34;11;23228029163;12507358617;42608611430
34;12;27411070103;11501915536;35066246828
34;13;21495228973;10990213770;38815071398
34;14;41472848875;10799788730;51070225755
34;15;26323449367;11520501069;34134896894
34;16;21193058307;11718690993;31972157425
34;17;48501086136;11594058463;54607227106
34;18;20664880959;11415635297;26274557590
34;19;31234177523;7450700927;40912003132
34;20;24081760755;11184125915;45254772953
34;21;27212588720;11385284163;36876829458
34;22;23275085222;12582412220;32539486792
34;23;48120775383;8382470677;58434148474
34;24;23376424933;11681691039;27433860868
34;25;23128057782;12924510238;56084127033


THREAD; REPETITION; AVERAGE; MIN; MAX (nanoseconds)
35;1;19599296989;10664641596;38056862884
35;2;48727062493;11563599704;59899351523
35;3;49154580664;11726613228;59640439427
35;4;25506027340;11094165460;35715002256
35;5;22937347021;11641787713;58972889641
35;6;22330536348;5279605020;53312019125
35;7;26580760986;12378748905;34673394385
35;8;46602249167;11937351534;55773437756
35;9;27633884739;12250578007;44405749335
35;10;22459073556;11592116875;42471878898
35;11;34514775826;12691690913;46477083470
35;12;34242129845;11165626637;44845341517
35;13;23618855075;11240143370;53382134601
35;14;38890773531;11417696384;48272505234
35;15;26273538469;12294609510;36771791876
35;16;21826062730;11599778533;37661173347
35;17;21706964300;11018582040;30840330754
35;18;24312380666;11078986436;33018645876
35;19;45341925693;11692617498;54505811353
35;20;26968165104;12234597902;33228267210
35;21;23994616066;12442756272;57909134611
35;22;31949657141;11834199109;50340347236
35;23;42436541024;11939709446;52547967339
35;24;24529493048;11504713449;32940084494
35;25;25054944072;4328037711;52101940540


THREAD; REPETITION; AVERAGE; MIN; MAX (nanoseconds)
36;1;20770337596;4401248133;37270217374
36;2;26410667195;11265063017;50048496177
36;3;18138143040;10055569911;21535074081
36;4;25304783557;10865427031;42768042167
36;5;26669790288;13525161298;59532845934
36;6;21658664411;3902398628;56092095713
36;7;42814579712;11163867405;53522246403
36;8;24791692807;11081495553;32915129437
36;9;20886676559;5761027519;48544799199
36;10;27142404669;3894499650;32616803951
36;11;23147278019;12400071657;56532371921
36;12;40623464547;2896911339;55764493672
36;13;28206600572;12231947915;34337309211
36;14;22621239061;12435999966;53109459443
36;15;44660161949;5996588463;57041234641
36;16;48282073985;12947020780;58794581924
36;17;25525834556;12097704946;30987202145
36;18;21797772827;4060328408;38211310307
36;19;55268478127;5390379504;59605705195
36;20;28435397748;5216434351;56649756044
36;21;25068935641;12968073735;56663060249
36;22;21463099969;11567389430;41981920189
36;23;20255551490;12398194184;58168954923
36;24;52548083235;12585778150;56703151449
36;25;23766175573;13535532868;56656660204


THREAD; REPETITION; AVERAGE; MIN; MAX (nanoseconds)
37;1;38737274457;4902379772;46277026829
37;2;49439247162;5795814832;59704995537
37;3;29435478026;10802364057;47864545285
37;4;36066933557;12362531551;43596167600
37;5;49423399019;12110398807;59993597860
37;6;40757291943;11568481469;50696709149
37;7;29524750247;4380040131;35999335320
37;8;25383965388;11694653091;48763202795
37;9;27584267934;10686587541;35082874430
37;10;28731331111;11508756839;44461281741
37;11;23976839965;11048713663;30710961100
37;12;24313435173;6269742523;52915695291
37;13;26436587428;12000511098;45059044096
37;14;38776188845;9197998418;55531572728
37;15;27539271308;10878610130;37917695615
37;16;22908528071;12462115227;47112252744
37;17;40107110467;8591798329;50458614433
37;18;24540187476;11886928018;31490686876
37;19;22056985346;11281573077;49824821311
37;20;36028026721;4663092097;59157330470
37;21;26481925362;12256831943;44270663939
37;22;23702167918;11753483474;57796461212
37;23;17989096013;5870891063;51900230616
37;24;21718570201;12586306849;59385259369
37;25;24353574651;11449212121;42951206158


THREAD; REPETITION; AVERAGE; MIN; MAX (nanoseconds)
38;1;24246882462;6399987639;59816660358
38;2;35509046080;11589045675;42244415771
38;3;27837443949;13429002080;59859627481
38;4;33292508802;11532411731;41663374465
38;5;19693855501;13647342679;32208986827
38;6;25378709423;11115877856;34604124058
38;7;23253738740;12515970326;56436698100
38;8;58195224804;6620542625;59991415878
38;9;22267630845;11078238645;35271230422
38;10;27240759026;11380944435;33496517644
38;11;22543596300;3856874128;58387655623
38;12;33682469071;10478642467;37893777631
38;13;39393622915;4611363874;50171942314
38;14;37188984128;11496769910;51573034073
38;15;27852440348;11631817103;36447029371
38;16;21226161789;11244810025;36738053719
38;17;46190908250;10400539384;57949811708
38;18;23909314786;9156435455;37362459824
38;19;25672711712;11803384229;33371235939
38;20;24430853263;4761485538;57464423830
38;21;33089059881;12634394037;59943633758
38;22;28360439904;11179469248;36888152474
38;23;28641717818;4629587419;59840090780
38;24;26434258757;11237165478;57155376171
38;25;26809627110;6140105516;38621295584


THREAD; REPETITION; AVERAGE; MIN; MAX (nanoseconds)
39;1;23916477737;11490019542;31985225077
39;2;21705717466;12601015074;59295371828
39;3;26238955315;11557892413;39580788410
39;4;24405134997;8358981380;42053138667
39;5;52403898828;11456183747;59903484452
39;6;49385596525;2248671409;59839131789
39;7;30551643563;11366128447;37312623951
39;8;45784633518;13098302019;56377575223
39;9;21747036121;12671805704;58331365578
39;10;21554096146;9437899859;55444568374
39;11;58090148690;11517412200;59972134936
39;12;23465829774;5179210486;51009238534
39;13;20575736401;5652075194;55454291817
39;14;23609135816;12376291610;56169891914
39;15;42209377851;11661618096;53887827783
39;16;22729508821;11976964740;37094870158
39;17;22567583314;8592157244;53635029872
39;18;38761581966;4814080142;48511819798
39;19;56590667817;2823312041;59622862613
39;20;28750371415;12348024191;49423264689
39;21;53406399115;4204514540;59858976281
39;22;39651880074;11548979340;48139231243
39;23;26283070285;11399684877;42444244381
39;24;34704967627;11502767810;52431609115
39;25;26464823313;4007068147;41053762210


THREAD; REPETITION; AVERAGE; MIN; MAX (nanoseconds)
40;1;25830727365;6880993604;59370998339
40;2;28686803234;6464296370;45833312405
40;3;52359164077;11305430928;58538966195
40;4;23244526679;11328354232;31145211193
40;5;27301518157;8136165351;56938196615
40;6;24956219072;12538546799;58120495552
40;7;27005871869;6827208067;34630102638
40;8;26254113372;12568133869;56597212285
40;9;50780903827;4670011412;59522096244
40;10;15566738371;9420489685;21481463636
40;11;28035634428;10971019501;34284164608
40;12;27688301441;13724382638;58530580563
40;13;24499341398;4323209025;47896338012
40;14;23370044551;11559876744;32169224720
40;15;19226732950;10352835206;29984012354
40;16;42111321412;5110998045;56883832652
40;17;26430260303;11443268418;43767539869
40;18;22073009972;6058878154;59264193913
40;19;21886555119;4780557865;57503084609
40;20;45026173777;11608312020;55300481626
40;21;26163683243;4880812017;58943925066
40;22;42930342034;11481951616;57181584670
40;23;43405560073;12329813496;51382998049
40;24;30826023137;5762170821;53943810736
40;25;24346791086;13937778055;54574155724


THREAD; REPETITION; AVERAGE; MIN; MAX (nanoseconds)
41;1;57141665978;4081229458;59865157443
41;2;40066869317;12136711579;50189607687
41;3;25486199555;5541973771;43131766957
41;4;22728054561;5804399931;32957399963
41;5;24541307463;12404639975;58232291953
41;6;50386191978;11518360085;59808699290
41;7;38638943156;11575771432;46276072378
41;8;24758652547;11651723682;59020299577
41;9;31599817484;4355750382;41842482703
41;10;31530145503;11558802655;44175606816
41;11;34552172433;12536868443;50068000752
41;12;29837711699;6495074933;51880530556
41;13;27464515428;3837517827;57313649570
41;14;39241605719;11701455352;45862652656
41;15;31352894739;6399494628;39661337963
41;16;23887842871;4141128412;30169543755
41;17;52121565617;4024139870;59523108383
41;18;38875436979;10898158495;53294124463
41;19;23957369527;4938318627;59952953657
41;20;37089627776;12559457487;56006617671
41;21;24851416463;6340043427;52467036663
41;22;28901162666;11703460984;59775617362
41;23;55154848903;4290341510;59945536514
41;24;23442708046;12301539092;59371138231
41;25;37903974622;6279670111;57184569478


THREAD; REPETITION; AVERAGE; MIN; MAX (nanoseconds)
42;1;32765765073;4290557598;48738705338
42;2;22444865301;8195275587;47748226241
42;3;40630151351;4091758799;48608294211
42;4;55523773879;7701582603;59085791770
42;5;20441712361;10580131902;37585195744
42;6;29399311197;8415321361;39689576049
42;7;23108229219;12427743890;51404176229
42;8;37796000216;11710465716;48368217889
42;9;37298360287;11635158379;49693015523
42;10;55148048539;5827677820;59805162597
42;11;51198134229;11769076028;59436750341
42;12;29412378421;13134338233;59329960861
42;13;22081429238;4367317076;57491124710
42;14;47403783959;2675026226;59325498213
42;15;50714231817;8536522798;59106815461
42;16;39590167403;3863138890;47017699386
42;17;46495684293;6039192831;55419918453
42;18;56359947346;11742079720;59345341726
42;19;21988377190;11310753881;40474236111
42;20;27459476758;6629905128;56982309204
42;21;53393438633;11522742835;59813424192
42;22;49789621146;6594289707;59797301752
42;23;22008490890;11175210607;36697425092
42;24;25450366996;12688701636;59928627451
42;25;26766711070;11139727744;45166163297


THREAD; REPETITION; AVERAGE; MIN; MAX (nanoseconds)
43;1;28378332430;12819096770;57452631270
43;2;19058509739;6397449187;44558592643
43;3;19833972023;6173319584;47938908227
43;4;29036249626;7465367805;59374531539
43;5;24452465141;6686634125;59904044509
43;6;31099270724;12626763248;44756029747
43;7;27226122529;11527015794;35067393901
43;8;25693684086;3017284040;59924269565
43;9;25355687659;6161163011;53070021470
43;10;17410565470;5391183726;30601521073
43;11;54574887365;6005529265;59305019003
43;12;40825967174;11415856345;43942519160
43;13;24375532900;8180636435;58235396887
43;14;28188312327;7056673404;55779257070
43;15;46986210058;6351569753;56567249259
43;16;42686877805;4306685417;53840161110
43;17;39115077054;11950145758;56044943840
43;18;27991846756;12903827861;59884180391
43;19;22066224607;4459117919;58900290120
43;20;54410766799;9128558867;59497770876
43;21;28524514397;6381349864;36397290997
43;22;30991323670;13368564371;59476095984
43;23;50727641404;5768643361;59737594234
43;24;20294945648;11978440417;57583771751
43;25;28554188698;12294896069;51260994693


THREAD; REPETITION; AVERAGE; MIN; MAX (nanoseconds)
44;1;37338649185;7104749067;56076848594
44;2;25104783450;12225716187;54155633956
44;3;22185470640;12654629220;58702038946
44;4;22964160258;4587204658;35465511049
44;5;53134055598;11485212296;59924996892
44;6;21489449663;11936823395;59938449440
44;7;20764077032;11410067061;29840612843
44;8;53754145600;11953452324;59772561178
44;9;24169309558;12257397658;59650389086
44;10;52840991018;11714986402;58259911455
44;11;48508649516;11675228486;59278536867
44;12;49140196281;5845019199;59702968044
44;13;47761340294;4054903975;57335699650
44;14;42679372332;5733712595;54423086175
44;15;32832796610;11417713914;54281964118
44;16;23381638503;11764674910;58977681312
44;17;55035538020;12292885618;59335515547
44;18;39902358219;5560813874;55031588372
44;19;45735297760;12791961339;58606373506
44;20;27457206623;6581693623;49418388510
44;21;25371410118;5946310425;58206234103
44;22;25571244624;13424939902;56854125035
44;23;33524205047;4567677526;59557544884
44;24;25863776290;5583268125;35329929362
44;25;28270403924;13172741228;58672016835


THREAD; REPETITION; AVERAGE; MIN; MAX (nanoseconds)
45;1;34151726409;6533284467;45300953403
45;2;28881170113;11997709486;59150165524
45;3;25139479349;6012496491;55651220476
45;4;17860038665;11944097154;56103817873
45;5;25180540366;11980770810;58019012821
45;6;30319333022;10928264206;54670255088
45;7;44735655507;11313306091;58972134238
45;8;46946315008;4098203124;54357122204
45;9;33421230893;11400145759;53346502139
45;10;23221005456;10597290856;37095590850
45;11;51353559963;8211650433;59541596348
45;12;40545710477;11633453833;57771176155
45;13;27188828625;6342045008;43779758321
45;14;55699894917;11496205523;59990398920
45;15;42171075702;4170330587;53797007371
45;16;27344138432;5745892494;49793613504
45;17;38067340525;12428651127;57601340743
45;18;29349847778;6855243753;53121927368
45;19;36269973078;11297815295;46168443754
45;20;25856840626;5909591652;59252797702
45;21;20249423553;3394073897;56249776578
45;22;22720619439;5323391102;30164931995
45;23;26148092809;12671256822;59427935254
45;24;25081980278;12635212367;59902814953
45;25;45517615693;7180663604;53002762223


THREAD; REPETITION; AVERAGE; MIN; MAX (nanoseconds)
46;1;45434597698;12222155889;55155223708
46;2;29011395998;12333762880;43228449356
46;3;39274449892;12766718396;59807164389
46;4;55342054916;5416090383;59979420429
46;5;22980676822;12355087797;28501303308
46;6;38486628642;12134274607;51454654292
46;7;30089987853;10283277833;37115962084
46;8;24142617197;5398355168;58959616376
46;9;45999176045;12113695944;55952865378
46;10;23826090778;3995999492;39689509421
46;11;27432184799;4350924420;48794223847
46;12;46949434060;6508668420;56664666947
46;13;43629919022;5718361063;59418409602
46;14;55390191302;6257847995;59868148396
46;15;38008757233;12258607449;56510963753
46;16;44926106142;11539329649;58558616807
46;17;27756787453;4236359230;35871553159
46;18;25007989240;12583420519;59966560834
46;19;50776419390;5347988711;59970086421
46;20;24498487563;9505730686;59173727457
46;21;27171052846;4850829714;35484693096
46;22;36503978061;19243532837;59600287536
46;23;24950168933;6450075359;56456538750
46;24;49190865801;8596213485;57881049407
46;25;20499289556;8371832034;48850120616


THREAD; REPETITION; AVERAGE; MIN; MAX (nanoseconds)
47;1;21213265113;12361971215;40150837118
47;2;48579003558;5450020184;59525485711
47;3;44931963941;11918617311;59531033065
47;4;41441205788;6135372582;58314827793
47;5;29016716531;13676263114;59561674459
47;6;54399876362;5990030995;59982780283
47;7;19275712992;11763554725;58141385776
47;8;20866968105;4260914167;39070692854
47;9;47499351568;5984344868;59988921916
47;10;51781376455;6173632542;59963262021
47;11;21401687591;6306533232;59844988260
47;12;22702044737;11463687564;54928559426
47;13;18887911927;4470146275;41596524559
47;14;22935817263;4530013452;36610844115
47;15;45942022021;6421421507;57802926699
47;16;21724137130;5574727165;52113347087
47;17;24992079483;4131739160;31128318613
47;18;22386202511;4221305012;37660198643
47;19;43657976476;6325407768;55728501737
47;20;23551311524;5929170397;46638492253
47;21;17791494512;12285315591;51190268246
47;22;21522696700;11269071977;41718735901
47;23;33139496050;12795401720;56964547938
47;24;21138586311;4618187437;59013628757
47;25;50702912297;11649506851;59972849273


THREAD; REPETITION; AVERAGE; MIN; MAX (nanoseconds)
48;1;39063688807;11736895750;49660826097
48;2;24367682987;5633855420;46190815452
48;3;22767486648;5476846778;26755256883
48;4;36088718981;6265403075;53770622454
48;5;19192430456;5447431028;36920472644
48;6;27803441719;11334785217;40430566385
48;7;25355926632;5448418933;49255182223
48;8;25091289315;6711224610;58869797139
48;9;25740210729;6846981390;54754025302
48;10;53861396611;12274855253;59114636217
48;11;55987820723;4303945753;59856638134
48;12;41936466961;11403019728;59097918800
48;13;25336081298;6449850050;59081358455
48;14;47781075408;12118762091;55445016824
48;15;23971855830;11449206045;40240532386
48;16;28306725533;12707494667;57517660415
48;17;28325456500;7194501605;59270682237
48;18;45421516857;6179929642;56898028799
48;19;35732466115;11592517904;55877589750
48;20;34679944565;6523593082;54671635431
48;21;51110342095;9169570923;58426566296
48;22;43448466098;5745335580;59969264390
48;23;27895978994;18799805911;47566698351
48;24;37396112870;12444537783;59708632661
48;25;51480077784;12030843236;59424886333


THREAD; REPETITION; AVERAGE; MIN; MAX (nanoseconds)
49;1;39524891823;3974400796;50954944623
49;2;19142749183;5020409716;37938778532
49;3;22306365135;12597818088;59106745341
49;4;22353788147;12549338673;59960692071
49;5;21155968432;4608732115;32659422147
49;6;41945568186;5193894266;56796673110
49;7;22030884633;4838622786;56978777051
49;8;28268308279;12323299889;34921819113
49;9;26916223557;12324004867;59183097712
49;10;27049729256;6669086155;47945099657
49;11;30868937551;13410682852;49836638106
49;12;53418590733;12230825985;59677920727
49;13;48006731706;12249289504;58431105420
49;14;29050828175;13428545807;58926170854
49;15;50785582234;8345594692;58522608040
49;16;28340677428;4004962362;49729649090
49;17;29795183333;13354223162;59633632626
49;18;46725615941;6474882352;59693959777
49;19;35389816872;5947076514;41548534730
49;20;20527070161;9070113729;59759899861
49;21;39216953058;5432318423;47344858704
49;22;25940505317;12390629885;58561300319
49;23;21790207632;5701416801;58998204800
49;24;27086536261;5556411569;34640745541
49;25;23864376924;5508943595;46791121428


THREAD; REPETITION; AVERAGE; MIN; MAX (nanoseconds)
50;1;29424211536;13253209835;59658055353
50;2;32790984721;6188785935;41929275089
50;3;28495685790;5876570067;38777862759
50;4;36417882444;13067313164;58132123147
50;5;23527835136;12478011801;59801800368
50;6;32382652659;6183436023;46489305554
50;7;39095481425;5375523216;47408622116
50;8;28562090642;12935045865;59289527091
50;9;19176946994;10816188929;50925452607
50;10;25638054508;5706135347;58846829066
50;11;18711038348;9336005065;38920267799
50;12;55716871367;12510697938;59983639331
50;13;35013394956;11420027266;43099175734
50;14;22949932034;5588289643;59115845379
50;15;22646250437;11697711022;51775740702
50;16;39992190412;11371541146;59836835198
50;17;19350158620;3985701604;41480623026
50;18;29913300212;12089898087;58772800174
50;19;46984591438;9482866188;58624149508
50;20;31986601550;11317496497;51143841466
50;21;23106168978;6270827368;48539588831
50;22;40735681800;11623336905;53932498543
50;23;35521073946;11747492908;51583262398
50;24;22306829818;6059161150;39048352584
50;25;30385141984;11642923682;39112866510


