THREAD; AVERAGE-REPETITIONS; MIN-REPETITIONS; MAX-REPETITIONS (nanoseconds)
1;0;0;0
2;25943778973;24353668893;27533889052
3;12094016575;10072045005;14769833738
4;45064749455;15280203827;54187598599
5;24938660468;10625994169;54487796066
6;17490671665;6961936994;24607394735
7;19385365860;4849443965;23923072884
8;19341987312;4635900548;37662713987
9;17308158108;4441084939;37999010052
10;14919057054;4674400919;34328524236
11;13931128671;5016281055;35844065064
12;11935785241;4940849219;36343925767
13;10485485741;4458518096;33784724298
14;9389033668;4614303714;32368964941
15;8972612293;4870523845;27346962728
16;8029445947;4624586588;24390404791
17;8899672097;4733504462;28314609837
18;8074839849;4561179582;20566495702
19;8138434551;4682144873;21122024218
20;7929627419;4545695262;24894018647
21;8338378408;4633140197;28855173629
22;7299288604;4593639898;20331538270
23;8531100240;4579770387;29131278696
24;8244866741;4386398494;24546892700
25;9123503373;4418056054;29962621299
26;8410974790;4244252406;31417296896
27;9145905583;4072109100;30751648648
28;10282436223;4324783588;33160164135
29;9805453209;4124225788;34247078575
30;10456714672;4051012614;35161477104
31;9398745803;4172380833;32713212170
32;7555735681;4369644047;22384131581
33;7567765975;4152474554;30228955003
34;8168349500;4076030663;29244468833
35;7845759345;3936991338;26798341127
36;8032920518;3956766351;30904594899
37;10151440723;3881741101;35192054833
38;9689870513;3952069754;37045367123
39;7511496737;3997846941;24012810516
40;8666605609;3827190857;30416248945
41;8183637834;3638213834;34777155417
42;8896773991;3660580825;33365517919
43;9180116747;3844963421;37622101317
44;8285156230;3722578380;32812812178
45;8727008656;3643355004;33380372980
46;9307963895;3667982179;40084852921
47;8488728918;3654565756;33163379806
48;8748821067;4018269050;36339795686
49;7634550512;3800912847;32333667496
50;7704334524;3341600390;33164917538
THREAD; REPETITION; AVERAGE; MIN; MAX (nanoseconds)
1;1;0;0;0
1;2;0;0;0
1;3;0;0;0
1;4;0;0;0
1;5;0;0;0
1;6;0;0;0
1;7;0;0;0
1;8;0;0;0
1;9;0;0;0
1;10;0;0;0
1;11;0;0;0
1;12;0;0;0
1;13;0;0;0
1;14;0;0;0
1;15;0;0;0
1;16;0;0;0
1;17;0;0;0
1;18;0;0;0
1;19;0;0;0
1;20;0;0;0
1;21;0;0;0
1;22;0;0;0
1;23;0;0;0
1;24;0;0;0
1;25;0;0;0


THREAD; REPETITION; AVERAGE; MIN; MAX (nanoseconds)
2;1;0;0;0
2;2;0;0;0
2;3;29808242109;29808242109;29808242109
2;4;38756736052;38756736052;38756736052
2;5;23875750130;23875750130;23875750130
2;6;15180319846;15180319846;15180319846
2;7;41428054893;41428054893;41428054893
2;8;12754992394;12754992394;12754992394
2;9;23830609198;23830609198;23830609198
2;10;39646999618;39646999618;39646999618
2;11;29975710390;29975710390;29975710390
2;12;25194264634;20983019281;29405509988
2;13;39886290576;39886290576;39886290576
2;14;34018418368;29541104736;38495732000
2;15;16646005707;16646005707;16646005707
2;16;42488736103;29402903441;55574568765
2;17;25055553813;20866936510;29244171117
2;18;34965293773;30182010214;39748577333
2;19;33855373518;29318712713;38392034323
2;20;15493693054;15493693054;15493693054
2;21;34224951355;29755152680;38694750031
2;22;21219167938;21219167938;21219167938
2;23;30613237437;30613237437;30613237437
2;24;39676073425;39676073425;39676073425
2;25;0;0;0


THREAD; REPETITION; AVERAGE; MIN; MAX (nanoseconds)
3;1;15745537258;11223007393;22953891207
3;2;0;0;0
3;3;13991209672;9409377170;18573042174
3;4;19052165010;19052165010;19052165010
3;5;16479400035;11485817402;24235533148
3;6;11426068222;8597055562;14255080883
3;7;13330783591;8151041683;18510525500
3;8;11320888898;11320888898;11320888898
3;9;18692444990;18692444990;18692444990
3;10;0;0;0
3;11;15002458029;11392262983;18612653075
3;12;8132972137;8132371851;8133572424
3;13;10864966939;9736407560;11431313338
3;14;19284193312;19284193312;19284193312
3;15;12390514297;11466154706;13314873888
3;16;9070310751;9070310751;9070310751
3;17;14352699155;8190373078;23395499079
3;18;15755172724;11757024845;23751407651
3;19;11811180436;10302326064;13320034809
3;20;0;0;0
3;21;17165318881;11302847080;23027790682
3;22;11332577884;11332577884;11332577884
3;23;11412576180;11412576180;11412576180
3;24;13867847101;8620771844;23696339689
3;25;11869128897;11869128897;11869128897


THREAD; REPETITION; AVERAGE; MIN; MAX (nanoseconds)
4;1;51706545000;16400611111;56921572086
4;2;43069605476;8827136689;53236257611
4;3;53427833017;52768674860;59586041383
4;4;45098208782;6195162164;56533314430
4;5;43744353158;41250072774;53897425790
4;6;41515642514;6157925588;53765200884
4;7;40696711014;5825547311;48206875036
4;8;45811529702;5847041454;58550594908
4;9;48255593916;9614189513;58623483222
4;10;51550936152;49045474006;56037228824
4;11;45884208400;5942902799;58449554552
4;12;51834160579;7012043640;59218714809
4;13;47664470198;6711576192;57407821385
4;14;39318294735;5757184922;48108758655
4;15;51874649331;8618967424;59724862448
4;16;48911066994;45235981180;59455367721
4;17;48173526377;5710688789;57147632940
4;18;6701465620;6701465620;6701465620
4;19;41888937566;6217791856;53697637758
4;20;44196441189;5789228240;56929878309
4;21;43073655592;6380484321;48308024484
4;22;46395328380;8484013261;58830558423
4;23;48127290096;6716302281;58238740328
4;24;53118969753;48585201680;59534954582
4;25;44579312854;6209428014;57577998810


THREAD; REPETITION; AVERAGE; MIN; MAX (nanoseconds)
5;1;22464159861;4954060642;49579019331
5;2;23113891935;10615738383;48653697606
5;3;26197389996;17112759374;58922971914
5;4;19639595539;5159465868;58838152614
5;5;21604977754;4957157194;48099041359
5;6;29187669312;10979943051;43411722649
5;7;25294976433;11174279762;58988957186
5;8;24453523614;5079282702;55297121073
5;9;22780550333;19750716432;59847487809
5;10;31723395115;23479813146;46201396616
5;11;23240797766;7567901856;59653371797
5;12;27805729348;17381696976;59981031807
5;13;20550124044;5892464894;48368648459
5;14;34641590919;6999671956;51554632852
5;15;18760362906;5420942536;59008112554
5;16;23874365049;16017027234;48806682972
5;17;24452866278;5014091456;50485153141
5;18;21410178350;5534696519;59146945980
5;19;26944684704;5081594239;58081115267
5;20;18685700489;18087168900;59157274668
5;21;37663471107;10870828555;48203365232
5;22;21389392956;5468849463;58635016252
5;23;20734774422;5306010541;59010264712
5;24;37973541480;32521899850;55281040537
5;25;18878801995;5221792714;58982677268


THREAD; REPETITION; AVERAGE; MIN; MAX (nanoseconds)
6;1;15200842701;4697608844;25833570049
6;2;13917417308;3006244089;14859694667
6;3;23502895614;4556232427;34701501308
6;4;19177428191;15619282897;31276214156
6;5;15694987665;5733955782;24392737066
6;6;17778890076;9729976854;20148525371
6;7;14490021454;11999322051;18561434763
6;8;21534141386;9168984466;23665428986
6;9;15131905673;4899885670;19872177889
6;10;15580323787;9064703475;21430789178
6;11;30837012931;4600260997;48223691977
6;12;18532530536;5079781439;32312132757
6;13;16013050025;12868701329;28179162784
6;14;14240331393;3341814113;23962073672
6;15;14134815584;9463284439;14765762199
6;16;21621756383;4461797030;31648179028
6;17;18936582136;5160205347;30496926006
6;18;15000655041;9902267956;18365040739
6;19;24477326627;4556180604;34637874785
6;20;14171966644;4292065332;18789787249
6;21;13428445979;4462352129;15029587629
6;22;19626275507;5128740454;29601340254
6;23;14379524407;11765428287;18404816953
6;24;15901226853;4964888554;20928803242
6;25;13956437742;5524460302;15097615689


THREAD; REPETITION; AVERAGE; MIN; MAX (nanoseconds)
7;1;34706327938;4409692853;40982808709
7;2;17456134875;4465777145;21145045180
7;3;25441635804;4533593375;30526433247
7;4;13325825804;4552181911;14918355894
7;5;19134768538;2788352849;22909011760
7;6;15023065507;9545514444;19323216429
7;7;13034576211;8798106254;14932723502
7;8;21652151712;3365143475;26518609697
7;9;16113140322;4818004803;20374752378
7;10;23052449540;3389583174;30225011489
7;11;13767972806;4548650596;15982284061
7;12;12766530718;4079554943;14381909293
7;13;21976219961;3422678511;26240646856
7;14;12529158246;4095984196;14409677417
7;15;25580429412;5724889406;34250854159
7;16;11678526044;6004213943;13829552499
7;17;14336758305;4302767111;16468198961
7;18;22433511447;3174130791;29875605838
7;19;15370541961;7912776694;19773925038
7;20;30484465818;4705027734;40663033081
7;21;26531885926;4248191809;35117627590
7;22;15316931371;4096427898;17313510307
7;23;14183384050;3777705756;15713120941
7;24;19874992507;3723404231;25121413406
7;25;28862761678;6753745239;37079494391


THREAD; REPETITION; AVERAGE; MIN; MAX (nanoseconds)
8;1;26100099782;6189878044;36585033084
8;2;24665842189;3643155206;40012895704
8;3;16755872874;5385870691;55211595259
8;4;17198937701;3785541110;25593199834
8;5;17689005410;5671932676;55736998907
8;6;20881851065;3565947697;31494641498
8;7;16089084279;5336193776;58113247773
8;8;27912550036;8599419619;40230470073
8;9;14874191675;5141338075;58698638444
8;10;14418328831;3438811078;57864255722
8;11;12356918787;5633730893;13977393985
8;12;21031844485;5595995720;32238155967
8;13;15645743875;3390351637;56349577530
8;14;29120541347;3687173370;37789479459
8;15;10978224993;4176325274;13513426217
8;16;27024478846;3463936757;42637038925
8;17;13858814294;3412006135;58966896351
8;18;25997362414;6749498400;35433593516
8;19;17845370608;3560638922;25945830127
8;20;23136005956;2976563921;35767876504
8;21;19102225539;3559266122;29290023383
8;22;18960648003;5611364782;30082566918
8;23;22588148216;4053140553;30196911060
8;24;18468059075;3632422905;26747192172
8;25;10849532527;5637010360;13090911275


THREAD; REPETITION; AVERAGE; MIN; MAX (nanoseconds)
9;1;22666527185;5350009639;46711810090
9;2;24220332764;4832742080;44532018665
9;3;16477777957;3334145820;34531272410
9;4;16829854320;3525693769;31196815378
9;5;20543401835;4993885745;58451181295
9;6;18224328525;5236222341;38409896229
9;7;18188745560;3541324456;36685778570
9;8;15811125755;3296635256;33737482837
9;9;17758257894;5589371275;32138563002
9;10;12371708127;7951086242;21135086094
9;11;16531066390;4265604777;32210682363
9;12;19215679832;3596203009;35858209283
9;13;19304888147;3299917168;58721562587
9;14;18370396911;7940797644;31999394406
9;15;15006505044;3331447502;26946093428
9;16;15501307810;3499679219;29432805776
9;17;13608091335;5282652125;56708072185
9;18;22902643357;5128047140;57948724139
9;19;17690363202;3556268185;35610532903
9;20;15881860389;3228649940;33848775263
9;21;15213328764;3396324813;28973677660
9;22;15125377088;3561359195;23714103189
9;23;16541883591;5601467994;28745218247
9;24;12875268026;4992683078;55882242156
9;25;15843232915;2694905078;35845253168


THREAD; REPETITION; AVERAGE; MIN; MAX (nanoseconds)
10;1;16537634417;5177286149;36380907001
10;2;15029595050;5201231512;35742619453
10;3;12549969850;5140716488;27870685590
10;4;15187106818;5265785246;32103621829
10;5;13971216047;5050009917;28887169808
10;6;14346466902;5018558155;33290924056
10;7;14266250290;5165075310;27933441750
10;8;18632796578;5612773970;39247915797
10;9;12585476373;4950252686;28063021766
10;10;14120478710;3444478209;33487563643
10;11;13957587663;3651233885;29707528820
10;12;12895422298;3591634132;29809873391
10;13;11067352136;5292232253;33957933969
10;14;12225446388;3281921655;37606254077
10;15;14973445111;5071799907;36609197467
10;16;18819403772;3808173175;41632424233
10;17;20837747140;4289158818;40912593361
10;18;13891704299;5222836422;31997233657
10;19;12136766695;5185049218;26894661332
10;20;24490887440;3366186624;58766086751
10;21;14328940956;3500766438;34888249134
10;22;15379539940;5074037482;31772151279
10;23;12189074960;4926401540;30606353322
10;24;14604774390;5306760077;36808519448
10;25;13951342151;5265663723;33236174988


THREAD; REPETITION; AVERAGE; MIN; MAX (nanoseconds)
11;1;12219718185;5564444294;34136925712
11;2;13747914345;5325787914;28655686896
11;3;11779818509;5316148003;30076530816
11;4;13123644150;5105633257;36696169485
11;5;14206440401;4971599742;33453977112
11;6;14634180851;5254154997;30120101159
11;7;9502765704;3535314335;37964850491
11;8;8572612464;3270769190;28104900064
11;9;23409972417;2566216586;58574390740
11;10;14173926864;7681162969;36449465924
11;11;14877626296;5049671816;35908018547
11;12;13762228713;4829508569;37526198582
11;13;13888254994;4965814021;34249861923
11;14;15676359298;7292245663;36047464622
11;15;14016073199;4078771604;39277146746
11;16;20239520003;5543175459;44867924206
11;17;9983887070;5204931144;33251728921
11;18;11482421702;5307214115;32306061874
11;19;11942702199;5280501083;28495438806
11;20;22134530000;5101812311;56778849057
11;21;13597115273;4841842609;29626915712
11;22;12463797014;5132327223;36673517654
11;23;15129348071;5641080501;38783480582
11;24;12200970647;4979765445;29386307129
11;25;11512388420;3567133532;28689713846


THREAD; REPETITION; AVERAGE; MIN; MAX (nanoseconds)
12;1;11645563489;3417853107;34923911559
12;2;12316068841;4948066583;36313558706
12;3;24838096340;4505283772;58279273553
12;4;10397387108;5033093941;34645710698
12;5;11110094453;4983654766;34134555020
12;6;9841946639;3278753725;29752048305
12;7;8228115045;4697146984;26831394773
12;8;10712998385;4841885421;55118149374
12;9;11057036467;5095650634;39724133514
12;10;13709488157;7530483972;36909538084
12;11;12082114624;4648251384;57227539394
12;12;12449723434;5213569951;34002835765
12;13;12572999837;7523514511;30183989096
12;14;8830252636;3202260622;35364142301
12;15;12416670284;5826108975;38860443995
12;16;10714233858;4942999669;33682323731
12;17;12730309349;5313520364;29629480772
12;18;13587445595;5397657314;35036842322
12;19;10205489575;3324655368;37683323509
12;20;12889132413;5099130895;35884419388
12;21;13051557067;5011140173;34697842882
12;22;8824846654;4696640006;33410864789
12;23;11400606057;5020627063;25203790845
12;24;9797063704;4877298931;30128887470
12;25;12985391023;5091982361;30969144332


THREAD; REPETITION; AVERAGE; MIN; MAX (nanoseconds)
13;1;7442961957;4998393301;11575148168
13;2;11323185141;4965759475;30689391599
13;3;9756239333;5083229503;34841812507
13;4;8079405444;3211985113;32348638863
13;5;11128415069;5018650974;28361188363
13;6;9787382261;4667679272;57253444432
13;7;9341398033;2894296062;56186584468
13;8;13439260561;5554956147;33703805581
13;9;10432061316;3538529827;33700499016
13;10;8912294629;5013104040;37566168745
13;11;12198238128;5230750347;33913792954
13;12;12867359211;4930380397;37426490378
13;13;13283178143;5025023991;32484559629
13;14;9305272247;5019255520;37083624176
13;15;11792328961;4107899887;33611174814
13;16;12712177778;5012704338;28701332711
13;17;12913435430;5145236755;29997394571
13;18;9328951695;2641146850;58070017418
13;19;7893288843;3348075454;22879182480
13;20;7819601872;4436265433;25848841612
13;21;8407096595;4708857201;37562111037
13;22;16617677479;5449047225;34118400105
13;23;8780765722;3393043808;31480125686
13;24;10951641401;4743331485;33912540071
13;25;7623526296;3325350009;11301838083


THREAD; REPETITION; AVERAGE; MIN; MAX (nanoseconds)
14;1;9105445246;5182066296;40411935595
14;2;7887642588;4886403859;11783877490
14;3;10112546652;5069278428;27818426784
14;4;9529580315;3090059351;58526403914
14;5;8038019235;4756869658;40157345627
14;6;8555693998;5060732160;36895955561
14;7;14015331517;4546425174;40652883187
14;8;7894716617;3358242598;10339970653
14;9;8174047114;4720321438;38078764549
14;10;9300426462;3479386906;34945421905
14;11;9040565428;5301311410;34254003162
14;12;10882174391;5038756812;25296080647
14;13;11617919988;4932208912;28352928654
14;14;9639956061;3250452571;54147278914
14;15;7849485649;5111199887;36400908076
14;16;8229063432;4361293195;10189471917
14;17;7888963111;4924840448;24943963060
14;18;7976211187;3725051159;9729234791
14;19;10428761137;4916651139;36675851539
14;20;11191868378;5005779785;31467180675
14;21;10068978910;5543383237;27005235372
14;22;10262204524;5134942500;43479897863
14;23;10467741003;5231246569;37787433529
14;24;7852365415;4713345201;30999691511
14;25;8716133358;4017344174;38883978551


THREAD; REPETITION; AVERAGE; MIN; MAX (nanoseconds)
15;1;8108853124;3424525812;12790349262
15;2;7661936036;4527486454;47681884500
15;3;7561430899;4801656425;9789222862
15;4;8156531329;4729723750;10795798908
15;5;8020447713;5167801564;32099101003
15;6;7916777363;3718864339;8860608960
15;7;7791318275;4821234403;28797185885
15;8;9898354172;4865750744;34671102193
15;9;9022913428;5012906110;35201455143
15;10;7976575770;4662181995;32155756876
15;11;10879782191;5221071463;37321829311
15;12;7726718036;4741562825;11202945346
15;13;10098168173;4994131307;34191483973
15;14;10223590387;5096668990;36224329629
15;15;7616533049;4841767739;25714316834
15;16;9450975277;5142192653;34598554146
15;17;9186118738;4787551141;36282357604
15;18;11211629980;5405396915;37609885195
15;19;9912301390;3667801284;23111341805
15;20;8284000868;5211088072;10225413076
15;21;8199506387;4967025907;36396129676
15;22;7794541276;5016851304;24595394805
15;23;8519271218;5366263729;10995225790
15;24;9383600232;5624753076;28348853625
15;25;13713432026;5946838146;44013541805


THREAD; REPETITION; AVERAGE; MIN; MAX (nanoseconds)
16;1;7669004411;5557077366;8085473293
16;2;9668343127;4315315354;58541105224
16;3;7706736085;4923068086;8260666020
16;4;7848421164;3251598667;58282040245
16;5;8208618766;5122003076;36316383926
16;6;7269104095;4540515834;24106199322
16;7;7480537843;4789041764;15978164125
16;8;7840989314;5179827674;19112434052
16;9;7963353195;3819966015;18859594655
16;10;8394652148;5382340981;25180394156
16;11;7470717342;4763315379;29800107486
16;12;7820661452;5126653388;20224589787
16;13;8131273853;5076127902;32945588685
16;14;8080961875;3887475573;34152493125
16;15;7418638695;4758199086;7821999933
16;16;7589114335;3545204768;21153020985
16;17;7510489331;3699773785;16426908168
16;18;7647538315;4971935190;8610412916
16;19;7386423324;3352605498;8420250548
16;20;7384552448;5017308066;12445580374
16;21;7851518514;5057668572;33929486220
16;22;10444274492;5291698526;20084103217
16;23;9822682134;4371614689;58247159835
16;24;7890122016;4918022193;19746421543
16;25;8237420425;4896307282;13029541953


THREAD; REPETITION; AVERAGE; MIN; MAX (nanoseconds)
17;1;8170399184;4893801028;24664388351
17;2;7751039943;4915301945;21603375709
17;3;7591743782;4832234683;13732554347
17;4;7888047774;4790460030;15742687549
17;5;7760400016;5092934298;15214059259
17;6;7634675489;4950956686;9261106300
17;7;10331482264;5438718259;37829507312
17;8;10373076159;4311755823;57034183325
17;9;8299590030;5181894766;22997272488
17;10;13318165990;4175821299;56424831298
17;11;7528902678;4737770443;37483537922
17;12;11455030892;4830553395;35082233776
17;13;7863217225;3246910362;58865478574
17;14;7605040719;4809400776;23107710966
17;15;18332339704;4435640493;58963417907
17;16;7611798790;5185233040;17525644740
17;17;7699220118;4813760967;14627537368
17;18;7775006121;4020101578;9680448562
17;19;8540377261;4994488266;15961986509
17;20;8131186592;4562820624;17858922363
17;21;7396407866;4969425444;26345422533
17;22;7580315956;4842865364;12106724318
17;23;7945538418;4770475926;20861851367
17;24;10445659611;4725081539;57001880128
17;25;7463139854;4809204522;27888482964


THREAD; REPETITION; AVERAGE; MIN; MAX (nanoseconds)
18;1;7718503527;4896791632;19964148167
18;2;7242549470;5047309854;15456680737
18;3;8634105674;5108598369;26552365036
18;4;7485357244;3287072379;8186424462
18;5;7487968225;4796028615;8436167027
18;6;9524422133;4320037533;12219232612
18;7;7613930246;3383902494;8661468776
18;8;7257522750;4577177616;25582432543
18;9;7303238393;3477898239;16321343983
18;10;7575150733;4765308370;28204526413
18;11;7962732007;5150868826;18316314573
18;12;7724269131;4788607351;19871072999
18;13;7749406125;5166295018;9851304775
18;14;7231815187;4593960266;14329427344
18;15;7696551767;5042388907;11184359744
18;16;7213975706;3321168263;20338369820
18;17;7937937360;5233873160;21436481871
18;18;9067377666;5668827882;13710262896
18;19;7117972267;4658846376;7549178458
18;20;7529380800;4890786818;28097988502
18;21;17275723218;4415311653;56596175911
18;22;7592491015;4717170688;14966537646
18;23;7023473596;4588788868;54810293417
18;24;7356484118;3401008857;27361722510
18;25;7548657877;4731461540;26158112344


THREAD; REPETITION; AVERAGE; MIN; MAX (nanoseconds)
19;1;7594893979;4472380638;16023751482
19;2;7666153301;5283599801;14673203228
19;3;7778482071;4705167556;22497850076
19;4;7430107582;4480649287;14856319797
19;5;17569894450;4374990118;57794343136
19;6;7363257790;4769466300;19950214692
19;7;8888308956;5297995765;24979087845
19;8;8102921956;4761680046;14462288852
19;9;7561736528;4786859014;26514205995
19;10;7479016047;4784924411;14246219771
19;11;7633295022;4897148870;24201938374
19;12;7433566460;4531211159;8573817832
19;13;7142212245;4682078379;7289858488
19;14;7467825736;4781741744;23510269602
19;15;7953902503;2538466830;23312683386
19;16;7462213735;4746440120;23609705703
19;17;7051803947;4155861150;16118341088
19;18;7530154189;5164601158;15521322682
19;19;7439950029;4898061695;7906616972
19;20;7433142423;4726326251;57596263422
19;21;9639491544;5598469079;21254259689
19;22;7925035677;4601750921;16417123195
19;23;9227651229;4931137477;13430489629
19;24;7492350458;4665893431;20557567023
19;25;7193495942;4416720631;22752863492


THREAD; REPETITION; AVERAGE; MIN; MAX (nanoseconds)
20;1;8358627419;4986952043;12147469301
20;2;7220549890;4634927693;18004076495
20;3;7616069918;4703934020;9087024957
20;4;7251123917;4870182035;19171090460
20;5;7406545454;4587588506;20024588251
20;6;7532744867;4793736145;15827097299
20;7;9935218723;4778755331;58317898993
20;8;7347211223;4648021187;30553087404
20;9;7276008806;3280518963;8798634533
20;10;7218863470;3955930223;10249496235
20;11;7062506104;4354850756;14767679133
20;12;7461931819;4838155268;13874305114
20;13;7136041602;4563667868;27190424272
20;14;8350717590;4843879320;53823531272
20;15;6867856671;4708837575;7124318873
20;16;16926458084;4403859918;57151889625
20;17;7061683143;4804416343;7138418081
20;18;7258632012;4454639976;19596550190
20;19;6846339866;4804464744;10372764834
20;20;7207575570;4330588874;12255709804
20;21;7099581748;4497544800;49078258759
20;22;11390101639;4790896190;58899669511
20;23;5770306913;3842097738;43769357837
20;24;7167435663;4471812129;23741841072
20;25;7470553379;4692123929;21385283884


THREAD; REPETITION; AVERAGE; MIN; MAX (nanoseconds)
21;1;7271822491;4773063057;13614191468
21;2;7168781734;4807888642;51502781708
21;3;13000840898;4385520786;58311329372
21;4;7214158757;4610005811;7590295415
21;5;7455258997;4746904914;11097894775
21;6;7800705263;5156263366;28024098244
21;7;7168994716;4422409901;15690198684
21;8;7063563961;4468932923;25507488312
21;9;7077566288;4335265865;18952527137
21;10;9972913366;4784315115;52488701707
21;11;7260157468;4823823768;11268003895
21;12;7148026941;4624238974;13614127983
21;13;16909108128;4611508167;58699605188
21;14;7367413838;4654847753;27221667279
21;15;8700258861;5104854597;22480222417
21;16;7857234374;4672885520;23578806035
21;17;7049221673;4710663646;7243537866
21;18;7028923858;4105891880;58549105892
21;19;6802850850;4392489688;56352576654
21;20;7101094372;4735575960;11161801640
21;21;7097760846;4396571491;10087538569
21;22;7397547471;4595476310;50844626691
21;23;15141295344;4421544707;55589722926
21;24;7036576965;4854378839;12916924498
21;25;7367382742;4633183268;18991566386


THREAD; REPETITION; AVERAGE; MIN; MAX (nanoseconds)
22;1;7321472248;4795374761;24424124085
22;2;7060811193;4133965350;25499162742
22;3;7648526693;4915872548;14717105317
22;4;7417784381;4702523086;18488624043
22;5;7634840727;5083579338;23022490219
22;6;7262591846;4541871244;25448806063
22;7;7279351822;4555133474;12763701951
22;8;6987910120;4427309755;12464146910
22;9;7682851300;4803386814;13985072894
22;10;7145306656;4444775454;16212022547
22;11;7142764101;4545192476;24409805366
22;12;7055785235;4074943463;24031200334
22;13;7730841722;4467765386;57361026122
22;14;7279436101;5000427219;18577589400
22;15;7339681428;4492788469;7777063006
22;16;7043157744;4698239860;7342205154
22;17;7698783988;4602534889;12792967682
22;18;7032405109;4305599315;7593325199
22;19;8195374395;4949891188;57363828922
22;20;6954803091;4582803261;7243529066
22;21;7066314341;4521382606;22367966250
22;22;6839873990;4352165568;23093685021
22;23;7180676184;4504813322;16643100800
22;24;7468941915;4627060283;12452632737
22;25;7011928788;4711598331;22213274941


THREAD; REPETITION; AVERAGE; MIN; MAX (nanoseconds)
23;1;6983915911;4415085786;15913852109
23;2;7086308982;4620082301;20497806495
23;3;7174468245;4321927996;30528774537
23;4;7310850937;4629178011;25294801224
23;5;6824710451;4360374014;52649658337
23;6;7417901218;5102273613;14465372206
23;7;7001206241;4520447851;18325394149
23;8;7073973860;4767014173;46873269019
23;9;7925296912;4479958347;17054364451
23;10;14348915154;4262673957;56921685019
23;11;7780452209;5175777229;13788526056
23;12;7771324735;5040913719;15709442611
23;13;9280124492;5558157461;20948224425
23;14;7062267963;4271910675;13682063503
23;15;19993793113;4808003252;58619000250
23;16;7066539663;4419153552;23662126681
23;17;7078122852;4293221904;16264995760
23;18;15554929078;4327656867;57021517749
23;19;7117881352;4406740172;17189378258
23;20;7095623482;4727290828;11477707013
23;21;7362371430;4699792153;51019379838
23;22;9235525457;3761016764;58024966930
23;23;7021998710;4293670704;12791974608
23;24;7775345825;4935380544;38937228894
23;25;6933657747;4296557803;20620457279


THREAD; REPETITION; AVERAGE; MIN; MAX (nanoseconds)
24;1;6802078214;4018257977;14760463830
24;2;7445102655;4451618921;54490072271
24;3;21392366113;4595183396;56792321790
24;4;7156277586;4235764182;14370358873
24;5;7233146924;4915681882;17906516471
24;6;6829659870;4146177657;16104881417
24;7;7299800318;4561568510;12518707266
24;8;7138915777;4370416841;22461971983
24;9;6865437755;4466166091;14388708412
24;10;7080469398;4403709200;22968178149
24;11;7081757399;4285606830;13307311543
24;12;12695242715;4308566661;54475553737
24;13;7305927869;4746392558;8347692374
24;14;7179926166;4410848935;15731214931
24;15;14789513454;4269359723;52146799244
24;16;7227957745;4516908295;18728886632
24;17;7233875794;3060143818;18857750706
24;18;7088931670;4856450540;7302484255
24;19;7065882320;4662198897;11518018561
24;20;6973779947;4317735215;25820486612
24;21;7389565810;4620944561;8556996280
24;22;7136697029;4316956206;52225409095
24;23;7106324373;4409316058;7614762700
24;24;6653980487;4202806292;19810498262
24;25;7949051148;4511183125;52466272110


THREAD; REPETITION; AVERAGE; MIN; MAX (nanoseconds)
25;1;7028336038;4581934296;15016758415
25;2;17323250701;3550185010;58875089781
25;3;7123295152;4169049488;17719667024
25;4;7296582140;4841704532;22534059985
25;5;7009054552;4355350052;21850299829
25;6;7258421067;4621516562;25399822673
25;7;18253590040;4229779343;58799711136
25;8;13263484437;4143568666;58597150406
25;9;19460374821;3265580053;57879134848
25;10;7092536331;4581232811;16949560629
25;11;7147753674;4586132316;13184427141
25;12;7392748835;4576787413;58542808583
25;13;6870210507;4176026353;57737056177
25;14;6976581778;4010457684;16913549976
25;15;7016659683;4763860630;20603581811
25;16;15875080603;4585653204;47531618264
25;17;7179001697;4571008676;21184461852
25;18;8073056554;4574052778;15183402709
25;19;7699546577;4636234005;55811272871
25;20;7053420455;4600230685;13603411187
25;21;7108928863;4726663515;18131360200
25;22;6845155491;4351323003;14319598859
25;23;7191646549;4482147451;21608095721
25;24;7449463293;4911746116;10323316232
25;25;7099404503;4559176724;10766316180


THREAD; REPETITION; AVERAGE; MIN; MAX (nanoseconds)
26;1;17716294445;2368938301;58802498502
26;2;6893828131;4479193654;16683370233
26;3;7405396744;4075252092;58524233108
26;4;7085957536;4518509266;25500987695
26;5;7064252529;4377268689;16968707406
26;6;14740308597;4208892122;58844236208
26;7;6815699186;4335807693;20809345881
26;8;7087291693;4560829099;8594460678
26;9;7277887446;3972663076;8302062063
26;10;7233660662;4434156436;22481540671
26;11;6971616519;4281161433;21739658532
26;12;12020298463;4310189773;58864579367
26;13;6917841680;4541881091;9411895646
26;14;7125733052;4597960774;25244314501
26;15;6885291675;4536601579;53065018529
26;16;7439745550;4279139598;55902354349
26;17;6855310579;4354085715;21844522349
26;18;7207508817;4566306612;16619129317
26;19;7004812055;4522901095;16361860865
26;20;7364454822;3647224018;7468046707
26;21;6695298940;4013897716;46729304143
26;22;6948745063;4324455063;25822424149
26;23;17857086786;3758118420;56260427024
26;24;6798728423;4588118602;58946661726
26;25;6861320363;4452758242;15640782767


THREAD; REPETITION; AVERAGE; MIN; MAX (nanoseconds)
27;1;15163926214;3989108602;56211508446
27;2;7566448535;4165685234;14687345458
27;3;7062249014;4430234988;18006564661
27;4;7094945650;4437408176;7344946145
27;5;19151432090;4597260895;54707659632
27;6;7288822006;4507717811;16500171111
27;7;17325533249;4639158189;58937492893
27;8;6975517261;4312791220;16350992375
27;9;7099633643;4430908956;21769832339
27;10;7046063719;4258731207;15943267161
27;11;6784731224;4724755032;16578106854
27;12;7024359209;4273517235;19912064732
27;13;7147526102;2532938754;8152355677
27;14;6946759352;4144704076;15638587516
27;15;6807357169;4232871705;20105101696
27;16;19128405173;4287982690;55393696964
27;17;6775985113;4105078299;18845464507
27;18;6904109013;4186829891;16616234326
27;19;7183695166;1433712665;57523839343
27;20;6971176325;4357623176;56040706081
27;21;7361481695;3385843383;12223695539
27;22;6860041714;4539028215;58614996040
27;23;7322080576;4111509563;54986119046
27;24;7001447966;4362125704;20653211512
27;25;16653912410;3355201848;57047256146


THREAD; REPETITION; AVERAGE; MIN; MAX (nanoseconds)
28;1;20301150005;4613084834;58621434637
28;2;6839415469;4156105316;24488524450
28;3;6987334812;4371668536;7499995810
28;4;6971733514;4534495166;26273549362
28;5;7183953153;4452506255;22306520731
28;6;16529494891;3991053053;58470594516
28;7;15071739986;4236569941;53507616261
28;8;7049916106;3691077078;58812939564
28;9;6973937489;4269168218;19192269758
28;10;19416893799;4253059746;57405251366
28;11;6744837657;4227868347;15868992987
28;12;6806700868;4222691152;58111728725
28;13;6823428921;4247243853;22450556286
28;14;21473601749;4366339646;58994392723
28;15;7010340512;4451108381;18001815314
28;16;6703315909;4604517823;10562466808
28;17;6947322346;4441870475;19326044791
28;18;19635379472;3864230649;58215251868
28;19;7081889191;4282155554;16071427583
28;20;7442281084;5196365739;19145455288
28;21;18861113545;3731907058;58932501058
28;22;6902269034;4262026249;20007805252
28;23;6987699357;4442129656;24885864265
28;24;7476404535;4584150918;14890721796
28;25;6838752181;4626196066;26960382185


THREAD; REPETITION; AVERAGE; MIN; MAX (nanoseconds)
29;1;18601598851;4269547247;58577409210
29;2;7227957118;4516093176;12839631155
29;3;7782527139;4451545797;55465346783
29;4;21897701867;3257667874;58821479057
29;5;6721083777;3983715039;23104961943
29;6;6560280608;4538998881;9610839088
29;7;13957116214;3959800827;57311798007
29;8;6790562199;4336083567;19061475061
29;9;19550450136;4188001548;56070931920
29;10;6934870948;4154245302;18191107669
29;11;7047255638;4471395177;24963008916
29;12;6887349777;4298868711;13838727199
29;13;17497192865;3881515598;58643343847
29;14;7043935814;3652045022;16726875972
29;15;7545832120;4729678213;57567134859
29;16;7257133528;4617007678;18905565652
29;17;6874559133;4255173562;29147732114
29;18;6845163932;4517068929;21775378505
29;19;8311829481;1289366107;55222434206
29;20;6939888787;4403999670;28681755642
29;21;7298507942;4647481314;20491410710
29;22;18842518583;4356239131;58468673812
29;23;7097379952;3770652206;58756725156
29;24;6693129233;4391964970;7350232292
29;25;6930504593;4167489164;16582985617


THREAD; REPETITION; AVERAGE; MIN; MAX (nanoseconds)
30;1;6437462044;4456011169;9071173501
30;2;7564055123;1653347562;55606200160
30;3;7007823874;4567233685;20504625308
30;4;6989097641;4410477100;28931156893
30;5;7198786310;4497258240;7731960835
30;6;6970012103;4653100813;14575256563
30;7;20165816911;2453508686;57394878470
30;8;16909004204;4369017012;56829952759
30;9;6881879777;4139564596;57584060474
30;10;19735816015;4343528158;58615099755
30;11;6850347054;4484090576;58940366025
30;12;15951806414;4085657465;55792500653
30;13;17644528602;4085146856;59005795080
30;14;6768166606;3096566603;19471345520
30;15;7058428262;4436831566;17328072841
30;16;6936157768;2878570531;21120125882
30;17;6874551828;4342689783;15394973313
30;18;6900060074;4008871868;15771556581
30;19;7008015959;4053885899;17487406012
30;20;21394238981;4365736427;57869384377
30;21;15576623452;4287544088;54924790861
30;22;6732766133;4049916260;17726559171
30;23;15206993640;4774225355;56577726499
30;24;7158660971;4398609740;23400634019
30;25;7496767054;4383925331;21381326049


THREAD; REPETITION; AVERAGE; MIN; MAX (nanoseconds)
31;1;12986181230;2401196451;58701655308
31;2;6901120444;4121478777;12435177725
31;3;6792771987;4061637653;23122495736
31;4;7020715562;3712634777;53914846649
31;5;6860131086;3998368019;21289498595
31;6;7408200199;4558241969;12639462347
31;7;7086641486;4448497994;22007923423
31;8;19002972101;2982648773;57638310805
31;9;7523307264;4079834029;54619158999
31;10;7322744092;4595324755;25244552589
31;11;6638584559;4009098223;16108862928
31;12;6919575400;4589853599;12581583692
31;13;19135503714;4615713519;58547441574
31;14;6932476931;4937565877;26458338001
31;15;6802056495;3689554189;56557685754
31;16;6852591574;4584616900;20222341177
31;17;15602792097;4109095150;57947221574
31;18;7154175545;4419640485;25288288595
31;19;7045241971;4674394930;17469048930
31;20;7052421869;4321387634;20073196943
31;21;19714073252;4494042329;57796720184
31;22;6732915821;4197731834;18341348760
31;23;15780928996;4363446612;57679715579
31;24;6656112964;3943481853;6784220480
31;25;7044408456;4400034502;24361207919


THREAD; REPETITION; AVERAGE; MIN; MAX (nanoseconds)
32;1;6896606673;4260931558;19280062061
32;2;7122460983;4601269017;16793086272
32;3;7094103469;4263875088;20797830101
32;4;7088420228;4541890939;17284460595
32;5;7182908779;4502212153;18050605594
32;6;7168613571;4069597393;8707140573
32;7;6842024380;4710703176;54542669599
32;8;7034932426;4411035690;23456766433
32;9;6852740411;4367959266;19063288979
32;10;6932112565;4456149944;18402035315
32;11;7442228320;4752456737;14301628629
32;12;6769097373;4420338758;14935213065
32;13;17535616779;4439072285;57120024682
32;14;6679396759;4487150043;14666868834
32;15;6673687722;4368953177;19570854186
32;16;7062108993;4369151596;13840301980
32;17;6788013802;4220225964;7300822311
32;18;10186728453;4483675300;56957375239
32;19;6970264270;4326018600;22821150034
32;20;6842949113;4272418422;7386618620
32;21;7347317712;4287811021;57731438283
32;22;6923263345;4478169921;7475700683
32;23;7300903674;4683759458;22908915519
32;24;7319981760;4317248002;9401166420
32;25;6836910470;3149027670;16807265518


THREAD; REPETITION; AVERAGE; MIN; MAX (nanoseconds)
33;1;10166604652;2591080710;56977972899
33;2;7646188660;4312440688;53867903532
33;3;14529638721;3972709031;57654594089
33;4;6874904645;2665392669;56978679343
33;5;6985266669;4600260229;24394492316
33;6;7113109441;4291275637;56450945790
33;7;8873352259;4296489498;57844749542
33;8;6817076675;3976275755;16282489045
33;9;6892618113;4013849107;27054330229
33;10;7211119177;4490077370;9563671081
33;11;7059701998;4475682734;29935185408
33;12;6722040120;4165264161;15046034342
33;13;7456979879;3849670768;53515116586
33;14;7061969158;4414015678;20880712633
33;15;6918830064;4761060763;10360879525
33;16;6887855597;4193026698;16452971606
33;17;6680365978;4315779101;58155399359
33;18;7099149837;4287661281;17801952273
33;19;8276483191;4678787737;16434347382
33;20;6908073867;4180044181;18467073120
33;21;7091907513;4293711700;16281524118
33;22;6624584016;3841629313;19442848113
33;23;6933417447;4214290364;17231761858
33;24;7163457451;4307869575;20147476635
33;25;7199454263;4623519121;8500764273


THREAD; REPETITION; AVERAGE; MIN; MAX (nanoseconds)
34;1;7518130116;3891251681;26831128956
34;2;6710978117;2512536440;6817926929
34;3;6767706444;4225832753;19750457111
34;4;7073528817;4459476065;28044715879
34;5;14606089013;4349542959;58957925728
34;6;6521115588;4024107184;58580089299
34;7;6934731034;4292587675;20847489765
34;8;6775176133;4235174163;20497746780
34;9;8424550506;3776602473;57784028278
34;10;7650623892;2725323330;58304563779
34;11;6924279027;4237608201;20669436269
34;12;19197529767;3025738187;58847916565
34;13;14432048300;4676163870;58147808800
34;14;6691574013;4416687107;15373044340
34;15;7085751093;4293643117;16770930034
34;16;6837458540;4226925629;15281548144
34;17;7047574780;4488692139;17681478023
34;18;6883892120;4292958672;18072365342
34;19;7052152484;4772839984;18565278059
34;20;6958986854;4720488498;20045198272
34;21;7221467048;4554319474;22977474721
34;22;7109883839;4229733527;28035708030
34;23;7149101619;4291712424;17767771742
34;24;7241857486;2645008723;37704409290
34;25;7392550870;4535812303;8755280699


THREAD; REPETITION; AVERAGE; MIN; MAX (nanoseconds)
35;1;6664849729;4248008266;16783436373
35;2;6864224806;2813450103;57479517858
35;3;7266989406;2749257867;27674099013
35;4;6960197006;4427188511;28546132470
35;5;9636957311;2678642467;56298963556
35;6;7069043865;4396780526;20446651948
35;7;6673875199;4472174536;56763657951
35;8;20837519927;4407547119;58621599743
35;9;6988824134;4460793830;8268901774
35;10;7060709792;4356553207;17633373026
35;11;6806283657;4444587720;11811438046
35;12;6906292914;4608127919;7412325658
35;13;7478710839;3206917220;9617132345
35;14;7720857116;2882310112;34503200407
35;15;6822304782;4372867571;6955219727
35;16;10749177705;3813057944;57710293696
35;17;6845437810;4206073467;11726579565
35;18;6925083101;3217093863;17622993844
35;19;7279051816;4550542527;25072752682
35;20;6959148840;4367569342;7297197129
35;21;6768554921;4409372071;7241337796
35;22;7812952123;2938461872;56910459639
35;23;7320120223;3495188984;17008276960
35;24;6883193875;4439855625;22155322743
35;25;6843622740;4462360788;28397664228


THREAD; REPETITION; AVERAGE; MIN; MAX (nanoseconds)
36;1;7290686290;4473097139;12728877134
36;2;10622329260;2584769154;58950379517
36;3;7274289564;2636313065;9991055846
36;4;7089467898;4335953382;53029610258
36;5;7115645894;4699276724;13200425893
36;6;6847394124;4267483716;57290172774
36;7;12614533673;4292518253;58805230483
36;8;6924439170;4129021147;7024736943
36;9;6628273988;4366564466;18574055851
36;10;6880470741;4015782662;19025062613
36;11;7265265285;4208269348;21700468286
36;12;7077030818;3384219852;35111496014
36;13;7029569486;4287869478;14404399442
36;14;7828721773;3110532554;31414361043
36;15;6939929888;4255092965;7268384181
36;16;6720584717;4518374892;58349874355
36;17;7537257022;2553671975;11352374184
36;18;19314019326;4433279858;58348969072
36;19;6878769603;4036888836;26877760931
36;20;7351415077;4988122512;24483374842
36;21;7026145868;2495326152;30604934705
36;22;7055153628;4327357946;7513730726
36;23;7132193190;4388498748;52308599836
36;24;9140441478;4275551223;57359644383
36;25;7238985191;3855322743;26896893180


THREAD; REPETITION; AVERAGE; MIN; MAX (nanoseconds)
37;1;7262017818;4522694225;8961961437
37;2;7448892351;3253880451;34285228360
37;3;10828457722;4255268267;57982217572
37;4;11311948190;4142465313;58738671675
37;5;7182214932;3327270644;9085394792
37;6;6935868167;2536379903;8486230233
37;7;8609558221;3186197198;56918263843
37;8;7075253413;4598632647;23472264561
37;9;14137628606;2443467536;58988869814
37;10;20510081373;4440689738;57742515459
37;11;7185387224;3388672024;32597245251
37;12;7544113353;4992405180;27879045800
37;13;6829086119;3543110507;25666862618
37;14;7911406641;4382410893;58538064335
37;15;24720133010;4082860950;58464491158
37;16;6909354590;4257636655;19137618678
37;17;17425244969;4263465957;58785374398
37;18;6998808538;4092462660;25992028875
37;19;7739391042;4856851988;20698398610
37;20;7305093847;4499363537;9592644247
37;21;6984803650;4516106098;22443124545
37;22;7040585435;2471813596;8379278722
37;23;22467093129;4297989479;57772899559
37;24;8101657159;3198558895;58187954544
37;25;7321938579;3492873186;21004721759


THREAD; REPETITION; AVERAGE; MIN; MAX (nanoseconds)
38;1;7149726825;3075422714;23821661831
38;2;13442691325;3017822586;56431739649
38;3;7012469638;3842087402;16573899546
38;4;6787178726;4340882710;26207201614
38;5;7272908971;4660477519;7881050734
38;6;20740505005;4308423068;58347022527
38;7;12031996524;4210009372;58857967074
38;8;6628705655;4478186125;42902284090
38;9;6861435309;3952720597;58290099649
38;10;7466066378;4469078542;35628360309
38;11;6867327633;2854915220;7650474641
38;12;7053115916;3922759247;14923379508
38;13;6801989960;4556044414;24788531504
38;14;16389501417;4509072662;57554252775
38;15;19843700753;4041899040;58603796432
38;16;7078674448;4076795445;8630921528
38;17;6714905455;4089501319;20014974739
38;18;7776516239;4407898281;39867086668
38;19;6825808697;3187667217;14316861710
38;20;13231986283;2665207240;57356323639
38;21;17732939414;4435054944;57650638279
38;22;6766123853;4288116925;57934892493
38;23;6890252756;4266567609;13664091386
38;24;9643977935;2673685553;51935024702
38;25;7236257729;4471448117;56301641060


THREAD; REPETITION; AVERAGE; MIN; MAX (nanoseconds)
39;1;6993389282;2598494572;16695398368
39;2;7073473302;4611822871;26834034982
39;3;7526406510;3965016154;38177575153
39;4;7354038901;3660225322;11688483941
39;5;6970529069;4179069197;15316028713
39;6;7150378346;3913226193;33701402413
39;7;7064044140;4496728145;14522325253
39;8;7088562310;4685395280;30246174793
39;9;6930281236;4303090407;7411561595
39;10;6942710723;4588601414;24841956100
39;11;7110881729;3101225016;8739892570
39;12;7846383922;4459647455;25613875437
39;13;7947603702;2741050189;57537109325
39;14;10634542361;2955097365;52557614236
39;15;6849034631;4393377231;27339048469
39;16;7431399649;3671956422;35909091519
39;17;6839894111;3184590220;16976380937
39;18;6896958357;4269789526;7501803093
39;19;7341983345;4559101436;19421593946
39;20;12384024670;3894086050;57796297016
39;21;6827745328;3866479050;6939290119
39;22;7309991214;4320562949;21767588688
39;23;7080978842;4483684309;18985638188
39;24;7290619612;4512580090;7922075711
39;25;6901563153;4531276671;15878022346


THREAD; REPETITION; AVERAGE; MIN; MAX (nanoseconds)
40;1;7504291963;4667984967;11093010075
40;2;10771142601;4350570533;59002741480
40;3;7855631018;4563546694;37486675681
40;4;16788039580;4245419739;58336471185
40;5;13401371852;4346749098;58436565890
40;6;7270852594;4099152197;36810921989
40;7;7452419747;4850768184;13537969350
40;8;7178767234;3326595838;31796252108
40;9;7706924923;4195442856;33365994840
40;10;7292250369;2810063569;8520622943
40;11;6932874695;4523484758;7028535470
40;12;7177743334;3274900162;58512743379
40;13;7745184458;2559348884;56098670781
40;14;22365458046;2336576436;58160213379
40;15;7349035042;4484071649;10454719524
40;16;6977346580;2750522832;18378376442
40;17;6936498258;3017759589;7101401086
40;18;7228372510;4363435995;9222571515
40;19;7036975625;3380041877;29895964152
40;20;7273768119;4408611290;40175095857
40;21;7241146098;3410037100;20982804728
40;22;7613289050;4997862787;26641250704
40;23;6929102711;3289297802;17630905325
40;24;7456688569;3521039545;16223309666
40;25;7179965267;3906487067;35512436078


THREAD; REPETITION; AVERAGE; MIN; MAX (nanoseconds)
41;1;7284856777;4426688029;21259214788
41;2;6978927820;3327661686;24291781218
41;3;7406842968;4513958617;36531095223
41;4;10222880594;2605595893;57130818163
41;5;7653300726;3450637581;36887804036
41;6;7291169993;3970233787;33101152661
41;7;7292027405;4450319873;35237241534
41;8;9655007850;4345738146;57368887945
41;9;7788302926;3169169825;24029861337
41;10;7097452385;3369850288;16456694287
41;11;7788815948;3852383404;33418602015
41;12;7962467912;3422007476;36601047968
41;13;7158747934;4474752727;35699626279
41;14;7308595016;2846989561;9499922406
41;15;9704337640;3223199596;56727999508
41;16;12803410022;2792511199;57749793130
41;17;7518354985;3941612691;38668291361
41;18;7077026935;4358594109;35225441990
41;19;7798352540;4683790398;34482361026
41;20;7597268349;2988088151;12099445740
41;21;7486979423;4671642905;33234979167
41;22;14067499193;2423273768;55391240228
41;23;7357571618;3092411466;48897219549
41;24;7138543372;3410737887;29605463613
41;25;7152205543;3143496800;9832900271


THREAD; REPETITION; AVERAGE; MIN; MAX (nanoseconds)
42;1;6969935454;4536453027;21914183577
42;2;7373975215;3265150809;9490877682
42;3;7533064933;4741346596;41102122686
42;4;6733108274;2390963027;56096549632
42;5;7084026152;4508814039;25332325756
42;6;15019756783;4244467104;57873401857
42;7;7421373389;4512552014;38142215421
42;8;7186150321;2612716281;57917019901
42;9;7264957091;2929673953;33264566586
42;10;7597105677;4255764978;30544266241
42;11;7284089259;3320505469;26776986460
42;12;22686343815;3297500032;57910554205
42;13;7362303058;3794836495;28969372574
42;14;19508754364;3877802067;57933351725
42;15;7833909612;4609739995;38081553033
42;16;7115081521;3212665995;8614211792
42;17;7104571104;4462660548;10607989074
42;18;7232739998;2593836158;10752339543
42;19;7752540268;2916657703;38697952534
42;20;11931482599;3060069576;57904237829
42;21;6961919315;2986331713;18332269953
42;22;6967249767;3208645232;24593766526
42;23;6865599132;2934823002;21092243638
42;24;7895665461;4677969337;33376117356
42;25;7733647224;4562575481;28817472402


THREAD; REPETITION; AVERAGE; MIN; MAX (nanoseconds)
43;1;7774431533;4729839337;31887177072
43;2;7126672692;3052114445;14859672877
43;3;8515318640;3090029808;58990693300
43;4;18220740690;4364895399;58798793073
43;5;7168525083;3449393569;19190883897
43;6;7342696089;4073234448;34211204148
43;7;7060666080;3330028118;18342376405
43;8;7115003306;4457824178;18709009455
43;9;8110689100;3397446463;33182003649
43;10;7532211331;4774240651;34615716104
43;11;14501188638;3053639219;58427169585
43;12;8139483427;5022245215;24614070293
43;13;7116070196;2835385852;9644024450
43;14;12188149849;2711678789;58634604328
43;15;10017543800;2959244890;58879150074
43;16;6935151864;2528117191;57954744178
43;17;6953863015;4454830083;21492891904
43;18;7222656975;4494737041;37651248971
43;19;7362431384;3821354530;32168015418
43;20;20951464839;4317871126;58820832606
43;21;7423229535;4179784511;33702299803
43;22;7854250303;4389006773;38234669490
43;23;8221734198;5159287214;32794064818
43;24;11588048174;3182415712;58666839221
43;25;7060697936;4295440971;36080377813


THREAD; REPETITION; AVERAGE; MIN; MAX (nanoseconds)
44;1;6863012287;4280147267;22191013104
44;2;7153857590;3794178450;14929467432
44;3;7057950595;3681733851;56977023965
44;4;11449901969;2632684391;58257697766
44;5;10505171300;3132123147;54261298852
44;6;7949737796;4547483339;37893673148
44;7;7386685227;4404321778;26157574286
44;8;16308375242;4520043259;58500615162
44;9;7127802116;3370318923;19734254004
44;10;8045564278;3335345623;35601312108
44;11;7596016636;4793749345;34652984318
44;12;7651451269;2643763802;38362062566
44;13;6932752229;4287597865;30435144341
44;14;7353167729;2596724374;58678443280
44;15;6927234687;4434813083;12146538457
44;16;7635255283;3294053155;10210142421
44;17;7037368299;3360801932;10482280570
44;18;14812970241;3065143894;58882822747
44;19;6977001122;4458675334;57018978181
44;20;8057991456;4855297880;31239792837
44;21;6985879756;2585070239;24863985576
44;22;7077920114;3394774057;20526676784
44;23;7471856440;4272059019;29189552722
44;24;7322891609;2584127313;10210637315
44;25;7441090488;4739428196;8916332522


THREAD; REPETITION; AVERAGE; MIN; MAX (nanoseconds)
45;1;14082601471;3136602696;58626313959
45;2;21112796014;4191092024;52276244606
45;3;6921272445;2658947157;24998895529
45;4;11432493877;2733392163;57943940501
45;5;7454706739;3529651115;38222490638
45;6;7429445669;1608124147;36166743958
45;7;7011911091;4643456920;16640552990
45;8;7472324557;2548667288;48062590218
45;9;7484037499;4533010271;38005916534
45;10;7243251219;4573119209;24872178168
45;11;7339010130;4736041941;25192000450
45;12;6836088743;4029193375;11775219406
45;13;7691831828;4092434444;38323485666
45;14;7331898163;3448694178;37023223133
45;15;7057539670;4454923810;10587330024
45;16;7333843130;2975493114;10401000267
45;17;7402113840;4621158276;30141858741
45;18;7122939319;3490874259;28830073515
45;19;7501716536;2705204153;37862562281
45;20;7469182155;3051490482;10048764088
45;21;7161513301;4544158196;36431730779
45;22;7612965479;4626627826;32395231586
45;23;16787088040;2916761418;57564716536
45;24;7919241007;2668001030;36619673240
45;25;7963404501;4566755622;35496587694


THREAD; REPETITION; AVERAGE; MIN; MAX (nanoseconds)
46;1;11141535054;3116355221;58596645244
46;2;6676186528;2907279277;7297056260
46;3;7302764176;3564877519;17762162928
46;4;7304169617;3020361526;36095700920
46;5;8088362276;4629289407;16191216970
46;6;7480349948;4766563628;36951263988
46;7;7153382240;4527421502;39318808326
46;8;14882651009;2576140753;57131902309
46;9;7069414916;4543573206;39882812131
46;10;11565238642;3266401945;58738119021
46;11;10783339660;2959309912;58676962645
46;12;7383692824;3399367587;55101208045
46;13;9567514562;2855689830;54925332061
46;14;8717219327;4648479276;37224267749
46;15;7465060552;4614992199;35294161618
46;16;12519202201;3970335615;58975322352
46;17;22412066795;2463941437;57267408078
46;18;6986215467;3273400041;25267284250
46;19;12947817125;4031577687;58942077974
46;20;7168678618;3464719538;12113359030
46;21;7815038568;3505174681;34889670126
46;22;7789183877;4427763795;37872944397
46;23;7146512618;3397703688;37905991334
46;24;7787345392;3413370205;36887407687
46;25;7546155395;4355465010;32812237589


THREAD; REPETITION; AVERAGE; MIN; MAX (nanoseconds)
47;1;7551281075;3379166068;35802759708
47;2;7235997001;4442873675;38381232042
47;3;6881620429;2523166981;31610362909
47;4;8191883852;2788224621;56875397293
47;5;6964799662;4420283234;23013060529
47;6;7374883335;2927850328;32035288563
47;7;6886177126;2671022504;15052979219
47;8;7318482943;3328799261;11068728288
47;9;7444066343;4552623797;32752851899
47;10;7536633869;4649619295;34558560306
47;11;16992481439;4370662961;58894698628
47;12;7127482390;4381794614;36497366146
47;13;7429000203;4704546319;30993781053
47;14;7410199281;3210340421;33854165753
47;15;7914349155;4832398811;27687128741
47;16;7629991850;2757968052;32269424256
47;17;7171859265;3358246579;32549150171
47;18;7287829470;3259803760;8185099922
47;19;7186561744;3554608477;38192693834
47;20;6704880895;4389367434;22315080478
47;21;7060292046;2656214058;34234180322
47;22;7143394849;4625005483;36170736155
47;23;6666331364;2679326074;13417853317
47;24;23649842280;4298707797;57794230482
47;25;11457901102;2601523308;54877685153


THREAD; REPETITION; AVERAGE; MIN; MAX (nanoseconds)
48;1;7809689767;2869120098;37622647990
48;2;7482702402;3078078708;37964027271
48;3;7255465437;4482739706;9795264621
48;4;6967571962;4482404189;34558618413
48;5;7491787143;4795177390;34750919740
48;6;10792926064;4468736739;58987799567
48;7;6972265526;2562338929;57532645001
48;8;6968501338;3338635147;20401499631
48;9;14022138483;4475057235;50509210248
48;10;6752354193;4645457314;54919549482
48;11;6975746846;4506105245;7779557947
48;12;12546632996;4132162467;58271804726
48;13;7468423928;3304752001;34688851866
48;14;6750739553;3134544195;14448582920
48;15;7144903652;4508250699;14016881405
48;16;7218792552;4647763473;17780837020
48;17;14088939073;4312143652;58969317469
48;18;7166084781;4354389175;9624763413
48;19;7339132072;3347145098;35711945861
48;20;14557200231;2626651013;56023287527
48;21;7384286666;4830806430;16649663155
48;22;15627257251;4268013951;58885056341
48;23;7581756155;4168529310;35192686570
48;24;7026979850;4482498055;35627803813
48;25;7328248759;4635226055;57781670156


THREAD; REPETITION; AVERAGE; MIN; MAX (nanoseconds)
49;1;7262616421;4507233811;36605150515
49;2;7070867954;3226711845;9783132213
49;3;7511018157;4388424646;34942313687
49;4;7249658850;2626688937;35604322686
49;5;7057430197;2759558687;11927717978
49;6;7146456009;3998144457;37289113630
49;7;7326151489;2925686994;37716907735
49;8;7803207991;4491643211;37383745699
49;9;7253357839;3204171270;12334486785
49;10;7221654983;4682636481;9473074022
49;11;7078449172;4496216418;38656896617
49;12;7243233990;4500595886;31298973473
49;13;7171571109;4351981606;34488053300
49;14;7082751585;4528820213;35811137799
49;15;7112711312;4390015491;17990025268
49;16;10357904435;4418058440;58139692614
49;17;7494672747;4342898608;33315475151
49;18;6742613257;3250596584;9800111746
49;19;13226869329;3622585482;58820406993
49;20;7308816023;3114200687;58569213336
49;21;6602241272;3175075743;56802503461
49;22;7486057290;3231239585;11546548095
49;23;7466205361;4251413448;30271002599
49;24;7901702766;3399096464;37250456622
49;25;7685543283;3139126202;32521225393


THREAD; REPETITION; AVERAGE; MIN; MAX (nanoseconds)
50;1;6845517417;2660561119;55416464104
50;2;6929665808;2930713331;16655886083
50;3;7079819158;2978415344;30879468480
50;4;7652750368;5070680491;32215930656
50;5;6667182022;3298842799;52428885864
50;6;6803367282;3188634868;17503449600
50;7;7195870488;4603042845;37620745304
50;8;6933127990;4465947418;37440959884
50;9;7168497331;3203020006;30037296849
50;10;6578771983;2420433812;56521375901
50;11;6840796786;2996688755;33075268225
50;12;6920436505;2536727154;23105326166
50;13;6954405169;3327593731;35801673467
50;14;6667755628;4271194314;57801507524
50;15;6590228922;3139908633;20294778387
50;16;8951166937;2457779340;58761961018
50;17;6448838105;3136848049;22310380649
50;18;6816711214;3337761573;14328425610
50;19;6583315239;3219366428;21293425072
50;20;16050753012;3100808762;54746684844
50;21;6638878404;2604620489;11023586587
50;22;6823884367;3307444382;19240725847
50;23;6848350430;4287308164;17327684804
50;24;6785716826;3036709344;14603170654
50;25;16832555733;3958958610;58687876881


