THREAD; AVERAGE-REPETITIONS; MIN-REPETITIONS; MAX-REPETITIONS (nanoseconds)
1;28387571694;18393510591;36212226003
2;17287361208;2051703481;49795593261
3;8417978546;940172792;37075471533
4;1216301663;3791431;1995757840
5;941092095;2922502;1478265413
6;847706077;2740554;1255574610
7;793443474;2604895;1087309529
8;761845678;2561694;1029290482
9;680308373;2527600;968561032
10;673932134;2519471;973867994
11;714804353;2601741;954146825
12;677422498;2550813;968654225
13;688980944;2631150;1000267017
14;711543764;2717091;1013535334
15;689540644;2873686;976526262
16;707080938;3049010;1009155225
17;690538292;3139577;963510739
18;667684406;3156976;959252793
19;662321158;3258430;971672081
20;686613216;3372791;1051899216
21;704650243;3364645;1098569075
22;692952078;3809486;1088164805
23;666706473;3865969;1005983609
24;658624857;4137461;1000375483
25;673258964;4159324;1033457020
26;674285860;4336710;1060062278
27;688095310;4342817;1107675774
28;704883387;4639925;1073715734
29;665850575;4511654;1012368856
30;685488909;4697974;1069988255
31;697192062;4959202;1093960302
32;682328275;4990458;1054882765
33;682135621;5396233;1060402193
34;689379705;5133233;1059697028
35;707296834;5417392;1091737162
36;695351401;5069887;1070503854
37;678697220;5480936;1059441381
38;708965115;5755642;1117729884
39;689526782;5919241;1079118728
40;684564418;5663943;1063182412
41;666117577;5464334;1026188255
42;664727499;5001381;1066763535
43;683490214;6387272;1062580959
44;723826619;6091422;1144744524
45;727389084;5663753;1145896313
46;708698019;6799269;1089010810
47;671516102;5988750;1020356050
48;704925552;4986734;1097876777
49;717157926;6287690;1137087741
50;721905625;6490221;1135324813
THREAD; REPETITION; AVERAGE; MIN; MAX (nanoseconds)
1;1;53900063599;43282894125;59764581532
1;2;35012405188;25392183992;43418905266
1;3;29247080667;20879054321;33300222025
1;4;27205613757;20363433201;31976522016
1;5;28262423837;21103127563;33607111379
1;6;27721540995;20592672602;32790166069
1;7;28132238430;20024032803;31851385931
1;8;27879178416;20453897633;32506620255
1;9;25881172137;19364970827;30883602246
1;10;26821115925;20208340725;32284933211
1;11;26580479668;20142895815;31979870905
1;12;25962500016;19804592693;31250694502
1;13;26618401627;20213382776;32030859019
1;14;27535949539;20174652924;31752710191
1;15;25296434793;19245389568;30517744294
1;16;25328173179;19261667544;30440494882
1;17;25388397662;11394152120;30040419453
1;18;25558683944;5256427912;29139595954
1;19;26165357158;9711002655;43896602990
1;20;28594281413;11716606441;30558031398
1;21;28058194421;19594457466;29595332997
1;22;28515021786;16829921470;49509007080
1;23;27629640186;19624211596;48369293025
1;24;25877951912;12504411734;46166315971
1;25;26516992106;2699384279;47674627501


THREAD; REPETITION; AVERAGE; MIN; MAX (nanoseconds)
2;1;16954170332;2330543337;52982728811
2;2;16561610526;2376642492;53800035549
2;3;16410389214;3323676473;48621955724
2;4;15366827939;3262369658;52511256598
2;5;15015461781;2388233281;37293633478
2;6;17703122486;269389266;53925985914
2;7;17109359913;2294691853;51081077553
2;8;19715952160;2378059712;50829316296
2;9;20429154139;2921923806;52604469982
2;10;19297769924;1743171828;51708671912
2;11;16501763814;270372422;45101097765
2;12;15272081850;3287274360;40769433824
2;13;16032238488;2255632630;45025747197
2;14;15027574251;270524606;42276674270
2;15;17456422017;2243437434;47373428117
2;16;17969690050;3254007702;50384317560
2;17;17437321804;1751434051;51351092737
2;18;17037337970;1653410140;48578041902
2;19;17711816194;2303666737;51139296824
2;20;17006755562;2307323346;53810048274
2;21;17374335155;2339996773;53632380861
2;22;17654110887;2448880863;51786334646
2;23;17436870839;285603827;51734447884
2;24;17138805439;1561633741;53955374915
2;25;20563087466;1770686707;52612982935


THREAD; REPETITION; AVERAGE; MIN; MAX (nanoseconds)
3;1;8477978865;1360192356;35255789423
3;2;8150737486;1410291811;38442423269
3;3;8001009126;1312615639;31858053817
3;4;7937167080;1084256519;35737931567
3;5;8175009763;1247946387;39530724785
3;6;8436942310;173916099;41632222531
3;7;8368972153;1300079689;31600353676
3;8;8360025964;936293719;31099763028
3;9;8251111313;1375789591;31749963543
3;10;9956779113;1266836009;44616365418
3;11;8181801664;191433269;42895999352
3;12;7913771536;563358192;37225567495
3;13;9671358817;192605764;42014425506
3;14;7868178816;1226481997;34787927236
3;15;8091834577;1362063823;37698546673
3;16;10413645409;1255939372;43850378469
3;17;8962345695;1095567803;32329683172
3;18;7741619796;1130201674;43839723415
3;19;8654380119;193008399;36971880783
3;20;8628182703;1307806788;36448432902
3;21;8101880846;775263546;32448867873
3;22;7670327747;206465836;44266238446
3;23;8046588080;1236786868;37591764735
3;24;7847250652;207513804;32699423181
3;25;8540564040;1091604869;30294338037


THREAD; REPETITION; AVERAGE; MIN; MAX (nanoseconds)
4;1;1092274280;3632654;2014786446
4;2;1091135163;3696769;1886628469
4;3;1331462327;2886121;2068886758
4;4;1215906490;3861664;2073092670
4;5;1104788896;3110940;1917162027
4;6;1147173878;3285404;1908181697
4;7;1195559776;3455677;1956516261
4;8;1163515379;3291480;1906923436
4;9;1284026535;4769811;2051857778
4;10;1301674147;4246071;2064498002
4;11;1193264603;3550871;1951467225
4;12;1200673119;3779252;1942639218
4;13;1165016935;3339740;1982656944
4;14;1194740603;3412725;1942784209
4;15;1234021948;3427321;1986745871
4;16;1216711452;3846439;1956029467
4;17;1227382303;4871220;1953529569
4;18;1274196476;5133473;1982839928
4;19;1273341312;3962864;2110062661
4;20;1213611055;4164007;2006907163
4;21;1312002790;4566572;2058997722
4;22;1225259541;2884794;1971199901
4;23;1155380975;3263752;1991021903
4;24;1204303955;4019715;1987277433
4;25;1390117639;4326458;2221253260


THREAD; REPETITION; AVERAGE; MIN; MAX (nanoseconds)
5;1;940141604;2764178;1566312268
5;2;941235275;2781778;1511041487
5;3;954923176;3239657;1563051450
5;4;937415974;3224433;1509489824
5;5;936568161;2726534;1448419562
5;6;948257804;2725416;1492987307
5;7;932679892;2950166;1550604616
5;8;941472309;3144114;1411775938
5;9;942685318;2858604;1515991209
5;10;952154695;2487956;1555566419
5;11;927774778;3190559;1532294049
5;12;906370504;2785060;1399565866
5;13;939822587;3266966;1458079099
5;14;943459069;3340997;1567236409
5;15;961354667;2893175;1426429546
5;16;964507662;2964203;1521481012
5;17;933096918;3110451;1411802897
5;18;949621037;2618280;1463530631
5;19;929303347;3000172;1409941697
5;20;944682211;2624146;1442423827
5;21;938514839;2769276;1411536313
5;22;943643152;2767321;1485368532
5;23;911731634;2846940;1396151536
5;24;951040769;3203968;1419151037
5;25;954845008;2778216;1486402811


THREAD; REPETITION; AVERAGE; MIN; MAX (nanoseconds)
6;1;892423799;2715639;1130733585
6;2;831491039;2776261;1303436331
6;3;881973006;2789112;1321512790
6;4;890842469;2751328;1303719257
6;5;831702689;2885562;1353845880
6;6;854378114;2457296;1310400275
6;7;862662292;2706000;1300498876
6;8;879755325;2912521;1307436350
6;9;873835136;2752235;1140496139
6;10;883755512;2829200;1306976096
6;11;875032652;3035372;1392731339
6;12;858261464;2706279;1307140293
6;13;851896199;2629314;1208965664
6;14;825740357;2768927;1373656917
6;15;828458902;2516241;1101615219
6;16;817573081;2690565;1104232521
6;17;822890184;2856089;1100850877
6;18;843249509;2808457;1226384359
6;19;846777869;2618001;1181903146
6;20;818697150;2761245;1117041831
6;21;800597384;2489632;1107897023
6;22;799049966;2936477;1322426872
6;23;824545669;2661302;1449107219
6;24;833742410;2696641;1304726578
6;25;863319765;2764178;1311629830


THREAD; REPETITION; AVERAGE; MIN; MAX (nanoseconds)
7;1;838218525;2796096;1011244097
7;2;860604759;2592439;1001178572
7;3;804404159;2683023;995865256
7;4;810386876;2604102;1265586199
7;5;786483669;2804895;1281875140
7;6;754128987;2718991;1007819290
7;7;779579696;2811112;1260271557
7;8;776209729;2427892;977882525
7;9;791820713;2526438;1088569637
7;10;799916068;2811740;1097328222
7;11;753777235;2293308;984684506
7;12;757972949;2388782;986127288
7;13;815980801;2549905;1091138399
7;14;794768965;2635879;1007646643
7;15;794804285;2711378;981964119
7;16;778480680;2609200;994870228
7;17;782496934;2654247;1101604254
7;18;872838110;2388990;1004877575
7;19;760269510;2632457;1115955240
7;20;860771811;2792743;1273013539
7;21;771807458;2639791;1269264669
7;22;769054465;2425518;1091921949
7;23;779877335;2459461;1100526184
7;24;772608822;2604172;1089184869
7;25;768824315;2559822;1102338286


THREAD; REPETITION; AVERAGE; MIN; MAX (nanoseconds)
8;1;740972215;2581403;969537399
8;2;788008091;2605778;980733446
8;3;750501919;2534889;963594395
8;4;757318608;2539708;1031603947
8;5;756177310;2363010;980208518
8;6;713952412;2498851;997686787
8;7;724872341;2806711;980552975
8;8;769204768;2748953;1080433757
8;9;783520195;2314750;1084059986
8;10;766482743;2546344;1103688458
8;11;781612174;2525041;1101611937
8;12;742076388;2590832;1095896196
8;13;776975164;2377676;1097172267
8;14;781750948;2706420;991556399
8;15;781285350;2510864;967885723
8;16;776403959;2655365;1113759430
8;17;766549680;2607874;1089968139
8;18;789343237;2504299;1071118117
8;19;752728226;2603683;988451395
8;20;771708262;2639930;985850576
8;21;774080288;2527906;1103617569
8;22;766332884;2787156;991901275
8;23;785380073;2632737;1003071829
8;24;755584798;2337727;971451609
8;25;693319939;2494452;986849934


THREAD; REPETITION; AVERAGE; MIN; MAX (nanoseconds)
9;1;666795135;2539499;978653222
9;2;700441463;2339264;963050820
9;3;656108403;2468330;912627094
9;4;677827709;2408057;961838027
9;5;688299378;2832483;960308223
9;6;702119780;2584686;950454527
9;7;681214519;2510724;955500560
9;8;719902592;2553258;968431183
9;9;692260357;2330603;993712190
9;10;681269869;2402191;997852730
9;11;667510709;2650896;1240648044
9;12;655125887;2567575;890372171
9;13;677807729;2577771;943044438
9;14;670029972;2402121;937974240
9;15;685178063;2748534;963885424
9;16;675682009;2542432;949616781
9;17;668485134;2690495;915113094
9;18;681072593;2518547;946921257
9;19;691840265;2616394;953176591
9;20;663032144;2298546;980229959
9;21;662912735;2268165;953202572
9;22;681837658;2564432;952878020
9;23;687810852;2650965;1004511537
9;24;683646658;2538381;943936589
9;25;689497720;2585664;996086513


THREAD; REPETITION; AVERAGE; MIN; MAX (nanoseconds)
10;1;655301992;2511981;972675647
10;2;660868445;2573861;953856845
10;3;673193339;2475105;953645156
10;4;673544444;2401283;1109518109
10;5;650338865;2602915;956583588
10;6;666732273;2526299;1133627737
10;7;653369944;2565340;918492923
10;8;653524914;2511492;929536854
10;9;658373169;2444375;952502413
10;10;660148254;2681486;929807699
10;11;653243123;2507931;934497960
10;12;667537934;2270331;949395734
10;13;677167900;2520083;938512856
10;14;664862865;2688191;941856716
10;15;667920112;2332489;947666044
10;16;656940948;2562546;938429116
10;17;643171764;2530768;884663833
10;18;663073974;2691404;956148198
10;19;681996565;2672057;995212451
10;20;667957532;2327950;966843412
10;21;698701904;2548020;1126374511
10;22;741329166;2405753;1092977180
10;23;736393154;2352114;964793571
10;24;723367082;2741550;966389793
10;25;699243706;2541454;932691516


THREAD; REPETITION; AVERAGE; MIN; MAX (nanoseconds)
11;1;746715359;2787925;939932100
11;2;742706411;2489772;950063835
11;3;725969066;2688819;982236569
11;4;709419600;2599492;940605231
11;5;709551311;2438299;974699857
11;6;760694288;2752305;954770439
11;7;755967616;2961829;968895069
11;8;764799695;2817537;958428026
11;9;746788511;2648591;938157923
11;10;661981766;2522667;972747444
11;11;656834433;2526089;923274816
11;12;725146942;2526648;955682286
11;13;667308179;2614020;941914615
11;14;675653939;2178070;933026125
11;15;736741874;2664166;935640843
11;16;713164106;2639232;948869759
11;17;686133948;2347993;948941835
11;18;697563035;2671848;962235214
11;19;694565378;2657670;919076727
11;20;701332980;2532026;911558661
11;21;719229488;2542362;992674907
11;22;729901659;2580915;979507242
11;23;725805352;2719409;977651140
11;24;725960174;2643771;976851597
11;25;690173738;2492077;966228389


THREAD; REPETITION; AVERAGE; MIN; MAX (nanoseconds)
12;1;628010618;2667657;919108224
12;2;659688647;2794070;964926129
12;3;676600790;2605848;954188870
12;4;628460132;2392483;954718127
12;5;682620548;2704813;924793165
12;6;727823396;2695734;966222034
12;7;662732756;2407988;922855070
12;8;693907970;2747137;920990308
12;9;689111738;2512679;898148368
12;10;702091463;2602636;943193479
12;11;694765212;2433340;946382990
12;12;680365395;2654178;973041476
12;13;674070224;2380819;977570823
12;14;691713185;2533213;990110894
12;15;677025954;2385568;1116471297
12;16;691127305;2553606;964838478
12;17;682261518;2615346;929171166
12;18;658927616;2581403;1098866406
12;19;688398704;2448636;962085335
12;20;678516693;2561709;947179669
12;21;681028639;2574769;935591884
12;22;653738739;2633296;942482425
12;23;670997047;2539150;1125740911
12;24;678598838;2343874;954633620
12;25;682979331;2400375;983044493


THREAD; REPETITION; AVERAGE; MIN; MAX (nanoseconds)
13;1;711572680;2509327;952289956
13;2;712004273;2785131;988516697
13;3;669122629;2791626;940787447
13;4;640316517;2667867;940877542
13;5;630110708;2714241;951720959
13;6;651965326;2496546;946053968
13;7;624727065;2747836;904437855
13;8;677678578;2332629;958663182
13;9;660023793;2672267;938120976
13;10;665362176;2596769;946040977
13;11;678695240;2581404;954004909
13;12;684477877;2878439;968853793
13;13;688111742;2652083;1125273883
13;14;653201039;2717874;956911912
13;15;690792474;2596769;950421422
13;16;727677602;2510095;991476640
13;17;712598958;2621283;1227357876
13;18;738441677;2639721;986643065
13;19;706429342;2758241;1147316209
13;20;713249608;2490330;965658484
13;21;710197246;2709492;1208820255
13;22;721545972;2760128;994107212
13;23;737958534;2666959;992262214
13;24;719604087;2382914;1093326107
13;25;698658458;2498781;976731889


THREAD; REPETITION; AVERAGE; MIN; MAX (nanoseconds)
14;1;731230274;2990324;977785794
14;2;731822931;2512052;1152802032
14;3;672452821;2734984;941517148
14;4;737033776;2675620;952222978
14;5;721279841;2755029;973745196
14;6;736639656;2849525;942625669
14;7;735981736;2843588;1132498474
14;8;737244737;2996959;1158825633
14;9;738824660;2799239;946138965
14;10;695619697;2398838;987638164
14;11;716087058;2793861;979439425
14;12;695002453;2927816;930956658
14;13;716883578;2596838;1183138989
14;14;734276973;2633086;969053888
14;15;718364780;2680160;1110377646
14;16;707030814;2779613;1105986585
14;17;739156189;2290724;1127602181
14;18;713889930;2612693;975058283
14;19;724171611;2830877;973479940
14;20;710906214;2741759;974092587
14;21;636043621;2520362;849668394
14;22;656910495;2787645;957744420
14;23;702991948;2421467;1096234438
14;24;688257095;2907074;953092083
14;25;690491220;2847149;986657802


THREAD; REPETITION; AVERAGE; MIN; MAX (nanoseconds)
15;1;678019026;2602635;966972618
15;2;723709475;2860559;958285411
15;3;671948790;2980825;940478748
15;4;672677314;2661511;946464844
15;5;672065460;2524902;961198840
15;6;680266370;2763759;1165532700
15;7;722234000;2768718;966571449
15;8;679501137;2775911;953098578
15;9;699004607;2891918;916873862
15;10;689815799;2485582;1124107394
15;11;791985675;2844496;960329944
15;12;654098304;2918178;938086963
15;13;655395672;3055207;904328204
15;14;665948339;3378782;905562927
15;15;733807423;3239728;953018889
15;16;666069181;2794490;919031749
15;17;711242028;3112127;987964532
15;18;675717387;2834578;928493565
15;19;707877978;3293086;952609409
15;20;665120753;3036978;996692736
15;21;681883694;3158083;934284106
15;22;685643474;2605918;942699910
15;23;681653264;2598584;1216509919
15;24;678371981;2814813;992969288
15;25;694458983;2840794;980989972


THREAD; REPETITION; AVERAGE; MIN; MAX (nanoseconds)
16;1;656327623;2675409;976332397
16;2;696489029;3295741;978680322
16;3;694013391;2873968;1092506170
16;4;645600217;2775213;937278970
16;5;643372592;3274998;995659714
16;6;744419571;3042495;972163501
16;7;652338042;3223315;1117589038
16;8;756983609;3008693;988319046
16;9;731654784;2757124;964793850
16;10;793565616;3082096;1166437494
16;11;660802344;3252858;883492176
16;12;750447990;3165975;1215576561
16;13;677476940;2946464;963011779
16;14;704654670;2929632;970598917
16;15;681795461;3102140;951792267
16;16;702316633;2917340;1104588013
16;17;679012778;3137689;952297080
16;18;761635706;3199778;1205234184
16;19;740201753;3308452;985242049
16;20;778735137;3334991;996906311
16;21;702148173;3053391;963559405
16;22;732711288;3214096;961450408
16;23;649349129;3001918;942364882
16;24;750548630;3090058;960263525
16;25;690422356;2561429;982742569


THREAD; REPETITION; AVERAGE; MIN; MAX (nanoseconds)
17;1;697135367;3301048;957333404
17;2;665588094;3240915;973388517
17;3;725776221;3500934;968716554
17;4;645690949;2942204;949193403
17;5;655022696;3299861;924112213
17;6;766597796;3622318;996935156
17;7;770535062;3460565;970550936
17;8;645403599;2761594;925143978
17;9;643414999;3006178;1001469181
17;10;680075965;3277372;987670989
17;11;665234374;3059746;915316332
17;12;681588675;2717035;930312302
17;13;777030587;3430045;991056545
17;14;719163666;3319556;955044007
17;15;650912847;3112127;952219905
17;16;703279630;3169746;980352181
17;17;657582738;3172191;980054937
17;18;713150804;2906235;1103215911
17;19;678655485;2983340;943248024
17;20;644909458;3106051;926374372
17;21;727839204;2840794;960607633
17;22;709838778;3061423;955896001
17;23;695257044;3380527;954013429
17;24;734314316;3057860;970218421
17;25;609458959;2759778;915324154


THREAD; REPETITION; AVERAGE; MIN; MAX (nanoseconds)
18;1;672701668;3297277;940012627
18;2;678268714;3444572;951216286
18;3;650229558;2973982;910072928
18;4;645711045;3086216;959340712
18;5;687973083;2997937;1155409207
18;6;660311956;2859302;966775176
18;7;688461071;3488852;968419939
18;8;652554660;3201734;944616005
18;9;679075015;3386603;967608592
18;10;649827778;2655086;973378739
18;11;685174840;3281492;988636265
18;12;680925594;3480540;979649229
18;13;692114476;3283867;933911363
18;14;646496061;3425715;943363263
18;15;689465371;3118134;995424838
18;16;723441356;2661651;976063508
18;17;660373160;2842470;991296170
18;18;641817405;2880325;904474940
18;19;682629972;3473556;930186099
18;20;650092411;2924255;962442294
18;21;698529436;3155638;955628858
18;22;628382579;3301327;923969597
18;23;679149819;3108844;934999281
18;24;635128232;3252299;937062392
18;25;633274893;3342744;887361522


THREAD; REPETITION; AVERAGE; MIN; MAX (nanoseconds)
19;1;650145197;3167023;937027541
19;2;651548927;3352940;945599371
19;3;642019896;3485709;995229841
19;4;629891709;3203480;957426223
19;5;664520121;3192026;963655646
19;6;652688198;3640616;952194972
19;7;681278443;2888845;980256849
19;8;666262808;3166115;966994129
19;9;635200696;3002896;972019349
19;10;654297073;3448274;935010595
19;11;640725695;3147467;941235059
19;12;655426698;2988089;945926787
19;13;655285693;3238470;965777354
19;14;668199028;3119600;971669305
19;15;660965751;3223454;992809631
19;16;687488391;3376198;932325338
19;17;705596171;2987740;973021222
19;18;699236777;3347353;1120294130
19;19;683655590;3528521;990705872
19;20;665401827;3229181;979411768
19;21;664369245;3216610;957029035
19;22;680269158;3364534;944239142
19;23;641311995;3246432;943823028
19;24;647928950;3467479;884535045
19;25;674314937;3431721;1143584799


THREAD; REPETITION; AVERAGE; MIN; MAX (nanoseconds)
20;1;633136499;3519511;968824041
20;2;731508609;3585162;986525452
20;3;655873241;3402248;967275240
20;4;670103780;3374032;983051547
20;5;685813741;3875772;981434442
20;6;676690820;3432350;971384632
20;7;686764110;3529848;1161028776
20;8;678151717;3353638;964961538
20;9;673227228;3440102;959995335
20;10;678957596;2980826;1205416889
20;11;634790342;3267175;928220905
20;12;637332953;3423969;1182754093
20;13;657690105;3593753;1218345627
20;14;725298370;3337924;1332878131
20;15;693231764;3755994;964285405
20;16;710079768;3138388;997323682
20;17;669575210;3058768;960561398
20;18;749147186;3370819;983435814
20;19;681981503;3613168;986506525
20;20;697305592;3094667;1183433998
20;21;683373826;3080000;969703133
20;22;718629267;3447226;1166373240
20;23;701241584;2914547;977376804
20;24;709471261;3462730;1134952068
20;25;725954333;3267175;1161431690


THREAD; REPETITION; AVERAGE; MIN; MAX (nanoseconds)
21;1;661576007;3729734;933046169
21;2;721371867;3645994;1120747260
21;3;721857643;2720178;1184620880
21;4;688091592;3530058;984237382
21;5;727756620;3463918;1162276421
21;6;708112832;3345048;965961456
21;7;717923923;3366978;1123220758
21;8;674278696;3557575;1000785086
21;9;712825722;2677156;1203275137
21;10;668463055;3878706;982181884
21;11;713127358;3271505;1184217407
21;12;687899893;3406648;1161781106
21;13;733455013;3541232;967415970
21;14;677873301;3529568;1181389185
21;15;689294869;3367397;1165036408
21;16;665055020;3433886;964062262
21;17;711523857;2822495;1218855399
21;18;726939595;3485988;1158160395
21;19;724791684;3618826;1091081967
21;20;673791746;3684616;977203108
21;21;692436857;3313409;982923737
21;22;744712853;3152287;1150463327
21;23;722086029;3249226;1241034475
21;24;702289237;3468179;1186885694
21;25;748720825;2855530;1173364003


THREAD; REPETITION; AVERAGE; MIN; MAX (nanoseconds)
22;1;717040553;4023766;1187588296
22;2;728961363;3306705;990086729
22;3;719495539;3433817;1279348283
22;4;744835769;3828908;1241877460
22;5;687688849;3133220;1146027847
22;6;706614458;3997575;1196981529
22;7;728849967;3584743;1198710800
22;8;718810762;4386102;1107007734
22;9;659869994;3857473;1115824008
22;10;715099498;3392540;938588563
22;11;620969754;4041645;1146061021
22;12;678221929;3711086;978650359
22;13;657349932;2901347;939797377
22;14;651512700;3989473;1187249916
22;15;689567854;4619652;1192351542
22;16;679752029;2975168;1184934677
22;17;650780297;3464826;990414355
22;18;691829600;3542140;995811758
22;19;681764715;4548483;938373872
22;20;746475245;4358724;1117394110
22;21;673775259;4115607;981245102
22;22;638855204;3974527;958505900
22;23;686508529;4357886;1115419278
22;24;751634656;4123429;1105362832
22;25;697537503;3568330;970506797


THREAD; REPETITION; AVERAGE; MIN; MAX (nanoseconds)
23;1;687738480;4328134;960087735
23;2;655276270;3080070;999081797
23;3;674837192;3143905;972238999
23;4;701561112;4214013;981697116
23;5;676657438;4009029;1149536533
23;6;709017362;3503727;1013873271
23;7;708268487;4029492;1010588496
23;8;721582725;2810483;1125745870
23;9;667254935;4540381;966716091
23;10;634160335;4193410;1158558211
23;11;688706751;4212686;998030965
23;12;650404424;3994153;982094302
23;13;629257337;3444991;909422636
23;14;658268559;3597873;1148897556
23;15;668464450;3467759;989063554
23;16;662546189;4733633;993734260
23;17;646882860;4221067;930518194
23;18;654706853;4452661;979259934
23;19;668829569;3795245;973306384
23;20;641683499;3471042;1000900393
23;21;633944599;4230845;992131682
23;22;661769156;3771220;963346738
23;23;635840981;3668274;994406971
23;24;671300230;3962795;991933542
23;25;658702044;3772337;964419012


THREAD; REPETITION; AVERAGE; MIN; MAX (nanoseconds)
24;1;653363768;2823892;925461476
24;2;642698687;4269677;1140344723
24;3;675988380;3907829;1110400833
24;4;635913695;3998553;964487455
24;5;646552564;3978160;960441760
24;6;703420674;3772616;984265110
24;7;730011702;4107226;993994139
24;8;629587228;4117702;923793946
24;9;668362106;3662477;1180598931
24;10;664121445;4403004;1180363426
24;11;659028189;4622794;967319031
24;12;669109320;4520407;969489838
24;13;661210139;4547994;989872665
24;14;685813557;4180070;976520619
24;15;657114324;4237061;987088443
24;16;623179296;4625797;824546835
24;17;644441860;3886597;986042570
24;18;652357376;4264229;971701711
24;19;644642746;4400699;988299980
24;20;685318671;4092350;993578932
24;21;616408872;4653944;985335357
24;22;682928341;4350483;1121390428
24;23;660510058;4528928;975071832
24;24;635491325;3962445;946726749
24;25;638047121;3521607;962250300


THREAD; REPETITION; AVERAGE; MIN; MAX (nanoseconds)
25;1;657800438;4430801;979717395
25;2;679491815;4188312;994269802
25;3;611317494;4641791;959446242
25;4;638610227;4796560;982231960
25;5;666856728;3745587;988174266
25;6;668899090;4258642;1202319499
25;7;685904853;4482413;975013863
25;8;617648447;4265626;978242905
25;9;623681189;3902311;975464270
25;10;662429826;3640407;983565788
25;11;654999840;3459937;992378641
25;12;676318722;4142426;998724140
25;13;662690754;4357398;965304040
25;14;705331184;4199905;1183536246
25;15;715593356;4014896;974677857
25;16;707177111;4436527;1254384426
25;17;718831577;4331346;1007548026
25;18;711538955;3852515;1122297457
25;19;706933222;4197321;994918348
25;20;708621197;3930528;1279494600
25;21;716738203;4383448;993470678
25;22;669358019;3471461;988360113
25;23;638156301;4500712;976148086
25;24;628725097;4512864;971578929
25;25;697820462;3839384;1115157932


THREAD; REPETITION; AVERAGE; MIN; MAX (nanoseconds)
26;1;664372652;4760591;1184491674
26;2;635222761;5034787;913589856
26;3;672578770;4524109;1116464732
26;4;654740405;5113429;988869465
26;5;718344038;4800890;1118380129
26;6;715318842;4517963;1221684320
26;7;720225879;4261436;982863395
26;8;690785948;3509524;991728418
26;9;642031015;4108902;978178861
26;10;672334215;4404610;1194459771
26;11;652797145;4420325;1110203601
26;12;665719275;4597302;966311919
26;13;674066775;4527461;982744664
26;14;668808959;4307112;999641016
26;15;699852514;4451194;1116225806
26;16;657904340;2733657;978331673
26;17;648820166;4590109;975901267
26;18;681793332;3446318;962786331
26;19;678917509;4595905;1146222076
26;20;618071430;4603658;941649288
26;21;669245140;4485276;1117118866
26;22;661080569;4489956;1106316585
26;23;725434526;4098985;1116095132
26;24;694783993;3577619;1191252450
26;25;673896313;4456641;1100045676


THREAD; REPETITION; AVERAGE; MIN; MAX (nanoseconds)
27;1;683743828;3587956;1153655143
27;2;669918242;3636356;1192829675
27;3;694926708;4263321;971042618
27;4;671025441;4352229;1310197735
27;5;688922426;4488908;1191343662
27;6;676618984;4717708;988029274
27;7;666632124;4580470;1150980711
27;8;676127863;4811715;1169362796
27;9;646364419;2936895;942872837
27;10;691938712;4282039;982682855
27;11;680595585;4724623;1201207206
27;12;662816792;4584871;989636881
27;13;693725182;4326667;1150230406
27;14;674218286;4669029;1167324968
27;15;669121900;4756540;1220239584
27;16;728786110;3489270;1238179434
27;17;681881179;4216876;981792099
27;18;737795247;3276534;1181248874
27;19;679819913;4486464;989698062
27;20;711609719;4474242;986900500
27;21;727076091;4393016;1130414410
27;22;666646302;5494553;995206444
27;23;703034838;4934427;1014441850
27;24;713462152;4447353;1175083007
27;25;705574722;4638369;1217293329


THREAD; REPETITION; AVERAGE; MIN; MAX (nanoseconds)
28;1;710601056;4782870;1150259949
28;2;673719443;4942318;1008535232
28;3;715812769;3799855;1129850093
28;4;718525376;5002871;968994454
28;5;708193327;4640394;1166784954
28;6;690056528;5056579;1127260169
28;7;735112070;4925976;1123555787
28;8;717126535;4735029;1002752725
28;9;716705406;4650940;987497293
28;10;747025139;4829804;1145814622
28;11;672600643;4794604;968174237
28;12;729061837;3745378;1205259956
28;13;749107060;4404471;1236627910
28;14;738066621;4919690;1172134447
28;15;751900963;4895246;1190492227
28;16;694037516;4601004;941858253
28;17;698608067;4746762;1164151310
28;18;719515437;3078464;971274702
28;19;669180722;5330636;1179914556
28;20;677653179;2989207;996255739
28;21;698408529;5480236;982446651
28;22;665248607;5434979;957668224
28;23;663641249;4890565;967041132
28;24;669057414;4540452;985533147
28;25;693119191;4779797;1112755601


THREAD; REPETITION; AVERAGE; MIN; MAX (nanoseconds)
29;1;680492781;4303759;976547298
29;2;659631319;5564534;944807161
29;3;666812267;5652814;980442417
29;4;654479088;3900985;983308144
29;5;719219438;5291874;1121956701
29;6;729724698;4761639;1006252331
29;7;675153682;4602261;958745525
29;8;614287537;3011416;906145963
29;9;657362005;4304248;997719333
29;10;670875808;5160502;998746279
29;11;675193663;2918528;987994284
29;12;627980601;5581296;893832387
29;13;632516181;4794464;980208029
29;14;658514087;5053365;1185275992
29;15;686595793;3894140;1213137633
29;16;647554758;5287613;985821732
29;17;638977118;4657924;950415695
29;18;652468268;4594788;917691564
29;19;664346308;4858788;962083449
29;20;632466365;4504064;1152465956
29;21;645820034;5109449;984234030
29;22;673045065;3442128;989838303
29;23;652487580;4111905;957465194
29;24;685631833;3281772;1113887030
29;25;744628101;4147105;1160198991


THREAD; REPETITION; AVERAGE; MIN; MAX (nanoseconds)
30;1;636378962;4912076;934785636
30;2;634936775;5294178;1008231214
30;3;648433459;4904953;1106387892
30;4;622492357;4142426;955647366
30;5;710466801;5265683;1200928330
30;6;718347487;5632420;998559733
30;7;701153571;4946788;1210574389
30;8;707773021;4388966;998485492
30;9;725063596;3785118;1139581218
30;10;696034163;3753480;961171462
30;11;699546246;5605182;984878316
30;12;702336556;5314642;1198883587
30;13;719224165;4946578;1243404539
30;14;721165171;3459797;1119102148
30;15;708305066;5446083;1163213271
30;16;675526034;3430534;980108087
30;17;697766143;3889391;994285447
30;18;706218562;5200311;1212965684
30;19;691976453;5056229;1112188630
30;20;689305115;4661416;981591166
30;21;690475740;5073620;1092958882
30;22;681900420;4789226;1146943816
30;23;659710832;2887239;968360504
30;24;637676787;5867576;916160154
30;25;655009255;4795442;1120309424


THREAD; REPETITION; AVERAGE; MIN; MAX (nanoseconds)
31;1;693125472;5846972;1014708294
31;2;736753257;2904838;995494888
31;3;724625907;4853480;1160914726
31;4;738799444;4941480;1394999364
31;5;720687944;5303467;1148440234
31;6;697453144;5413538;1010564192
31;7;725865113;5457328;989371764
31;8;683800353;5135289;977265686
31;9;709327060;5501118;997039777
31;10;708095436;5498814;1111577100
31;11;706017496;5236769;1191524481
31;12;675818221;5169093;989852970
31;13;642362869;4750953;978268886
31;14;663858766;4545759;970408390
31;15;666565673;4851384;979323978
31;16;654972941;5340692;965381424
31;17;704382601;5576896;995385517
31;18;699525651;5726706;1092716603
31;19;683340606;3061563;1239835720
31;20;724858800;5677538;1112226134
31;21;699505471;5429740;1195947530
31;22;692107008;4401886;1713640212
31;23;695789772;4629709;1009524395
31;24;673713425;3345886;974689521
31;25;708449126;5379175;1139905770


THREAD; REPETITION; AVERAGE; MIN; MAX (nanoseconds)
32;1;731300799;5862058;1173601463
32;2;709743014;6181092;1151257492
32;3;679701531;5287683;1149800393
32;4;671127253;4918293;969719545
32;5;675174845;5012509;1175303216
32;6;641278439;6047137;972170834
32;7;670463608;5479886;973334809
32;8;683518837;2677854;1225755229
32;9;689546407;4878972;1162846465
32;10;647498940;2531048;1174133305
32;11;722391861;3709760;982830150
32;12;659499197;5603506;981239306
32;13;674369582;5332103;1008977189
32;14;689259502;2940458;1013498433
32;15;662075771;5634026;1126698296
32;16;707097432;5616217;1130432289
32;17;643695504;5655816;936186443
32;18;672128988;3659753;1003751594
32;19;692432490;5843201;969972441
32;20;682818391;5701492;970607787
32;21;658937317;4325061;1210395455
32;22;712344237;5165461;997807892
32;23;723089995;5479677;987992120
32;24;688611144;5942725;973164466
32;25;670101792;5275670;950592534


THREAD; REPETITION; AVERAGE; MIN; MAX (nanoseconds)
33;1;689949496;5255486;988114900
33;2;641990791;5951455;974635743
33;3;674930719;5543233;1100917086
33;4;683704874;6067671;1154183492
33;5;667484213;5617683;956059010
33;6;699290882;3961537;1135414627
33;7;676327007;6658667;953996597
33;8;692240412;5932249;1121954886
33;9;661898722;5931759;1153422293
33;10;681167188;5376382;989846545
33;11;684241732;5461099;984721731
33;12;696095483;5480725;976645635
33;13;700339283;5288242;984929440
33;14;680787639;6312394;1213011011
33;15;665463995;5653162;994032342
33;16;671768979;5981557;999756254
33;17;662022563;5980858;982181115
33;18;729725477;4013150;997751949
33;19;672844866;2645378;966970453
33;20;708005699;4250820;1164109894
33;21;680918370;5777271;972228663
33;22;668623743;5648414;1271583818
33;23;662296847;3754039;1105212953
33;24;701142803;6617461;1169262993
33;25;700128749;5745143;1199111409


THREAD; REPETITION; AVERAGE; MIN; MAX (nanoseconds)
34;1;700038642;5892718;970832326
34;2;717639754;6140795;997190494
34;3;683000948;6208331;1182996512
34;4;668541054;6132344;996862380
34;5;677468091;5738299;963293170
34;6;707341821;5674883;1144726634
34;7;666618537;5160921;982258290
34;8;696887078;5691156;985329770
34;9;677666302;3134127;980808036
34;10;701563416;2958686;1170868993
34;11;727393374;6217271;1172946003
34;12;674568973;3364394;995299123
34;13;692452510;5093385;1012731576
34;14;696914302;5926382;965188592
34;15;686875861;3701518;996978247
34;16;726175504;5417378;1232888747
34;17;696147095;6062502;1118189951
34;18;688761425;5935042;1104204515
34;19;675708058;5800947;1227143952
34;20;642218407;5436306;953582857
34;21;691485917;6253099;1114749919
34;22;685974469;3671486;1088432538
34;23;677634322;3612750;1147869981
34;24;670297021;4190826;978188569
34;25;705119758;4915290;1008864534


THREAD; REPETITION; AVERAGE; MIN; MAX (nanoseconds)
35;1;684594160;5244032;1149516419
35;2;729657044;6409334;1171206117
35;3;705847523;4361727;992341415
35;4;707903338;6129899;1122477018
35;5;719432282;6929093;1108763893
35;6;684039860;6373087;1135012760
35;7;682187290;5640103;984319795
35;8;683531227;5308775;976075451
35;9;696689390;5420871;1007855189
35;10;709817437;5787886;1183162106
35;11;717240553;6629124;1144081859
35;12;739627470;3931575;1139299128
35;13;704929279;5992661;1178192409
35;14;712148844;6142192;996050685
35;15;701042453;6224883;999892585
35;16;697967081;3586769;986773459
35;17;710018614;5796617;1225276117
35;18;739699325;5187461;1180143147
35;19;705994161;2752305;1003732039
35;20;705483483;6327411;1199557905
35;21;725228398;3799575;1156860648
35;22;691609145;5537435;971503012
35;23;683915660;6287182;980497800
35;24;728379530;6316376;1132510487
35;25;715437304;3318438;1168327608


THREAD; REPETITION; AVERAGE; MIN; MAX (nanoseconds)
36;1;718407635;3475022;1207427690
36;2;704455744;3332058;974347787
36;3;724731885;6104966;988936793
36;4;701761522;4155835;1244783904
36;5;716164719;6112020;1001392496
36;6;680068422;5819524;984824189
36;7;681174362;6331042;994083536
36;8;671814403;5161620;1172753660
36;9;663872363;6236128;1179620803
36;10;673634837;4567549;937459090
36;11;663726263;3848883;977986448
36;12;674960625;5642617;962630446
36;13;708747510;3896096;1174390321
36;14;731390071;4530534;1184402557
36;15;685770111;6469118;951804210
36;16;688843173;6091347;1114492136
36;17;700966594;3712204;1184586239
36;18;691158210;5889575;997482222
36;19;683782531;5881125;1004900134
36;20;707617421;4775327;1225966639
36;21;717276933;4984572;1173317838
36;22;715838043;2918457;1181309496
36;23;686239419;4449448;996400520
36;24;680911923;5954178;995478546
36;25;710470329;6407937;951818667


THREAD; REPETITION; AVERAGE; MIN; MAX (nanoseconds)
37;1;698350563;6033658;981234068
37;2;696295428;6448515;955130540
37;3;683018489;6216921;1208318096
37;4;687482479;2990324;945404723
37;5;681920272;6102311;1184488113
37;6;672609495;4506439;1113335354
37;7;676042949;4080058;982883998
37;8;646173909;4534585;1185681350
37;9;656170715;6201766;976829667
37;10;670553821;6118935;1161573468
37;11;667526166;6356674;991919015
37;12;651756840;5869461;1146608019
37;13;674283040;4661975;1254181746
37;14;678310981;3237772;986551782
37;15;666210422;6127455;976235807
37;16;661057558;5899632;988940913
37;17;683944907;6264274;971019292
37;18;682568034;5346629;1136456100
37;19;714705246;5694718;966672301
37;20;685928906;6250865;966714764
37;21;690080896;6251213;944061256
37;22;654883987;6052585;1128184867
37;23;698424931;7021493;1201826419
37;24;713735691;4509163;1158492629
37;25;675394786;4246000;973290251


THREAD; REPETITION; AVERAGE; MIN; MAX (nanoseconds)
38;1;727829575;5596312;1189727047
38;2;718946414;6254426;985379007
38;3;707677685;5415563;1238736697
38;4;721610893;6589455;1097674983
38;5;693774493;6747855;1187450361
38;6;736155093;3663036;1149160229
38;7;710327237;6282572;1160897055
38;8;709500095;6633804;1173568708
38;9;734254651;7028477;1171935609
38;10;661506172;6426585;930923134
38;11;732845328;3976483;1266612586
38;12;694371857;3802020;995495028
38;13;715357039;6201696;1182937567
38;14;709630256;5631233;1162000827
38;15;694928662;4278337;1137378634
38;16;723338716;6404235;1161988046
38;17;691188906;6668654;974413089
38;18;721833648;6371829;1181597033
38;19;656665705;6707696;986422577
38;20;714291120;6364496;1206896896
38;21;734066986;6779632;1005282515
38;22;695271175;4355512;992349447
38;23;725665069;2950305;1119853990
38;24;664578995;6534839;1191283878
38;25;728512129;6226001;1093282177


THREAD; REPETITION; AVERAGE; MIN; MAX (nanoseconds)
39;1;671855990;7421474;1128131928
39;2;685794163;4427518;987180424
39;3;695790055;6081360;985935783
39;4;697281692;6950394;990700564
39;5;716397021;4248515;1172534638
39;6;655704890;7280813;967871126
39;7;669649153;6572414;986904201
39;8;700179058;6073467;1157569817
39;9;679658033;7520369;994323790
39;10;681191413;5963327;1172495247
39;11;656164233;6613760;983258696
39;12;702387361;3790565;1213118567
39;13;656288817;6099029;1150536032
39;14;678058618;6731582;980437109
39;15;703745840;7529379;1142434583
39;16;671439819;7101950;1204667563
39;17;734866733;6433989;1185475459
39;18;680087399;2662350;1163269634
39;19;699359863;5627392;980718779
39;20;692304843;3602343;934240036
39;21;695453111;6124452;993467535
39;22;686980937;6680179;1219584193
39;23;684384252;3521467;968864059
39;24;695061614;6735144;1158273049
39;25;748084658;6187798;1155975410


THREAD; REPETITION; AVERAGE; MIN; MAX (nanoseconds)
40;1;674563608;6610338;993547364
40;2;703870022;3516019;1183536385
40;3;680665734;4023416;992285402
40;4;692405171;7118153;992403504
40;5;696645779;6218038;1188318487
40;6;698535650;6557607;1013002141
40;7;698901559;4858020;999059098
40;8;668456266;7102020;1102691124
40;9;702012511;4944623;1221123355
40;10;678759118;3812914;981115827
40;11;682937773;4867658;1137284487
40;12;679311018;5332730;1159398471
40;13;677009958;6669982;1148811161
40;14;668224107;6318122;1168723958
40;15;700733309;7046705;1113657671
40;16;684202777;6629334;984398017
40;17;678687861;6443416;983171953
40;18;665219465;6233404;998988069
40;19;687894603;3331709;1009062674
40;20;698502066;6142610;990469389
40;21;722743018;3963074;1149507479
40;22;662468642;7354916;976784131
40;23;681652458;6644909;997473771
40;24;674995580;2780940;1150629829
40;25;654712413;7077925;944116571


THREAD; REPETITION; AVERAGE; MIN; MAX (nanoseconds)
41;1;670754749;7336337;907743443
41;2;703441227;4872058;1131997013
41;3;688729591;5833912;993977726
41;4;700343852;7070940;1177437914
41;5;671661727;4151087;1130341845
41;6;668644713;3285753;1178398232
41;7;660694584;6421975;960127963
41;8;653275725;3509454;987109395
41;9;672543422;4493658;999892444
41;10;651364568;7209715;1009343995
41;11;643667507;5531289;1181177636
41;12;667059872;6922108;951994807
41;13;652776180;3675537;966914650
41;14;655021685;3940933;958198737
41;15;658180925;5205759;972547837
41;16;666050642;3941423;987306418
41;17;651872266;5985886;942621269
41;18;656028628;4287766;957655582
41;19;659899505;7260001;976744111
41;20;666759240;3539836;997125612
41;21;673420328;3575594;986074836
41;22;691649695;7270827;1165005189
41;23;633731177;6854363;995098679
41;24;662668917;6800375;956992579
41;25;672698700;7631766;1182878480


THREAD; REPETITION; AVERAGE; MIN; MAX (nanoseconds)
42;1;633226184;4057150;963581335
42;2;668235375;6817626;997880178
42;3;658750273;4351252;942564977
42;4;643112226;3499188;1179514575
42;5;673565486;2949677;985872227
42;6;657702086;2990534;977402156
42;7;666024760;4766527;977014257
42;8;669108708;4183492;1182590455
42;9;659516107;3794407;980367198
42;10;672657057;3093969;985921395
42;11;669061646;6670052;1173267552
42;12;643179968;6741918;1195940895
42;13;674074629;7100344;1165747742
42;14;659761669;3545283;986043688
42;15;681643409;3595080;989102665
42;16;679711782;4445048;1102803569
42;17;634909100;7147277;994478418
42;18;663417468;4436039;992849510
42;19;654972363;7005918;986213471
42;20;662187388;6675569;1191416576
42;21;667677733;3512457;1213787925
42;22;654009233;3876401;1004506229
42;23;666174701;7046147;1186252443
42;24;699401214;7004522;1146928032
42;25;706106912;5728661;1167040923


THREAD; REPETITION; AVERAGE; MIN; MAX (nanoseconds)
43;1;660264175;7051735;975325914
43;2;650633697;7309518;954951677
43;3;687617640;7066750;970700187
43;4;665964927;6585824;976151858
43;5;691413359;7226757;1243471656
43;6;671111212;7180382;1168761463
43;7;666553835;6954795;1223721381
43;8;658603110;6898642;986673376
43;9;693140457;7425944;983893624
43;10;673959583;6960522;966206319
43;11;676796632;7534058;1001147632
43;12;686152038;4794952;994502933
43;13;668285228;4421582;1153138388
43;14;647156499;6348642;983712874
43;15;697388333;5655677;1183857585
43;16;688026275;4028026;960252141
43;17;652952401;6316655;993361936
43;18;647407143;8132948;982192359
43;19;748155176;2769766;1172755685
43;20;690256465;7497252;1215917806
43;21;715334868;5953829;980256709
43;22;688148956;7342693;977313807
43;23;692001782;6939918;1206236827
43;24;732203842;3675747;1185786113
43;25;737727718;7609207;1124233737


THREAD; REPETITION; AVERAGE; MIN; MAX (nanoseconds)
44;1;716024780;8140210;1202345620
44;2;716749227;4411525;1206352273
44;3;694632758;5457607;1141892126
44;4;744166921;5332801;1162156992
44;5;683173691;3503588;1132525921
44;6;714641036;4051493;1146605924
44;7;718595643;6981264;1237285256
44;8;703472225;6104547;991996399
44;9;763595615;3637055;1190434748
44;10;715701317;6294724;1261855208
44;11;759058955;5991334;1213825290
44;12;668537089;7313779;1184015706
44;13;729735516;7407716;1248782946
44;14;731699595;7831791;1204691588
44;15;734163324;7059207;1160480941
44;16;677692502;7030503;1159396027
44;17;729382096;4912915;1006318820
44;18;737941709;3725822;994207015
44;19;756776559;7106909;971749622
44;20;749132696;7612141;1163824522
44;21;728171926;3890578;991098939
44;22;757853898;4859277;1170117501
44;23;768617048;7696229;1144543161
44;24;673460109;8560865;1175844486
44;25;722689244;7371677;1156266090


THREAD; REPETITION; AVERAGE; MIN; MAX (nanoseconds)
45;1;756584358;8269208;1003775829
45;2;736957577;3355594;986371104
45;3;735026263;5396636;1232993229
45;4;771479149;5075995;1181251597
45;5;751108104;3140622;1162687366
45;6;648171641;7205734;965258294
45;7;748381217;3891836;1235610462
45;8;739376237;3369772;1190744773
45;9;683315359;7774871;1203099207
45;10;767804743;2854972;1187912709
45;11;741335271;7129677;1185229198
45;12;729081041;7696159;1153118203
45;13;714342338;8207189;1177812264
45;14;685278696;5491620;1008080846
45;15;755065772;4313886;1165233361
45;16;724493512;4532978;1100629130
45;17;743545916;5133963;1172172720
45;18;678389184;2851270;1179816289
45;19;733191632;4090953;1230732258
45;20;752388397;4298103;1185447871
45;21;678089271;8688744;1174458974
45;22;755007195;7854559;1225046200
45;23;705089505;6584217;1165977449
45;24;713633571;6610477;986611218
45;25;737591154;7774801;1187337287


THREAD; REPETITION; AVERAGE; MIN; MAX (nanoseconds)
46;1;691097607;7102299;988518583
46;2;739865106;7765931;1265301456
46;3;666722626;8338978;1163348624
46;4;745153437;6331112;1131432696
46;5;732785682;7925518;1256188636
46;6;731969850;3400223;1239137725
46;7;702143416;8195524;1146185409
46;8;749078947;3981162;1144051130
46;9;743491280;5773010;1196717670
46;10;705368464;9198794;952094331
46;11;697415703;8229119;1187852995
46;12;707424719;7236325;1143994070
46;13;735623264;5451112;983927427
46;14;698135394;7950312;996415606
46;15;687239035;7188903;999213238
46;16;682636254;7871810;984176691
46;17;685252945;6075004;965327507
46;18;701183576;7304001;978413946
46;19;676646741;7149792;948650387
46;20;733835377;6802540;1217256942
46;21;721566992;4782731;963924745
46;22;706777204;4728813;1206301848
46;23;698577842;5054902;992951688
46;24;688488754;7932852;1182714493
46;25;688970271;8210960;991172412


THREAD; REPETITION; AVERAGE; MIN; MAX (nanoseconds)
47;1;659481677;7691341;980211172
47;2;657614044;5038489;1122286492
47;3;676696459;7901982;971495259
47;4;665643425;7666896;980728836
47;5;677371432;4182096;962365398
47;6;682607239;3703334;1123345775
47;7;693384770;3630559;988430233
47;8;697378548;2890312;1184476379
47;9;697555124;8250420;1122460955
47;10;674295062;7979785;993717637
47;11;664585173;7466033;1002077080
47;12;670244254;4295868;966990986
47;13;671363535;7499836;979492995
47;14;705632073;3131264;993175250
47;15;701539685;2894712;1196509263
47;16;638016365;6783055;991709770
47;17;664463193;7844363;998340152
47;18;675479266;4406146;985385434
47;19;653409755;7599080;992355034
47;20;681142836;7818242;990067522
47;21;687383164;6153505;1156230470
47;22;633852014;3658496;985338710
47;23;656646084;7515899;955692134
47;24;667958605;6894033;986373058
47;25;634158771;6823004;899645277


THREAD; REPETITION; AVERAGE; MIN; MAX (nanoseconds)
48;1;630875945;7652300;934641973
48;2;659679787;3308381;879554245
48;3;652282746;4149270;942716533
48;4;663648620;4584940;980847636
48;5;733314479;3114432;1184333554
48;6;732628893;4214991;1204280292
48;7;712069015;3322350;1117807780
48;8;714953722;4556934;1166909621
48;9;719501150;7119620;1250089397
48;10;715347954;4085295;1330559889
48;11;723949346;3771220;1009650737
48;12;732665586;6563544;1304671613
48;13;708704647;4520127;987466005
48;14;712269704;8112763;1151048807
48;15;715883066;3787213;982132506
48;16;722784503;7390116;1182132156
48;17;729254360;7963861;1228350251
48;18;703951336;3136851;953186508
48;19;724019477;4721201;986896798
48;20;706582062;3746496;996636933
48;21;717192094;7475601;1213646707
48;22;691294761;4303830;1234842068
48;23;722053954;5940769;1265237621
48;24;676727951;3831352;986389541
48;25;701503661;3294902;972890270


THREAD; REPETITION; AVERAGE; MIN; MAX (nanoseconds)
49;1;693874995;7426084;1131414956
49;2;720160953;8284503;1126752562
49;3;721862764;6936496;1316849907
49;4;723371890;3885061;989146945
49;5;735445239;7456534;951645950
49;6;700600530;7899189;1184408702
49;7;710860302;7700909;993402025
49;8;736006041;7332496;997193219
49;9;713804281;4253893;1341824241
49;10;705598040;3634959;1143466767
49;11;699762353;4687188;1708769690
49;12;717681324;8269766;1184848493
49;13;717242269;4865563;1150200793
49;14;685642821;7431043;944461377
49;15;751643044;4351042;998813885
49;16;666325039;5289779;996476298
49;17;733769954;7815030;1005813379
49;18;713613245;4616718;1269228841
49;19;741706060;8613524;1157913715
49;20;714741288;4019016;1117656085
49;21;754819193;7206083;1180751464
49;22;731945211;7667246;1164289176
49;23;748098719;4885537;1220607577
49;24;677409670;7980693;977908296
49;25;712962938;4683906;1173349196


THREAD; REPETITION; AVERAGE; MIN; MAX (nanoseconds)
50;1;701177923;3306077;1150478553
50;2;738971142;6754001;1187739154
50;3;741300039;7521556;984648399
50;4;735710956;3069524;1151718933
50;5;703544231;8196433;982994975
50;6;710807857;8750903;1217559914
50;7;727777403;7538947;1011539665
50;8;741988896;8416992;994648970
50;9;717724606;8030489;1125140346
50;10;713693533;8136858;1199381416
50;11;731634796;6047557;1234935096
50;12;723960470;8170312;1186014843
50;13;726373666;5268547;993655130
50;14;746413914;3910274;1168090009
50;15;691741681;7705867;1191124779
50;16;753465960;4908306;1468191698
50;17;720651064;7910293;1146455345
50;18;693520276;8160395;1195374971
50;19;734459109;7795544;1190911973
50;20;706176925;3211651;1310156528
50;21;727800721;5464382;1088971573
50;22;692558455;8590826;988202970
50;23;702606808;8218223;1225155432
50;24;726139462;4052889;1000565365
50;25;737440738;3118692;989464303


THREAD; AVERAGE-REPETITIONS; MIN-REPETITIONS; MAX-REPETITIONS (nanoseconds)
1;27506260883;8834029453;44622931389
2;16498718533;1651245948;44802454205
3;8149321168;681946543;36546853630
4;1102201176;3341888;1998528036
5;875930668;2839481;1470911062
6;784248967;2656943;1174163476
7;842729857;2568678;1076552620
8;676860396;2429099;980699538
9;630671118;2393466;961117725
10;701045658;2388345;961840451
11;584762476;2426760;950438689
12;631168088;2436586;961431070
13;670464215;2462950;956055113
14;684058629;2557129;955693815
15;687306091;2670917;959655724
16;683829464;2736613;962225729
17;702608638;2876594;992522398
18;707486790;2971883;986825135
19;711042426;3022697;1025749800
20;721783206;3175817;993984754
21;706350073;3310342;1061039134
22;686167354;3450729;973956125
23;702373740;3569093;979481722
24;690911871;3713580;998745809
25;686760091;3910080;1022760884
26;702192918;4086134;990369116
27;698886883;4285284;965370344
28;693782564;4385442;1007167586
29;692904040;4502153;983793532
30;702396774;4740973;1039574328
31;705475874;4935962;984989770
32;695583710;5098198;980269914
33;699503914;5271200;967571269
34;712063091;5093882;956528483
35;706099633;5584240;1030437105
36;707106359;5664097;992775936
37;705937332;5664247;985695981
38;710699660;5828123;1010055534
39;715884803;5901367;995612886
40;722253163;6076210;1074730928
41;703299965;6169311;1015092599
42;705304756;6080013;986520865
43;713778589;6236692;984027953
44;716535601;6366384;993238892
45;728045350;6793740;1023885454
46;728313442;6614564;1011522134
47;731163892;6587812;1024439209
48;713269620;6905031;999732745
49;699072306;6885070;975556429
50;699818873;7139345;1026603501
THREAD; REPETITION; AVERAGE; MIN; MAX (nanoseconds)
1;1;32689653541;12102192667;48439673618
1;2;28360495899;11899406908;49938747104
1;3;26064510286;3588654633;45266343418
1;4;26710561480;5261716433;46736310411
1;5;30179967645;12162098884;52272358918
1;6;27274565671;11155006432;30062037354
1;7;26652311995;1572332517;48037615675
1;8;27469429394;1545681505;46014512598
1;9;29477428899;20087233573;50219162840
1;10;27688402883;12170173024;33214728058
1;11;26425478509;475810124;45830188893
1;12;26522190783;7842045986;30590142951
1;13;25924663707;2543711980;29892548284
1;14;26700585623;12920158079;46653772337
1;15;27477824105;475377947;46470097526
1;16;28873900025;20705483727;50812370916
1;17;25742827331;11173505572;45940718444
1;18;25799179527;3639659021;46451443270
1;19;29604304599;5445745967;51462027227
1;20;25488377171;11283916252;46078330486
1;21;25060173619;14711637233;45784100213
1;22;29144491326;12250587225;52290984329
1;23;26619020289;2545002648;46203276464
1;24;27460086465;11162000478;30381132937
1;25;28246091324;12131597521;50530660461


THREAD; REPETITION; AVERAGE; MIN; MAX (nanoseconds)
2;1;16306218240;265861932;44774957920
2;2;16743201449;2226497711;46230805102
2;3;15989664568;837245306;40507338642
2;4;16596900979;2917271119;52506467722
2;5;15066947845;806203582;41740611936
2;6;16012582836;825862645;49761365900
2;7;15975664290;1121584237;38528801147
2;8;16123018915;1769136301;44147691257
2;9;16013933880;1751200152;46255741791
2;10;16131372860;2328540779;42979245127
2;11;19165174330;1861210852;46403443105
2;12;15470644685;272915273;46435085395
2;13;13965639657;269677431;40917459202
2;14;16064931072;1158259848;43606654966
2;15;19551773220;2398030336;48923212587
2;16;16252678117;1768967425;36979137083
2;17;17390895762;2557943677;53765968230
2;18;15954932885;999482127;50017679132
2;19;19413102010;1647494584;45913881793
2;20;19101820768;1611839214;49142014557
2;21;16613629449;1150306255;42502916921
2;22;15200418680;2373192472;39949716514
2;23;15702932484;2313689449;41889616906
2;24;15951311093;2857728705;44812475678
2;25;15708573263;3191007307;41369066529


THREAD; REPETITION; AVERAGE; MIN; MAX (nanoseconds)
3;1;7282979527;210409773;39959256274
3;2;7729534177;190970990;27365286999
3;3;8365410663;1266218611;38223707831
3;4;8269665171;190758881;41692912158
3;5;8365854101;796735269;28985250081
3;6;6963613258;193990368;30894827206
3;7;8491838042;207166274;33396320482
3;8;8851898193;195573809;44826420118
3;9;8782423195;1457586299;42172905146
3;10;7867925453;194908570;29539946767
3;11;8007465192;949833359;32647833593
3;12;7420296552;933691922;26841134418
3;13;8124819715;190916932;37291764107
3;14;8104941907;193096259;42333330423
3;15;7960805265;886452677;41041943739
3;16;9019996224;209007709;42701356946
3;17;7227082224;762534694;32512702802
3;18;8654090231;191016596;40061468357
3;19;7353899263;1155301581;34760905226
3;20;7588940823;1172878466;31613506046
3;21;8843796112;1549421225;41139824405
3;22;7758514915;191727161;29230045718
3;23;9767274938;1345783682;42687719529
3;24;8140843837;1089244443;36841981872
3;25;8789120232;1323438035;44908990529


THREAD; REPETITION; AVERAGE; MIN; MAX (nanoseconds)
4;1;1073992647;3392400;1974805318
4;2;1080563552;3531803;2009052477
4;3;1041719260;3692649;1759111842
4;4;1136708045;3172261;2216079977
4;5;1093115885;3039004;2246882844
4;6;1194754311;3551289;1951991244
4;7;1125922321;3674140;1927242778
4;8;1071106771;3143346;2212941869
4;9;1141217027;3368026;2016339856
4;10;1047801722;2988159;1838989872
4;11;1100764566;3595569;1780996537
4;12;1189761302;3500305;2375333318
4;13;1227447036;3657029;2083577312
4;14;1090185420;3322560;1927456842
4;15;1071893311;3108356;1917687932
4;16;1120421294;3769055;2132892379
4;17;1090604842;3113105;1898299784
4;18;1162359031;3440731;2088025503
4;19;1047406559;3418871;1867600911
4;20;1117872238;3193562;1999417105
4;21;1020627139;3425086;1914842948
4;22;1080807192;3145093;1900780826
4;23;1061172733;2791556;1939341034
4;24;1097329233;3420965;2043638856
4;25;1069475975;3092292;1939871548


THREAD; REPETITION; AVERAGE; MIN; MAX (nanoseconds)
5;1;880794269;2652223;1456083036
5;2;870976642;2916572;1659032083
5;3;888856457;2789810;1403805651
5;4;896488186;2691404;1383716227
5;5;868767910;2774585;1440949548
5;6;863228371;2985086;1774433902
5;7;894995217;3027410;1438741935
5;8;887665415;2670800;1415079361
5;9;850892037;3126655;1351221245
5;10;872733344;2923696;1579573102
5;11;873021702;2720178;1359490451
5;12;872658694;2908330;1396795054
5;13;873220758;2644051;1543046254
5;14;882939276;2510305;1512285850
5;15;896033132;2775214;1397151664
5;16;850144287;2820470;1376170924
5;17;887381584;2988298;1729771451
5;18;875155118;3208858;1332673705
5;19;882075586;2754959;1466803113
5;20;860412894;2810623;1362663830
5;21;878565467;2954077;1526496035
5;22;875430585;2665073;1552214038
5;23;864628951;2629524;1343722457
5;24;870006017;2996401;1544860240
5;25;881194822;3042426;1425995413


THREAD; REPETITION; AVERAGE; MIN; MAX (nanoseconds)
6;1;801801353;2757333;994980507
6;2;798033484;2186521;1308883671
6;3;766277114;2735054;978608035
6;4;791972149;2747765;1501237029
6;5;798465288;2625543;1306092254
6;6;754672837;2602706;960055887
6;7;785355363;2786877;1235677300
6;8;790861878;2298686;1309429481
6;9;774684801;2779684;1116411374
6;10;791867630;2906724;1413668916
6;11;774610528;2565479;1189507186
6;12;777357396;2815372;968747913
6;13;769424281;2656552;1319174993
6;14;762778514;2492007;959245309
6;15;786080378;2861187;1321363959
6;16;798180075;2536496;1463177583
6;17;765627528;2750070;1003728057
6;18;782257033;2777658;1209367112
6;19;799145820;2445493;1368289406
6;20;807123264;2779613;1099127263
6;21;799461773;2696292;1003841270
6;22;805794959;2582241;984190938
6;23;788861966;2784851;1112317627
6;24;777406175;2535309;1106286902
6;25;758122591;2718083;1120676930


THREAD; REPETITION; AVERAGE; MIN; MAX (nanoseconds)
7;1;850743222;2628197;1120179101
7;2;838236321;2594324;990749942
7;3;834522247;2763131;990379014
7;4;851600782;2678273;976209615
7;5;852277129;2690566;1156396483
7;6;815099584;2371460;983399566
7;7;848901867;2683721;982182581
7;8;860604144;2499131;1145764825
7;9;847698648;2666750;1013553748
7;10;850283430;2457644;995954234
7;11;819820337;2739385;996795962
7;12;849839052;2232966;980388709
7;13;827012664;2404636;1262264548
7;14;839334955;2661861;978476664
7;15;853288854;2644541;967351996
7;16;861834820;2600610;1116685640
7;17;805476577;2578679;1259187341
7;18;856318228;2575816;994478070
7;19;865158519;2417067;1291106342
7;20;834465074;2745391;991944647
7;21;814948090;2660115;1091640976
7;22;844777109;2245188;994130330
7;23;872905995;2549765;1295249466
7;24;832787097;2620235;1099613149
7;25;840311692;2507511;1239732564


THREAD; REPETITION; AVERAGE; MIN; MAX (nanoseconds)
8;1;654244004;2321105;978907095
8;2;687781158;2380610;1117190872
8;3;700001110;2556889;999406490
8;4;679630713;2306508;970566371
8;5;637692710;2521410;970128815
8;6;681717026;2472871;1272180402
8;7;698339755;2633295;939543643
8;8;643008809;2256362;949647860
8;9;682468238;2267047;945673891
8;10;694456362;2718223;945166844
8;11;721688489;2506324;973096441
8;12;665094847;2654458;922259672
8;13;658694179;2432363;907227454
8;14;696811133;2513169;934153992
8;15;678534110;2498152;954725740
8;16;634408228;2244839;1111924211
8;17;683337873;2324248;970436187
8;18;693823251;2583289;982672029
8;19;661712409;2341778;951665365
8;20;629101295;2493893;955130540
8;21;721766694;2360496;1077681242
8;22;672656209;2234083;944036672
8;23;666190195;2710400;782509160
8;24;670076313;2273892;977185787
8;25;708274806;2121778;984371687


THREAD; REPETITION; AVERAGE; MIN; MAX (nanoseconds)
9;1;601599449;2475873;894727612
9;2;616069795;2516102;970925705
9;3;651062789;2382076;955204711
9;4;732722635;2370832;972416606
9;5;632744429;2478108;928165311
9;6;626911055;2285975;951128635
9;7;620604779;2512470;930248398
9;8;648824215;2413225;888934487
9;9;646796726;2441441;921990714
9;10;593713541;2414274;999101492
9;11;625993886;2230031;1448483607
9;12;610106843;2562686;899966336
9;13;605287266;2315588;860648700
9;14;582653896;2236108;900853460
9;15;630282563;2316216;1158601023
9;16;680837540;2508349;931649134
9;17;640320649;2355048;945155320
9;18;667350421;2527417;1008161093
9;19;634623708;2412598;982087179
9;20;590276538;2514844;822751425
9;21;638701963;2606966;922386993
9;22;614659673;2230381;923437267
9;23;633015528;2252730;962907925
9;24;591953342;2323690;886601021
9;25;649664736;2153625;961408992


THREAD; REPETITION; AVERAGE; MIN; MAX (nanoseconds)
10;1;632537536;2333257;948237206
10;2;682770851;2596909;901286616
10;3;750980815;2201537;960320376
10;4;689546167;2353511;962522053
10;5;663757464;2450661;955708268
10;6;717152713;2292540;942689225
10;7;755037714;2414622;962525893
10;8;751683925;2446820;1102069327
10;9;691811547;2430825;1010159741
10;10;683232840;2535379;911328186
10;11;728436872;2353861;968997316
10;12;700314238;2476851;953900915
10;13;722315830;2253498;955109029
10;14;677193422;2381936;900861981
10;15;705045839;2551442;1115881977
10;16;624623945;2405055;976885889
10;17;697724935;2279619;953365651
10;18;766954555;2362591;981703191
10;19;704716336;2438647;950014178
10;20;654718171;2480064;942705078
10;21;693728122;2424330;978492728
10;22;723621747;2391435;950445098
10;23;700878259;2366013;931262982
10;24;700946081;2246445;914972923
10;25;706411550;2240788;914565469


THREAD; REPETITION; AVERAGE; MIN; MAX (nanoseconds)
11;1;707947016;2416369;1135491522
11;2;592183683;2341359;1077238447
11;3;568620414;2615346;907828718
11;4;570900950;2474477;977381064
11;5;582951268;2319290;934386843
11;6;568390766;2538381;958287227
11;7;562952087;2369295;955387975
11;8;536452438;2445632;880804405
11;9;711264487;2393390;957475112
11;10;615534649;2275429;898984298
11;11;543334012;2395416;912972808
11;12;549393876;2192667;965167920
11;13;572377324;2462533;923421063
11;14;580345083;2423423;855040864
11;15;528527803;2455340;853504007
11;16;552635015;2332769;1182845585
11;17;714503868;2458833;976390854
11;18;649982472;2447099;950993213
11;19;551875111;2436692;996373841
11;20;562982970;2534330;969625330
11;21;574843524;2453873;915916408
11;22;540600813;2540895;825019381
11;23;551518908;2459740;935555985
11;24;572627874;2418673;913942973
11;25;556315502;2467772;900931403


THREAD; REPETITION; AVERAGE; MIN; MAX (nanoseconds)
12;1;622201530;2412387;1205767073
12;2;545226020;2386825;973990549
12;3;665022413;2483626;943009796
12;4;629762393;2643143;904905791
12;5;624334032;2579936;919474822
12;6;637079044;2410782;964064427
12;7;652309864;2442419;946452622
12;8;553401136;2264115;952729817
12;9;615766422;2458343;1099789778
12;10;658530679;2450591;989629338
12;11;647936522;2365734;943731675
12;12;617153140;2403658;1123833337
12;13;612404375;2513030;967508929
12;14;645219405;2263696;1119198110
12;15;626642946;2626033;915216320
12;16;652723464;2112420;879011578
12;17;629318422;2420419;905273226
12;18;683674562;2484045;964930738
12;19;624183661;2481949;888057211
12;20;624215967;2423701;851712787
12;21;656645186;2387455;932175529
12;22;639077330;2533004;954362286
12;23;600122608;2427474;822930918
12;24;631996374;2592648;932609800
12;25;684254705;2347226;935410297


THREAD; REPETITION; AVERAGE; MIN; MAX (nanoseconds)
13;1;682476645;2587619;975962447
13;2;677775549;2556540;948173511
13;3;658290530;2496128;948031803
13;4;719328336;2321454;931687128
13;5;693680851;2543899;926578937
13;6;699501282;2529581;959513499
13;7;651081547;2564083;938322189
13;8;725048164;2524203;991098380
13;9;623839631;2507721;890361624
13;10;642217708;2291283;891233662
13;11;711943869;2678972;962979234
13;12;647937018;2461417;945745898
13;13;639346450;2514426;1311508865
13;14;679232846;2418324;1006656992
13;15;722039475;2317893;972346974
13;16;662884484;2438369;949776438
13;17;696989294;2532724;948850133
13;18;675885370;2390877;925989477
13;19;661353911;2344921;965348250
13;20;625839593;2549905;880661229
13;21;634698314;2578261;927313946
13;22;677469592;2345619;946804972
13;23;689702837;2239182;961125646
13;24;611939305;2345130;869857272
13;25;651102786;2495219;925449323


THREAD; REPETITION; AVERAGE; MIN; MAX (nanoseconds)
14;1;679657241;2592299;930687978
14;2;668586109;2603962;953260052
14;3;644696104;2553187;974974403
14;4;692710320;2624007;925268155
14;5;730985327;2616464;995407237
14;6;640077503;2483766;922884333
14;7;643011642;2579308;866649392
14;8;684836943;2654178;997573714
14;9;683594384;2625543;959317874
14;10;667460261;2371530;912789545
14;11;668835935;2619956;889248215
14;12;695983408;2608502;944130818
14;13;659830228;2491238;950984204
14;14;659383231;2697480;1406077379
14;15;644511877;2484673;890365116
14;16;691048348;2781359;931076855
14;17;667175013;2584895;912816434
14;18;683100698;2418534;937357192
14;19;735043693;2573651;942887085
14;20;724997888;2364686;999832800
14;21;729049508;2755797;919175621
14;22;697764170;2584128;917114047
14;23;717898563;2650197;968136453
14;24;719698787;2270610;954428915
14;25;671528562;2338286;889901580


THREAD; REPETITION; AVERAGE; MIN; MAX (nanoseconds)
15;1;681004275;2623588;942561904
15;2;690085536;2855391;899773016
15;3;678871783;2616674;913775354
15;4;677965923;2750979;909869342
15;5;682802394;2552001;962802116
15;6;681813404;2674921;924384244
15;7;684985417;2796235;896213974
15;8;689354991;2636998;933985325
15;9;683398738;2731912;901286965
15;10;676196470;2546972;962003970
15;11;657291465;2702508;919497031
15;12;700953638;2669125;1364601647
15;13;723073049;2882769;931127210
15;14;726400332;2493962;916073202
15;15;674065952;2927886;1240481402
15;16;684570871;2505137;936462455
15;17;661527765;2845124;929885781
15;18;653029557;2651873;860067899
15;19;712908506;2559752;952420629
15;20;705700680;2598375;935021211
15;21;685423166;2715010;995929581
15;22;677993875;2481740;969590688
15;23;717004152;2796445;929836054
15;24;689422319;2553885;959808439
15;25;686808021;2603683;903933670


THREAD; REPETITION; AVERAGE; MIN; MAX (nanoseconds)
16;1;682970981;2657111;952364826
16;2;657337278;2683511;916814987
16;3;658689420;2972375;968913018
16;4;732321696;2966020;914504427
16;5;681006854;2676807;939495801
16;6;684332574;2915105;958962870
16;7;673870564;2720877;969164168
16;8;624623491;2723460;891102781
16;9;649818140;2668985;930724436
16;10;698093747;2978801;895418691
16;11;685430389;2557728;969781285
16;12;637077287;2622191;905721258
16;13;755420265;2558705;1445119701
16;14;717884648;2671499;935277948
16;15;731975004;2619537;954652407
16;16;726571203;2949117;969767456
16;17;710262521;2659556;1209479557
16;18;674880988;2576445;917838859
16;19;661874462;2326623;874010803
16;20;673415158;2855671;956686324
16;21;683619694;2733588;905562648
16;22;656203996;2927816;930550600
16;23;651420940;2762153;875767311
16;24;676757098;2928165;911297805
16;25;709878204;2703486;956663277


THREAD; REPETITION; AVERAGE; MIN; MAX (nanoseconds)
17;1;721083459;3003175;1190498444
17;2;678986217;2893734;993421371
17;3;706161650;3015677;1267078707
17;4;707350899;3175054;953155010
17;5;717435152;2710750;1103366000
17;6;711430606;2785759;928589318
17;7;665384203;2730724;985973916
17;8;711254834;3099207;935613534
17;9;758071348;2873340;998271707
17;10;773998864;2859232;979655864
17;11;710152230;2574769;972507400
17;12;716527874;2592160;952516661
17;13;726260139;2901834;964292389
17;14;726164861;3027759;949421575
17;15;724569470;3009042;959649760
17;16;657914747;2935360;939459484
17;17;697542282;2480483;956184864
17;18;696617364;2816420;1167385031
17;19;668521596;2844775;995716913
17;20;638998772;3024896;890765167
17;21;714349716;3112825;974050891
17;22;700314074;2796305;943966552
17;23;665010564;3094807;930203280
17;24;714609803;2634134;966596453
17;25;656505236;2922648;914719678


THREAD; REPETITION; AVERAGE; MIN; MAX (nanoseconds)
18;1;682910710;3149841;990077998
18;2;658382458;2937385;999335041
18;3;712828957;2832483;1179640569
18;4;681757546;3026851;949905365
18;5;713874394;3044870;988745287
18;6;683222907;2591042;934622906
18;7;688457389;3076229;964048853
18;8;716403089;3125606;951743169
18;9;728904762;3113455;1112789754
18;10;655270987;3071479;916745005
18;11;683423780;2769137;996615631
18;12;725331768;3163670;963064230
18;13;763416975;3251601;1094407948
18;14;752985845;3266337;990914418
18;15;733000657;3001708;950026121
18;16;699489130;3261448;964369145
18;17;674479209;2852807;944197027
18;18;693885270;2812229;930116677
18;19;708544077;2759779;971329876
18;20;717177308;2912591;943894546
18;21;681560632;2887029;1117586244
18;22;766319126;2972725;969212567
18;23;702587396;2967975;953351404
18;24;719074709;2742248;928733890
18;25;743880686;2706559;965154719


THREAD; REPETITION; AVERAGE; MIN; MAX (nanoseconds)
19;1;748837003;3091804;977079839
19;2;695720418;3114013;989253383
19;3;670795541;2949607;963247284
19;4;687859334;3080211;930808595
19;5;691474500;2801892;963360427
19;6;678936898;3173378;976593324
19;7;687228374;2697969;1405878401
19;8;704054078;2968394;1234202322
19;9;700551848;3116598;956065925
19;10;708804448;2985365;963841005
19;11;799227005;2805664;990492018
19;12;772142025;2950515;1191900436
19;13;744424594;2835975;1125190143
19;14;701771582;3375499;941568971
19;15;677371514;3112616;1216160783
19;16;695159510;3020775;959131398
19;17;722990349;3282610;963956103
19;18;692137961;3169258;960766871
19;19;759369536;3133917;962807284
19;20;694582882;3286032;976472777
19;21;665843062;2436552;986876754
19;22;687720031;3064846;992199707
19;23;758960200;2821238;941050190
19;24;646822058;3104235;1098525790
19;25;783275906;3188464;976315286


THREAD; REPETITION; AVERAGE; MIN; MAX (nanoseconds)
20;1;780658045;3252719;977777412
20;2;757484745;3231974;982171476
20;3;721569660;3155778;996385783
20;4;645814445;3013232;972387622
20;5;668738889;3028387;987521250
20;6;703200576;3570286;955360667
20;7;664536860;3321372;954018458
20;8;708945326;3106121;962252465
20;9;769320790;2895480;997943733
20;10;730563555;3053042;978345502
20;11;756767735;3200198;999361022
20;12;738158636;3139924;954552674
20;13;757619145;3083702;976634460
20;14;714216215;3052762;967287183
20;15;702030082;3347213;971711838
20;16;701900982;3347562;1252465817
20;17;694152077;3355734;973539095
20;18;710118026;3392051;979044054
20;19;663493757;3496254;944998178
20;20;675323078;2914896;957310705
20;21;736086420;3162133;1261448103
20;22;727077731;2914966;952014851
20;23;793676754;2957149;961822173
20;24;790424492;3180013;956436572
20;25;732702132;3222477;976827781


THREAD; REPETITION; AVERAGE; MIN; MAX (nanoseconds)
21;1;743518088;3564490;983161477
21;2;710691783;2974750;1119124148
21;3;717378682;3600946;1314542211
21;4;691654539;3423410;980980753
21;5;695229548;3202083;971154086
21;6;677031797;3516438;981147115
21;7;705302822;3167581;984016264
21;8;691179053;3249295;938393777
21;9;776729846;3011626;950069003
21;10;788047356;3339111;1215787202
21;11;704098008;3378502;1198802921
21;12;690205324;3286172;1141090837
21;13;666181403;3353988;943502107
21;14;711238461;3172750;957270058
21;15;707016128;3473696;1140460589
21;16;653248172;3137410;938258843
21;17;681225010;3279258;1223819648
21;18;735835633;3250553;1221190683
21;19;693376968;3348959;1001194146
21;20;653650196;3428508;936178201
21;21;681567930;2981245;987127624
21;22;711731364;3597524;973611451
21;23;707498911;3322280;1105672509
21;24;720868299;3320324;966381132
21;25;744246526;3377664;1353041588


THREAD; REPETITION; AVERAGE; MIN; MAX (nanoseconds)
22;1;725878273;3406229;955845505
22;2;649925616;3649836;990096925
22;3;658721608;3200616;968408834
22;4;724408421;3628185;1266820224
22;5;650480291;3498629;965071259
22;6;640902912;3570636;906403956
22;7;653433610;3251600;952444724
22;8;671276428;3486407;938656170
22;9;669551014;3294622;930831572
22;10;674852090;3559041;943450494
22;11;705361969;3356991;945647911
22;12;684110036;3625739;960200668
22;13;663321168;3347842;934879293
22;14;670482515;3271994;979113058
22;15;705571150;2855670;935180449
22;16;683865941;3571683;991512399
22;17;668626123;3585582;981560436
22;18;682208836;3668622;930862442
22;19;709001799;3469575;979625902
22;20;666190552;3602762;949411029
22;21;767586701;3184902;946408482
22;22;763521113;3394077;968210973
22;23;716069362;3613308;1135802945
22;24;667097087;3664363;951129962
22;25;681739251;3509314;941327529


THREAD; REPETITION; AVERAGE; MIN; MAX (nanoseconds)
23;1;688379133;3670858;929507173
23;2;711713514;3940026;933330633
23;3;650074164;3702985;926314029
23;4;690510054;3474324;929969451
23;5;703395855;3328007;970901958
23;6;684765348;3938978;998922419
23;7;667451441;3403016;916019354
23;8;765469452;3292528;1151194566
23;9;730048399;3231696;995512069
23;10;726688832;3915930;1152025676
23;11;759611079;3621480;1186809496
23;12;763948166;3520839;978334816
23;13;716294647;4214223;969520567
23;14;687256275;3221778;922863591
23;15;728967529;3730781;980944716
23;16;663977334;3321861;943887562
23;17;702771121;3708572;949255842
23;18;672132832;3680845;924760270
23;19;663339721;3841829;987304950
23;20;703544450;3489760;950654552
23;21;644959688;3302725;921235730
23;22;775420217;2985784;981325490
23;23;718939550;3069245;917239203
23;24;654256002;3761232;982009865
23;25;685428709;3858032;987199072


THREAD; REPETITION; AVERAGE; MIN; MAX (nanoseconds)
24;1;749702217;3720934;993220717
24;2;741745652;3975994;1324297222
24;3;713254591;3877448;976266258
24;4;699567819;3806420;916024453
24;5;685318088;3643969;1115830573
24;6;720271851;3585791;975318441
24;7;683901185;4218414;1117987970
24;8;675929407;3800483;916296764
24;9;708414683;3480051;964566097
24;10;676855822;3618686;945667466
24;11;667835150;3855518;944635003
24;12;665255937;3333175;939794932
24;13;686108504;4092000;1138374919
24;14;679215129;3657378;971447139
24;15;658916271;3873816;960453493
24;16;685859082;3202362;973374269
24;17;701678196;3407067;980760474
24;18;694397060;3681264;967311837
24;19;650047960;3639289;916682637
24;20;661202782;3344699;953936044
24;21;682638034;3900915;939623262
24;22;688439494;3672114;962031907
24;23;686645207;3836870;957467988
24;24;704322191;3851328;1167065856
24;25;705274467;3763537;950209523


THREAD; REPETITION; AVERAGE; MIN; MAX (nanoseconds)
25;1;731785047;4106597;995584843
25;2;751191521;4211499;993782171
25;3;731491533;3721074;1003017423
25;4;683113624;3756833;963094750
25;5;714677951;4176858;903941911
25;6;722683926;3922077;952151391
25;7;675130294;3954972;940561929
25;8;659267261;3837080;949618667
25;9;658155256;3872280;1203692997
25;10;662553132;4194387;942367675
25;11;653249706;4432197;925126168
25;12;677140928;4113302;916017329
25;13;670014508;3726661;939094424
25;14;680439043;3822553;1200630597
25;15;673357625;3914604;1219180580
25;16;664823746;3171283;994136616
25;17;695833739;4164356;1125463152
25;18;677225948;3749010;1115047793
25;19;702794834;3709899;936401834
25;20;652383739;3475651;922121178
25;21;687567542;4128528;1223294091
25;22;648303239;4011893;930352390
25;23;685514577;4072934;932375832
25;24;696073543;3805512;976974518
25;25;714230018;3699982;1364991849


THREAD; REPETITION; AVERAGE; MIN; MAX (nanoseconds)
26;1;683352522;4448541;964224713
26;2;729176089;3919213;989696595
26;3;659926924;3692717;914106960
26;4;699231358;4541430;958924040
26;5;697449132;3894280;979111941
26;6;670175086;4178813;933630322
26;7;693090910;4258712;1112715792
26;8;724092989;4279525;933506493
26;9;686762700;3802020;948288260
26;10;753519956;3891696;897268927
26;11;733453255;3694882;926616582
26;12;685759024;4519778;957422172
26;13;737109340;3713811;973984403
26;14;743874359;4050445;962460941
26;15;704158549;4048560;1137244887
26;16;682533573;4642280;943313955
26;17;725967085;3881359;914474046
26;18;699631262;3683917;1230896245
26;19;687794751;4307880;997431587
26;20;652795069;4038642;955351798
26;21;682322538;4004839;936106824
26;22;680376991;4151925;1355022495
26;23;656486767;4551697;1000026748
26;24;733862857;4128806;907398985
26;25;751919886;3827582;930002207


THREAD; REPETITION; AVERAGE; MIN; MAX (nanoseconds)
27;1;665313814;4828337;927910740
27;2;694895899;4390921;979866575
27;3;754475851;4227074;960897963
27;4;760491023;4088020;971795647
27;5;680884611;4368014;1007573309
27;6;680208501;4208146;923491952
27;7;757846188;4085855;958600394
27;8;734566222;4624750;1152731143
27;9;708381766;4142286;949717212
27;10;737771382;4359073;916373380
27;11;738538911;4445258;954584522
27;12;675052272;4443372;1008375925
27;13;642994007;4387569;910056166
27;14;691717203;4204585;986642157
27;15;716568421;3927873;932068392
27;16;698479180;3674349;970128256
27;17;685323865;4602890;928943763
27;18;689927574;4251728;931519648
27;19;670930522;4095563;962767195
27;20;677238964;4189708;927714906
27;21;706628349;4043461;1124180727
27;22;687081970;3906572;956823912
27;23;684380475;4602470;917270142
27;24;680560794;4860953;974777171
27;25;651914321;4173296;899447415


THREAD; REPETITION; AVERAGE; MIN; MAX (nanoseconds)
28;1;709689193;4358794;1240344303
28;2;687325940;4859068;972907171
28;3;695119043;4472147;1140588748
28;4;739161678;4353975;1341082176
28;5;715348857;4195995;1011192204
28;6;673127453;4571462;909936598
28;7;679433018;4842584;907686871
28;8;641036891;4265555;996006266
28;9;680536122;4380376;1275223527
28;10;685834971;4346851;954669658
28;11;721394174;4538566;925126727
28;12;717306488;4249842;939177815
28;13;704844895;4597092;943534024
28;14;676172658;4431918;950939086
28;15;678438039;3900077;910364236
28;16;718460565;4055473;951710972
28;17;713165707;4429054;1008174153
28;18;658447746;4667842;913237366
28;19;684041166;4569436;1163214250
28;20;724822645;3890369;987382334
28;21;696329611;4280363;942258513
28;22;671261037;4588991;993751929
28;23;686621139;4238807;954227213
28;24;711006916;4085645;900439302
28;25;675638154;4465791;946014228


THREAD; REPETITION; AVERAGE; MIN; MAX (nanoseconds)
29;1;686984865;4496311;891226748
29;2;748043639;4269816;970371443
29;3;699362260;4572928;928692683
29;4;707222553;4915919;930786594
29;5;703791407;4867589;1177002035
29;6;726390414;4545690;1262367354
29;7;684798124;4763175;936681129
29;8;693171192;4610851;950993003
29;9;705542977;4335118;925860410
29;10;682597763;4892870;955964096
29;11;683977720;3462731;1171412219
29;12;663580336;3959372;910631938
29;13;690352836;4360121;1247822489
29;14;695178675;5095829;939994748
29;15;667901067;4411174;933439795
29;16;675173964;4374997;930688188
29;17;713072469;3851816;982373178
29;18;702215515;4747461;995497263
29;19;703132541;4680553;911765042
29;20;684558279;4616439;1006832293
29;21;673261516;4944274;899828958
29;22;669394140;4691029;943936589
29;23;685104184;4286997;915680485
29;24;689441455;4225746;912307569
29;25;688351123;4575023;962682059


THREAD; REPETITION; AVERAGE; MIN; MAX (nanoseconds)
30;1;677520894;5109937;953741328
30;2;706548407;4948254;1544248501
30;3;699516521;4809060;991652431
30;4;677026775;4409359;980844912
30;5;673625964;4479270;976443724
30;6;680416591;4428636;1189748627
30;7;696068977;4750534;1162162579
30;8;679400077;4895036;921003717
30;9;695283523;4579981;898823174
30;10;714417868;5058464;961773494
30;11;702052523;5137035;936190004
30;12;695851196;3454071;944967586
30;13;683295451;4686559;963353932
30;14;697501588;4666026;1235465261
30;15;663400195;5038909;974729190
30;16;720445722;4925975;923683805
30;17;757252809;4724902;1340430487
30;18;716870398;5385950;1154013988
30;19;682901482;5197030;994345231
30;20;754918502;4730070;960360256
30;21;747329425;4492749;965654294
30;22;714067918;4601562;958078052
30;23;682446919;5141715;933539807
30;24;698904647;4561264;916860872
30;25;742854981;4312001;1207242960


THREAD; REPETITION; AVERAGE; MIN; MAX (nanoseconds)
31;1;698822975;4927232;934547547
31;2;699553545;4971372;977259540
31;3;687069816;4657855;945612710
31;4;705347703;5219309;1110559582
31;5;714370328;5025638;938929179
31;6;729517888;5012509;929829210
31;7;703574842;4705626;984780538
31;8;730234292;5042331;1148643682
31;9;710656200;5173213;932033681
31;10;696699789;4905162;896073104
31;11;705473492;4520686;956724668
31;12;703228199;5322465;999413263
31;13;693094181;5039817;934341725
31;14;714611354;4988274;911358566
31;15;723680170;4910122;1228405147
31;16;685011385;5089823;967061665
31;17;686870909;4563289;911706725
31;18;734439343;4931423;972808974
31;19;737192696;5041842;960363398
31;20;701669480;4550299;975455260
31;21;669894048;5000356;940275231
31;22;692897308;5155194;1210340630
31;23;721351033;4941480;995273002
31;24;683080840;4743271;928319940
31;25;708555037;4960477;934627306


THREAD; REPETITION; AVERAGE; MIN; MAX (nanoseconds)
32;1;714174389;5355429;938091783
32;2;688628868;6084851;1150080736
32;3;678011572;5424711;925690486
32;4;702431699;5076624;915954891
32;5;709006323;3518534;942906570
32;6;696849979;5366604;1139029611
32;7;698087713;4981988;935614303
32;8;692136205;5456070;924232339
32;9;684731044;3189441;944437701
32;10;678181181;4791880;1231003591
32;11;682902349;4939455;934167681
32;12;697168253;5244452;917376441
32;13;705565045;5865829;948694387
32;14;690234370;5120763;969541590
32;15;702069690;5253321;999145841
32;16;717089582;5251925;1203261658
32;17;678925862;5105119;994479606
32;18;680724722;5384204;965212199
32;19;704166395;5022426;956961429
32;20;705383527;5355429;915911939
32;21;685299988;5060979;932665535
32;22;712524469;4959918;918280117
32;23;690423560;4983595;907876629
32;24;707372055;5090591;946103275
32;25;687503925;5570820;950027518


THREAD; REPETITION; AVERAGE; MIN; MAX (nanoseconds)
33;1;689923775;5075645;917056987
33;2;684412752;4528300;933737807
33;3;677513974;5134521;910213169
33;4;676358218;4877715;969738752
33;5;716436542;5495111;962550338
33;6;712462976;5641779;1014121348
33;7;697781195;5079416;987178049
33;8;686913024;5163366;909283093
33;9;705280153;5429810;947882621
33;10;688131115;5291804;978056219
33;11;712554269;4293143;931973127
33;12;710286845;5343347;1099837689
33;13;727310871;5522838;932181743
33;14;681280606;5715252;917271120
33;15;708280964;5161760;914644250
33;16;696261841;5470248;911823361
33;17;709514912;5539670;1000972889
33;18;671726280;5635213;934821115
33;19;700429169;5197658;915318497
33;20;726650018;5142413;979747286
33;21;675919771;5131379;979410511
33;22;702037577;5683823;945151060
33;23;705347576;5258280;964718211
33;24;730249739;5056998;1289970862
33;25;694533693;5910528;941621630


THREAD; REPETITION; AVERAGE; MIN; MAX (nanoseconds)
34;1;615559034;5559925;940949338
34;2;767604110;5310800;1253697746
34;3;670783907;5070966;903641734
34;4;687056224;5206528;950424634
34;5;759360512;5161969;929943610
34;6;749986743;5583531;927792219
34;7;707847126;5851791;924681070
34;8;728180712;5441893;954557283
34;9;743140530;5103093;934037636
34;10;715685372;5284889;955438889
34;11;670891069;3173239;907665149
34;12;722553397;5305981;958858110
34;13;717559199;5468084;986326684
34;14;699518647;4793556;956556769
34;15;688178686;3372984;887246144
34;16;712856941;5496858;909751728
34;17;693576744;5174541;942178266
34;18;693610900;5566769;935329211
34;19;699281528;3885201;962715513
34;20;726762176;5520883;924231781
34;21;749896190;5521372;909941068
34;22;707227136;5749265;953929061
34;23;729499840;5030947;934866164
34;24;732443951;5490013;1123356949
34;25;712516605;4221974;945095326


THREAD; REPETITION; AVERAGE; MIN; MAX (nanoseconds)
35;1;691760422;5449226;951259797
35;2;704411800;5340553;917476872
35;3;736713907;5645340;952000743
35;4;735600327;5845017;1263425449
35;5;696230418;5958858;959059392
35;6;690422943;5539182;1110542681
35;7;738351059;5415632;1369073444
35;8;688615900;5845436;954203049
35;9;689542603;5193957;984124588
35;10;734852352;5721118;923190099
35;11;700901763;5429810;1320642568
35;12;661724003;5902217;925075673
35;13;685231506;5652465;948533961
35;14;737514682;6083315;1247371942
35;15;678603914;5640521;892346374
35;16;615297784;5946566;892085796
35;17;683407839;5777200;931245312
35;18;737753373;5545747;959522090
35;19;707201572;5323442;992402526
35;20;697089241;5797664;964733787
35;21;718301014;5508312;916917933
35;22;763964568;5256883;1253647531
35;23;704928922;5893905;974870200
35;24;702550905;5574871;932780563
35;25;751518028;4318775;1224395279


THREAD; REPETITION; AVERAGE; MIN; MAX (nanoseconds)
36;1;708205051;5718953;917621235
36;2;693543940;6076191;996903866
36;3;720707273;6144356;959585576
36;4;723726820;5544210;1163254827
36;5;707396008;6085760;1003065124
36;6;689584426;5587791;1091926628
36;7;721189984;5657144;918092733
36;8;735394389;5797874;1212788567
36;9;694384042;5576407;950818679
36;10;704856654;5777061;939329091
36;11;700008674;5769518;1215639208
36;12;729751497;6090997;947517911
36;13;690312280;4851874;947130571
36;14;690083236;6152458;913530351
36;15;711661631;4211918;1167192198
36;16;685818423;5660496;1096775078
36;17;642186097;4898807;916346212
36;18;707430777;5939303;953809284
36;19;741543812;5943772;938251649
36;20;715108392;5761836;925521889
36;21;701841135;5389023;933570538
36;22;731892046;5843201;929504798
36;23;708255212;5708198;934883763
36;24;688258483;6000413;932627331
36;25;734518706;5414864;913711310


THREAD; REPETITION; AVERAGE; MIN; MAX (nanoseconds)
37;1;722345322;6048256;953709899
37;2;737946184;6104268;954728883
37;3;689982992;5795429;921021108
37;4;712084725;5757994;1001295347
37;5;707073519;6164890;946971403
37;6;682431606;5959208;964568333
37;7;710596882;5757156;937030824
37;8;705718524;3011486;973414777
37;9;720948805;6172712;1242597313
37;10;681675149;6063969;918091126
37;11;719413105;4251239;939350532
37;12;712275799;5927569;1189125783
37;13;710181034;5830280;956728090
37;14;681195394;5885106;941560660
37;15;723777011;5109378;1295540704
37;16;730508001;6010889;965489329
37;17;700315518;6060407;967371901
37;18;706617741;5797874;961153652
37;19;714345334;5669436;950116565
37;20;696375013;5732223;940699726
37;21;696984113;4599887;924779196
37;22;684931639;6049511;917141215
37;23;713992677;5650578;979129401
37;24;682342498;6260782;988713790
37;25;704374738;5935670;912069970


THREAD; REPETITION; AVERAGE; MIN; MAX (nanoseconds)
38;1;720872543;5631163;985373420
38;2;712977847;6405074;946305605
38;3;697343456;5573265;998536546
38;4;733456343;5989448;987298246
38;5;710045043;5744375;995607612
38;6;706336864;6439715;933676696
38;7;718390142;6039176;969160326
38;8;716270378;4752140;1190759301
38;9;712950909;6147290;930559820
38;10;686337063;6614388;963880744
38;11;662743509;6222369;915206332
38;12;737037981;5418775;1358590896
38;13;680556328;6468280;974734219
38;14;691959017;6085200;981455744
38;15;721779741;6224744;904443372
38;16;726888469;6133462;1203410629
38;17;685869007;3746915;916184250
38;18;708469001;6272795;925831984
38;19;707328963;6344451;1269650472
38;20;719680958;6228306;1200674667
38;21;710089768;5929455;954466629
38;22;750197767;6181023;910701639
38;23;749057197;3127702;919496053
38;24;717898467;6115582;944115243
38;25;682954753;5867994;971267927


THREAD; REPETITION; AVERAGE; MIN; MAX (nanoseconds)
39;1;723618448;6340331;909717785
39;2;722527799;6384889;917215107
39;3;663903007;6306178;1114778065
39;4;688245423;4428496;1146371116
39;5;759660581;5340553;1273605234
39;6;736565636;5954178;944004614
39;7;670254837;6640230;981467058
39;8;714700137;5898795;921039057
39;9;760268651;5907386;1011048052
39;10;668408073;6303943;952144337
39;11;708325237;6040433;974095730
39;12;749061226;6130668;973392218
39;13;709945067;5996642;912668440
39;14;694056467;5502584;959593468
39;15;709888628;6057823;916136130
39;16;725102841;6122566;944327701
39;17;734862137;6355277;937994703
39;18;687319419;6387195;929452626
39;19;754638969;5490642;904625798
39;20;761782449;4543315;1165705069
39;21;683106186;5230204;1140242824
39;22;716959930;5451880;914223456
39;23;754164372;5880496;957628065
39;24;698607098;6356255;908129176
39;25;701147465;6483226;1180716333


THREAD; REPETITION; AVERAGE; MIN; MAX (nanoseconds)
40;1;752740774;2897924;939129624
40;2;749531481;6536027;945499568
40;3;736132503;6368267;949894470
40;4;677049982;6288299;912827958
40;5;730595649;5609232;913274801
40;6;741581819;5880775;994689409
40;7;718703819;6484413;970318854
40;8;698244477;6297099;938255910
40;9;750015100;6409963;957883265
40;10;757548535;6358490;936389820
40;11;675467134;6534490;956250934
40;12;711915936;6221113;942022520
40;13;726872403;6076401;1330225420
40;14;747254551;6555372;943110786
40;15;705801068;6039245;962662922
40;16;695979994;6366172;928058105
40;17;724656150;4048699;1001178013
40;18;680810068;6021646;937462932
40;19;713053915;6281943;992076018
40;20;719829142;6445931;956190591
40;21;725406425;6655804;947230514
40;22;680361861;6473448;927832867
40;23;710741509;5893905;927464454
40;24;725522637;6413454;1217019622
40;25;800512156;6747156;3441323828


THREAD; REPETITION; AVERAGE; MIN; MAX (nanoseconds)
41;1;686021226;6291442;1162815595
41;2;688194918;5334338;902633575
41;3;708376021;6871754;1203429137
41;4;711588853;6517868;1008011633
41;5;697499681;6621722;945799466
41;6;702387599;6266648;946624501
41;7;722022088;6499988;913412460
41;8;659805515;5106724;962284034
41;9;705392171;6554115;933155540
41;10;716311970;6424001;1282579490
41;11;712770082;4744108;1312493558
41;12;689017741;6795068;983255693
41;13;699969991;6704972;909194744
41;14;762059197;6400045;1257340528
41;15;695680318;6288718;962629679
41;16;697698273;6515353;960635500
41;17;719576434;5964724;936977255
41;18;692394425;6847030;942280792
41;19;703913234;6314001;984256379
41;20;705703310;6326991;920592491
41;21;702216736;3441149;917786269
41;22;721336464;6606985;1168670530
41;23;682125926;6792553;980350994
41;24;696361032;5782438;908041665
41;25;704075927;6220064;972063488


THREAD; REPETITION; AVERAGE; MIN; MAX (nanoseconds)
42;1;688991670;7105163;964676516
42;2;686393027;4431360;969323755
42;3;706469028;6164960;935042233
42;4;717268022;6682344;942022380
42;5;704942549;6267836;980480271
42;6;728620410;6258267;928418625
42;7;700533648;6685207;949500984
42;8;707682169;2686375;1269395132
42;9;690737317;7036160;984993903
42;10;699745483;6876363;953129169
42;11;713665716;6478058;981433464
42;12;712227391;6585613;1164193215
42;13;695027493;6220833;981255229
42;14;700614954;6591690;949484292
42;15;712633292;6735842;1003665200
42;16;701367606;6457385;943570272
42;17;701075017;5674883;949820577
42;18;708629774;6820071;935657744
42;19;725152693;4054426;1237579287
42;20;712338257;5344464;952065137
42;21;727352749;6337258;931609185
42;22;715403588;6665372;925739235
42;23;688305775;7285283;970948263
42;24;701554062;4035779;946809720
42;25;685887221;6519334;912207837


THREAD; REPETITION; AVERAGE; MIN; MAX (nanoseconds)
43;1;721054720;6342915;948788742
43;2;714705481;6616204;962320631
43;3;697657624;6670051;939779707
43;4;741779320;6405563;989016690
43;5;712740090;6512419;936127916
43;6;707165142;6405214;932265763
43;7;712693267;6378325;933232785
43;8;736918688;6561169;1308278216
43;9;670573303;6912471;947069879
43;10;705577970;6979170;971347546
43;11;696957603;6798140;968408275
43;12;722589204;6926438;952610947
43;13;675463695;6829639;902149854
43;14;724081957;7069055;933578290
43;15;716228830;6912750;937281066
43;16;761562704;6574440;1272812816
43;17;730018425;5926662;976367178
43;18;722504016;6476801;924918530
43;19;693982138;4105619;923932790
43;20;706596389;6715519;943996095
43;21;705870662;3052832;904339029
43;22;728339066;2911194;920491291
43;23;706945950;6797163;914113316
43;24;714917280;6630032;1276433387
43;25;717541216;6407519;981038092


THREAD; REPETITION; AVERAGE; MIN; MAX (nanoseconds)
44;1;723035692;6220694;910820160
44;2;700951448;6977633;941871802
44;3;735899513;6693798;952844007
44;4;723463558;5919397;933015160
44;5;704313688;6619976;931467477
44;6;707365768;3046826;909032991
44;7;702472209;6949486;974236879
44;8;727472997;7152795;936898335
44;9;730161247;6566547;1238019497
44;10;723339311;7018350;931298251
44;11;710659184;6552579;975003177
44;12;726868005;2961689;952336959
44;13;721176703;6281873;903475931
44;14;704751351;6124103;919544174
44;15;722667511;6957938;965397628
44;16;735358700;6839765;1349451676
44;17;710693458;6987829;1133842500
44;18;714222891;6711817;1009918299
44;19;705845041;6390896;937734195
44;20;703313963;6653778;956976585
44;21;701812098;6806172;950651689
44;22;723156533;6619766;923051183
44;23;726059797;6946763;947854336
44;24;695651754;6336629;1264952180
44;25;732677610;6822516;981277229


THREAD; REPETITION; AVERAGE; MIN; MAX (nanoseconds)
45;1;717009611;6306807;926394486
45;2;732495298;6421975;1225832962
45;3;729696793;7171163;1192221986
45;4;723857148;6063899;962469811
45;5;727768206;7216351;915662954
45;6;717396971;7779550;1233623268
45;7;741958887;7019537;1202156140
45;8;740469492;6943760;951685201
45;9;700930686;6695892;940607536
45;10;734009541;6821887;1487553865
45;11;721745719;6463531;982863674
45;12;716701744;7212160;939554399
45;13;710923251;6592248;954585499
45;14;729095327;6489722;995059358
45;15;709230400;7083372;953751873
45;16;701603416;6273772;907934807
45;17;719569945;7197633;1010487157
45;18;761255856;6761403;1158440598
45;19;737275928;7145181;928533585
45;20;721245196;6961150;921512022
45;21;757908241;5722514;956720617
45;22;746572333;6563194;949544146
45;23;724862401;6818185;972317501
45;24;742048296;7091404;995268812
45;25;735503086;7027220;932354112


THREAD; REPETITION; AVERAGE; MIN; MAX (nanoseconds)
46;1;730807116;6840604;942240844
46;2;712209962;6938102;949576273
46;3;712821510;6532744;1233597078
46;4;739551374;6366661;970160943
46;5;746183200;6125010;956507880
46;6;716193169;6927975;1251945080
46;7;732636063;3682800;964124630
46;8;747182482;7083722;980399115
46;9;727267046;6539728;922254016
46;10;717251259;7421055;960301798
46;11;748207859;7065842;949482196
46;12;728211356;5811912;957072128
46;13;707637983;4241601;944842291
46;14;737178329;7086305;1270756060
46;15;729280874;7383061;1149832311
46;16;713711991;7388439;951691975
46;17;737046651;6344661;1199746266
46;18;728225228;7154750;936290925
46;19;736248393;6767830;927189489
46;20;720233233;6312882;937066303
46;21;736394855;6973302;947554229
46;22;740992973;6630871;1178884398
46;23;733339917;7385296;960069227
46;24;699648223;7201963;919060523
46;25;729375024;7156985;927407395


THREAD; REPETITION; AVERAGE; MIN; MAX (nanoseconds)
47;1;757132618;7827811;941810272
47;2;739867389;6123264;959450084
47;3;717846868;6411081;1326869546
47;4;746385197;4171900;939157212
47;5;736937339;7175842;954908864
47;6;705931674;6739124;902981455
47;7;744511039;7468128;1282210170
47;8;746242183;6825658;955120274
47;9;699188565;7833537;995132901
47;10;730330450;5926312;964079094
47;11;714450697;7091334;952721574
47;12;760097033;5979112;948136704
47;13;727270636;7165226;960899430
47;14;722858102;7641474;946574634
47;15;726280112;7020445;1220647177
47;16;752700237;7145042;956630102
47;17;730483257;6909607;944777689
47;18;697671811;7178636;1267834320
47;19;735222638;7561645;1214296300
47;20;738668392;7186039;951375454
47;21;710376882;6491188;923955628
47;22;735658488;3910204;916222033
47;23;742207853;6439226;994934552
47;24;737679883;7036718;928021438
47;25;723097960;3436750;1262233328


THREAD; REPETITION; AVERAGE; MIN; MAX (nanoseconds)
48;1;717389697;7508426;970293012
48;2;713238671;7476299;951849188
48;3;712053498;6991112;924476156
48;4;695330269;6059011;927468715
48;5;702409164;7275715;946803784
48;6;690916878;7375448;912547264
48;7;707649430;7435023;952805384
48;8;728723938;7242122;972776149
48;9;715886085;7571563;951088965
48;10;711020555;7775360;939013618
48;11;749973468;7370840;1541953865
48;12;732103909;8070090;993672171
48;13;712335716;3467410;940874609
48;14;707665532;6471912;915582078
48;15;701499483;7558922;1305387486
48;16;717373119;6423371;965720573
48;17;693784304;7793379;950189131
48;18;707185573;6236547;952988229
48;19;748772409;3955671;1245986990
48;20;712275179;7826973;957667525
48;21;713408557;6241995;953028947
48;22;703412423;7241912;989541199
48;23;691047110;7261608;927557273
48;24;700197886;7596985;952259854
48;25;746087657;6398090;951786470


THREAD; REPETITION; AVERAGE; MIN; MAX (nanoseconds)
49;1;703449155;6853944;950085626
49;2;736474904;7914204;949527105
49;3;724858700;7200427;978647635
49;4;722593186;6973861;953595847
49;5;699220660;7094897;1276499387
49;6;732135534;8085175;951241848
49;7;729150782;7481189;934376995
49;8;695345994;7068845;1346803574
49;9;710137463;7557804;935677929
49;10;676037992;7735829;998038228
49;11;701655830;7224731;918714320
49;12;698957284;7043283;997108572
49;13;676126051;6803170;904235944
49;14;700608270;7126115;937887776
49;15;698391888;7156286;910231398
49;16;700799232;7592236;971863184
49;17;664271833;7576592;952957778
49;18;692232106;7179892;923034492
49;19;719997467;6519614;931432975
49;20;654803829;3395613;923603279
49;21;673776110;8384236;931222055
49;22;719831722;6431893;937165827
49;23;724001425;8042921;946264819
49;24;646064522;3820457;984984823
49;25;675885711;3863550;943709327


THREAD; REPETITION; AVERAGE; MIN; MAX (nanoseconds)
50;1;732485998;6988179;997403791
50;2;712725257;6475614;950655600
50;3;665773659;7086167;958903856
50;4;718249545;8128756;937058831
50;5;713913668;7247359;924538663
50;6;677302811;7744001;955784255
50;7;692765088;7639169;979748404
50;8;710412195;7300509;969143774
50;9;684398522;7582459;927335667
50;10;687013773;7595938;1148370324
50;11;703548899;4502457;962029951
50;12;738159056;6927137;1514255164
50;13;735257704;7701188;1327053788
50;14;680434515;8040687;979832492
50;15;697178870;6838927;945059498
50;16;712573922;6521290;946304000
50;17;686184231;7254483;1314194122
50;18;657660808;7706706;973136321
50;19;735494305;7561366;949754578
50;20;706584130;6837810;1204896641
50;21;675243680;7412743;941698387
50;22;718326422;6884255;995507460
50;23;708849928;6790248;951696235
50;24;658071914;6735772;948225752
50;25;686862947;6980426;962499982


