THREAD; AVERAGE-REPETITIONS; MIN-REPETITIONS; MAX-REPETITIONS (nanoseconds)
1;6351495812;6351495812;6351495812
2;47855194301;11144136972;57696789751
3;25790911865;4439127830;48045228617
4;19072421883;2900053694;48037611671
5;15866381558;1880668984;42311836373
6;13771987907;1731180538;47270313715
7;12263279254;1825795750;45705437409
8;11158682581;1490581280;45504220226
9;10000454201;1509711172;45492634522
10;9413287807;1490981694;44063067845
11;8731677155;1500788077;41056779174
12;10128527811;1494939605;44879709340
13;9351629584;1484317129;43192043298
14;9073007061;1498876759;41265695668
15;9205507463;1509615518;45785277763
16;9330806704;1568116520;45165935139
17;9550223333;1474794737;42739954538
18;9187147667;1519982386;48035046191
19;8397263276;1503633998;42140204900
20;8952963791;1451433020;44851148721
21;8632396796;1445804179;41818780456
22;8270404093;1442934331;42543739265
23;7956437350;1492013222;41778774028
24;7749948851;1488322353;42296006349
25;8060905756;1391140955;41960189571
26;7398071400;1488210362;40857048420
27;7538815119;1433823231;40651348470
28;7725557011;1468996453;41797818102
29;7344360260;1410714800;38232507595
30;6934659368;1412418760;40508628205
31;7109196579;1415696447;38325592286
32;7107416818;1438645163;38298587820
33;8207756225;1381553381;40994626403
34;6854623507;1421819326;36881001004
35;6377502072;1391750557;36264228006
36;6404282026;1395214632;36563695687
37;5789712419;1420319618;33897736042
38;6051244057;1396940770;36639624544
39;6093090047;1443016159;35415538097
40;6609730788;1384513319;36755524903
41;5926062460;1372393667;35037157605
42;5672126130;1310803529;35056943765
43;6079582356;1397439663;36434101646
44;5916778728;1278302561;35047499039
45;5742327601;1346181391;34604651884
46;6344831709;1209267417;36722952850
47;5767718236;1217044669;33942306765
48;5890635729;1263038699;34958031194
49;5977313722;1242175215;32384517076
50;5866217182;1273090722;34119326461
THREAD; REPETITION; AVERAGE; MIN; MAX (nanoseconds)
1;1;0;0;0
1;2;50494303046;50494303046;50494303046
1;3;0;0;0
1;4;0;0;0
1;5;0;0;0
1;6;0;0;0
1;7;0;0;0
1;8;0;0;0
1;9;0;0;0
1;10;0;0;0
1;11;59378148899;59378148899;59378148899
1;12;0;0;0
1;13;0;0;0
1;14;0;0;0
1;15;0;0;0
1;16;0;0;0
1;17;0;0;0
1;18;48914943379;48914943379;48914943379
1;19;0;0;0
1;20;0;0;0
1;21;0;0;0
1;22;0;0;0
1;23;0;0;0
1;24;0;0;0
1;25;0;0;0


THREAD; REPETITION; AVERAGE; MIN; MAX (nanoseconds)
2;1;48658534709;6477161622;58505792706
2;2;47718583970;8456021925;57366696186
2;3;49328819053;13361879792;59054497569
2;4;46593882299;8873321819;56329230251
2;5;46651333279;8648416837;59794342507
2;6;48974190928;8754661137;57477498397
2;7;47636440950;5784471490;57786201180
2;8;47225876083;5724791069;57011272941
2;9;49276518576;30946888151;59141862094
2;10;45858195020;5646349466;56231843433
2;11;47573668468;5713370485;55822620403
2;12;48838084918;8517667330;55469024765
2;13;50498054627;12997028044;59908070020
2;14;49494594267;30674378028;58340776202
2;15;47532143482;29959797475;56675432562
2;16;46128714288;8698495479;56115207100
2;17;48209041121;8680978169;57954627753
2;18;46727653474;12658012331;59316479538
2;19;46727307245;8684604259;57920642568
2;20;49099138815;8721001273;59014835126
2;21;46501871967;5709782249;55990281726
2;22;49419266360;8778364568;59176991000
2;23;47880406483;8745609358;59511609436
2;24;47511265423;8603203271;56767223069
2;25;46316271723;8787168691;55736685249


THREAD; REPETITION; AVERAGE; MIN; MAX (nanoseconds)
3;1;25177811969;4957606064;45746909314
3;2;24771487807;3596104044;46097631333
3;3;31767194142;9377782372;58042029504
3;4;11168212439;3852201048;15784591896
3;5;26561715512;4434470443;49884640157
3;6;30542127427;3680910493;58536415452
3;7;27715128715;3635767046;50387840912
3;8;30084166468;3741576164;55279654956
3;9;27836640369;3669671146;51472224682
3;10;29864671494;4821330644;54457971893
3;11;26244920722;3652357842;48845924133
3;12;25223366516;3654055683;46504687327
3;13;25757264893;4575243082;48623829565
3;14;12497346833;3873730949;15358449887
3;15;26192570678;4412597201;47816143742
3;16;28040705626;4377820855;55155781182
3;17;27682877198;3691567783;51528989509
3;18;11921199692;3815810948;38589735706
3;19;26990561611;3635805738;50340908551
3;20;28326751705;8946154050;51619657946
3;21;27880984256;3645062989;50947618273
3;22;26980650962;4453454210;49698803549
3;23;26693781142;3668006339;49351088895
3;24;28695324026;4386334227;52830232474
3;25;30155334441;4422774403;58228954588


THREAD; REPETITION; AVERAGE; MIN; MAX (nanoseconds)
4;1;16332167602;2110143678;57968755946
4;2;20480256567;2594357453;47083482887
4;3;20934753342;2043379605;48515412853
4;4;15013360552;1977735788;27786304335
4;5;18974603746;2894999714;45689565154
4;6;19364184699;2600282089;46239952285
4;7;21472773706;2920049127;49506178160
4;8;15710128741;2594828044;53342028736
4;9;19074990621;2588023198;45391612970
4;10;18548602865;2573290181;41854321778
4;11;21064190890;2670740765;48377490924
4;12;20300151722;3993603098;46858520357
4;13;22090669057;2985415953;54524705096
4;14;19523178779;2030697896;46823766778
4;15;21008907642;4060559862;47642357479
4;16;19075570260;2617060478;57982762823
4;17;19195899604;2876192016;44289867637
4;18;20954098881;2591241764;48865419907
4;19;13609332842;3930274448;47798316755
4;20;19669895351;4583761135;50511317220
4;21;13405053484;3078069489;57221735863
4;22;20523257085;2049076698;47923414219
4;23;21327198641;4619191475;48154206680
4;24;19965121245;2652770185;46329819152
4;25;19192199170;2865598212;44258975791


THREAD; REPETITION; AVERAGE; MIN; MAX (nanoseconds)
5;1;12451822749;1776946721;34966918351
5;2;21704525773;1802721365;57128391458
5;3;14745978846;1655308706;37232011820
5;4;14385908616;1773928041;36339045396
5;5;13171734531;1692948824;36669572879
5;6;22477026451;1701414635;55568697977
5;7;14208445675;1742693974;39236666601
5;8;13448498496;1793885256;35209223100
5;9;24727890870;3400475689;57236037542
5;10;13035206961;1745415199;35269068765
5;11;12648831387;1704870661;33845812456
5;12;13261400214;1761422122;40855886293
5;13;12987386737;3148827295;34817799818
5;14;19682869503;1803986889;57699884692
5;15;13519923164;1819261596;34932197249
5;16;23125089586;1724231572;55847460361
5;17;13182719551;1736531319;54994784533
5;18;14074624318;1784884392;40718983767
5;19;12418813066;1860417316;34191036012
5;20;21935715167;1758526433;53653036419
5;21;13336771887;1723866721;35058496261
5;22;12800971577;1743862348;35487340919
5;23;12588392154;1749356273;34054446445
5;24;22059012284;1774051939;51124311679
5;25;14679979389;1836889325;35658798535


THREAD; REPETITION; AVERAGE; MIN; MAX (nanoseconds)
6;1;12500304036;1717494542;51530618766
6;2;12409793060;2754544013;32285836817
6;3;10049876396;1508246789;37485996055
6;4;16936128563;1553739302;49139737174
6;5;12890388942;1575753064;54586581674
6;6;13646532919;1568348491;54404793906
6;7;17169989685;1525055489;47839566202
6;8;12166029552;1545432869;54947027904
6;9;13484003737;1589329091;54898016787
6;10;14856946736;1682180696;40336938144
6;11;16671577979;1594460748;46130135604
6;12;15218051022;1535371186;41072778942
6;13;11802740467;1614998974;36477063565
6;14;17076268234;1552017365;47701953879
6;15;18998086109;1586159065;54686101446
6;16;13469504758;1603333873;40858126102
6;17;14995231360;1569790015;45469243437
6;18;13003307777;2243447562;54858408751
6;19;11700353650;1634923433;40041465047
6;20;12194733937;1552773188;52705342090
6;21;14085615983;1529914207;52391186450
6;22;12943216789;1650913524;30733360735
6;23;12750319164;2281737623;54834622138
6;24;12671888924;1577221057;52230854061
6;25;10608807910;2732327294;54112087221


THREAD; REPETITION; AVERAGE; MIN; MAX (nanoseconds)
7;1;11216149783;2132019782;54153389816
7;2;8833994984;2180981032;25561052871
7;3;12836575882;1423673609;51728900112
7;4;16363456609;2124196092;54713436485
7;5;12545404563;1509009734;29678910658
7;6;12221985440;1444382457;52196647968
7;7;12407172328;1472516549;47896693015
7;8;11560013853;1473306244;53946405828
7;9;13495415578;1608948623;43328371204
7;10;12033752075;2259926052;52217303596
7;11;10880752729;1563934941;34777651210
7;12;12206891428;1589814907;29411121176
7;13;14087818109;2302479505;35874825781
7;14;12282190450;1448632997;53750429245
7;15;10748687611;2308499055;39728512423
7;16;10935497676;1454042203;50570735666
7;17;11636289088;2315593392;50390847091
7;18;12263403783;2428191293;30395012425
7;19;8701316513;1418457234;37749290203
7;20;14118332252;2275510574;50983061814
7;21;12646921377;2234866024;53524085673
7;22;14296389894;2258527410;52082205978
7;23;12759863190;1462985519;53938273789
7;24;13632198685;1507560248;52317600072
7;25;11871507489;1446838285;51721171127


THREAD; REPETITION; AVERAGE; MIN; MAX (nanoseconds)
8;1;11277137363;1442842666;52186626652
8;2;11673418156;1898345111;51834366030
8;3;10412638497;1401079257;42855392026
8;4;11067011055;1377159736;31104709956
8;5;11274809530;1471722802;47389664608
8;6;10954481141;2186767872;51724790651
8;7;10880280932;2156655944;45688417941
8;8;8725985276;1343752837;50929621502
8;9;8256737522;1337196488;32019211031
8;10;14297356738;1439488818;50798088514
8;11;10518045468;1368564370;45873783260
8;12;10089577467;1373857361;51033722443
8;13;11812278202;1328030098;54591680646
8;14;11964072289;1349144235;48448784273
8;15;10994776701;1379610676;53760281405
8;16;10088487185;1127520188;28982744804
8;17;13348630429;1424802454;43842415656
8;18;12115662406;1819865094;53923696098
8;19;10061618476;1376899858;29211750516
8;20;11237340263;1347081472;38045216711
8;21;11259414814;1482778538;32229873420
8;22;13352579835;1217071862;52817288719
8;23;9329053571;1803723658;50518917698
8;24;13048196969;1410679080;52500376514
8;25;10927474252;1399891537;45294084583


THREAD; REPETITION; AVERAGE; MIN; MAX (nanoseconds)
9;1;8715941727;1682113648;53543303479
9;2;9077397094;1738572291;28379600061
9;3;9248222716;1783420938;50937532424
9;4;9800907741;1772712873;49957094477
9;5;9466644717;1371676359;33425872073
9;6;13426629502;1406491468;49191326900
9;7;12353165813;1343742570;39714516998
9;8;9878708413;1559216395;53963130859
9;9;7609675166;1941110742;25649549734
9;10;8642031389;1746571841;28831366277
9;11;9870259880;1554020203;43342104583
9;12;9064100928;1249747594;49669764732
9;13;12678557496;1405944610;53938212468
9;14;8572630882;1042337714;50431147255
9;15;11244759401;1264471113;50037570907
9;16;9893816613;1787600868;34724165013
9;17;11717753929;1372864428;54425237915
9;18;11975881179;1157210693;53896225359
9;19;8828137332;1734168938;55118874047
9;20;9214390233;1692470272;28242133567
9;21;10962264722;1715525926;54663987672
9;22;10313789960;1355402083;47202659207
9;23;6667944271;1323137997;42770270523
9;24;8710601015;1296329981;50913572744
9;25;12077142918;1445917777;54346643777


THREAD; REPETITION; AVERAGE; MIN; MAX (nanoseconds)
10;1;8774997223;1856715798;49140038678
10;2;9115372056;1044036323;49186620995
10;3;8009826473;1403535994;50275491089
10;4;8712582652;1368535805;49920150466
10;5;8109777767;1747837924;54811381475
10;6;9505117781;1348771143;48729339622
10;7;9880406990;1409737340;49619298053
10;8;14202238792;1603207670;56758063315
10;9;9403473728;1352045023;36912404858
10;10;9825584283;1306616833;48561190109
10;11;6051739457;1696831999;24228276289
10;12;11258045291;1705505448;32521274632
10;13;9621774319;1048899930;50652477340
10;14;10201487771;1711482046;47191230170
10;15;11949358705;1626759058;52908569944
10;16;8077936730;1074849387;30747865441
10;17;9477494397;1765104573;45484833617
10;18;9973870646;1451628908;49623880130
10;19;11026369256;1362635893;53708016242
10;20;10079318070;1766368421;54746113124
10;21;7506417693;1538345586;28477940702
10;22;6420751932;1665195227;24328909750
10;23;8703894758;1414909856;30357086654
10;24;8171387231;1324677159;28655444407
10;25;11272971174;1680309020;54030799026


THREAD; REPETITION; AVERAGE; MIN; MAX (nanoseconds)
11;1;8287136620;1426256689;49761281392
11;2;8113683002;1343740336;30700223562
11;3;7583236783;1476031870;30265890707
11;4;9909727230;1510596599;49373254771
11;5;6465240173;1680436201;25531114359
11;6;11163169618;1376936385;50298854114
11;7;10599273995;1394697231;50844413745
11;8;8345659330;1329137223;30798926959
11;9;9418953939;1630495357;45829907362
11;10;9413717594;1384699732;48717073748
11;11;9361961201;1406859951;40178030029
11;12;11786168111;1750554889;52216301932
11;13;9690513594;1573974276;51531206410
11;14;9325606814;1477359971;50482068182
11;15;8061905090;1754268560;50085825153
11;16;6198594466;1615651291;23365420396
11;17;6367785118;1612841017;27741100056
11;18;9731735619;1364418034;47499366610
11;19;7914128610;1628596023;37793117911
11;20;10280705888;1649280845;33944551612
11;21;8052928821;1611883563;43747965593
11;22;8037708432;1048515593;49315895735
11;23;9348953346;1466295925;45514413983
11;24;6558678952;1410518027;24204137188
11;25;8274756540;1595656361;36679137851


THREAD; REPETITION; AVERAGE; MIN; MAX (nanoseconds)
12;1;13619023269;1727924359;49517240808
12;2;10799090450;1735889408;53449974578
12;3;13867100251;1679985235;49171553577
12;4;10037707405;1081779249;36298878000
12;5;6556630955;1756776560;25832215617
12;6;11584249584;1429826766;52654183632
12;7;10517494882;1449657079;53956920991
12;8;7411061192;1711899278;32490021707
12;9;11210915722;1402125550;41431215908
12;10;8877276548;1151255747;47287302856
12;11;12367157359;1377700728;47160746756
12;12;8311644392;1547822907;39735771097
12;13;8090042839;1713809786;48551677867
12;14;12204394491;1699556438;53880479433
12;15;8619508708;1368609628;49950681371
12;16;11483836140;1692612748;49898593885
12;17;7001225623;1169249164;25941027840
12;18;14245422307;1596309517;52649103378
12;19;7438187684;1564426485;35191573370
12;20;9367162496;1374998848;48764171145
12;21;6683195119;1513719691;26457396052
12;22;13806614561;1633962627;42733070823
12;23;10180883453;1033852417;53875265432
12;24;8986788121;1516879031;50402297848
12;25;9946581746;1442860894;54711369532


THREAD; REPETITION; AVERAGE; MIN; MAX (nanoseconds)
13;1;10333213722;1362445925;54932115814
13;2;8916206746;1656930839;28770997641
13;3;11422634282;1468088053;51453529638
13;4;10030877655;1470386530;48545196736
13;5;6740364227;1698961740;26193440158
13;6;10012401803;1391545574;39949151708
13;7;8221101096;1548104717;45735846735
13;8;10826075951;1603623924;50866178733
13;9;9775321884;1393294538;45922375330
13;10;8142278737;1436363840;46869354206
13;11;10947489049;1437295312;53622823501
13;12;9832179529;1381803763;48733485820
13;13;8878098766;1494080254;54855646038
13;14;7949951635;1543390151;40659478928
13;15;7555234594;1650149949;33636030696
13;16;7625027368;1120580269;37265884910
13;17;9135270738;1318768866;46253241962
13;18;9083383874;1568912530;48388884132
13;19;6429396211;1338284684;24999907390
13;20;18372060068;1592605065;55854072236
13;21;8077824666;1032749553;36388451745
13;22;9927939959;1589327345;36151209023
13;23;8757778202;1724061927;36536892050
13;24;8442343351;1666436377;49008642439
13;25;8356285506;1619736516;38208244903


THREAD; REPETITION; AVERAGE; MIN; MAX (nanoseconds)
14;1;10140728467;1823754835;45326676784
14;2;8744370659;1446719066;47818150840
14;3;7194903941;1641656412;30153468597
14;4;7659445366;1384165026;38288448602
14;5;7020209999;1562340186;33667003837
14;6;9789117129;1356078216;39973437685
14;7;8334025626;1547384933;48253504566
14;8;8275994067;1645334043;31240877053
14;9;6499423113;1485849948;24635940811
14;10;10293555995;1471250397;51935027567
14;11;9633984535;1227605744;48883497414
14;12;8421557503;1322040930;47669949533
14;13;9637303959;1679601318;48893517193
14;14;9596763880;1602075962;48945611314
14;15;11494279563;1391874735;53963148180
14;16;11015820379;1500086184;49366529336
14;17;11418980172;1371332041;38069843165
14;18;8319827804;1564953437;35035683725
14;19;10012991001;1402239041;48305841105
14;20;9562441708;1329742747;44317637437
14;21;7275044689;1693805987;29321196479
14;22;7139249955;1453210184;21193029212
14;23;9687114167;1424328930;47386134342
14;24;8911060452;1767950256;34224676670
14;25;10746982409;1376538429;44773560257


THREAD; REPETITION; AVERAGE; MIN; MAX (nanoseconds)
15;1;10395063909;1608034890;50874057946
15;2;10642432971;1621596879;52305426946
15;3;9451765052;1644905777;38409404617
15;4;7830540636;1785340246;30200970584
15;5;7940852066;1321975139;46543574044
15;6;7375604964;1507763278;47944619149
15;7;7629245145;1438556018;48506610477
15;8;6444106301;1658654522;25373326009
15;9;11267223602;1360519982;47963654040
15;10;9623887137;1367669913;54227103514
15;11;9305760944;1524588111;47716034231
15;12;8203621624;1556808198;31738881269
15;13;11424294761;1614545494;53084851427
15;14;7915729582;1086056189;48830289743
15;15;10497017899;1674998918;53970314244
15;16;13049938519;1573145540;40023503826
15;17;7336305783;1468342205;51583139268
15;18;7969805788;1379680448;48832742151
15;19;8575991517;1286327103;48715395952
15;20;11741488379;1612979094;55871880714
15;21;6725079229;1487166386;25551305404
15;22;11476629701;1409821848;55353909645
15;23;9532582551;1645067041;48908564706
15;24;10282736267;1341442977;54365218764
15;25;7499982248;1764401761;37737165408


THREAD; REPETITION; AVERAGE; MIN; MAX (nanoseconds)
16;1;9973902419;1458547734;47757898979
16;2;8286649023;1434808893;44074578892
16;3;10652274636;1537572373;42683159801
16;4;12965703209;1672169507;37577488759
16;5;8244135027;1575141673;47629996061
16;6;9844728715;1755978553;47914712135
16;7;9041886314;1569783799;43231743769
16;8;7389912291;1598507352;35401241568
16;9;7646226661;1590524703;56373952975
16;10;9848058944;1296556615;47851561651
16;11;9917451285;1364569589;48249648419
16;12;9112491168;1817861069;48013462255
16;13;10761345720;1572547907;40326178327
16;14;9282342792;1339746532;44812332224
16;15;9213257423;1616571659;45011600218
16;16;9496489506;1702381168;47814365374
16;17;8534415267;1733831814;55895980146
16;18;8590571500;1837600799;37703883245
16;19;9487906183;1632922341;46168399475
16;20;9279777489;1417484834;46572133959
16;21;9186948891;1648514615;41336444437
16;22;9805594420;1408922014;54096448781
16;23;9119902481;1358489627;39696069054
16;24;8203431484;1623164676;36163689658
16;25;9384764772;1638713161;46791408335


THREAD; REPETITION; AVERAGE; MIN; MAX (nanoseconds)
17;1;9951760435;1385804341;49769622046
17;2;10651843051;1641128761;37281000658
17;3;9616034175;1559890642;46843878342
17;4;8568437434;1289014735;40556402001
17;5;6997683673;1123326917;35527653724
17;6;9283827497;1479219985;47917999215
17;7;8888340696;1476301527;42591100964
17;8;9053799141;1143169104;39737971796
17;9;7391863657;1593607078;20938621738
17;10;7900354576;1551520655;47016273996
17;11;9090178061;1355866109;45047055771
17;12;10011444923;1397831218;45647355181
17;13;8743591432;1375463641;42611798077
17;14;9741262890;1548414533;46361358916
17;15;7404960961;1566517811;37396696786
17;16;18590087902;1610236776;54589563758
17;17;9366935178;1633609788;43411703792
17;18;11440927711;1550392299;54947355390
17;19;10046404849;1698885612;53576065115
17;20;5915551024;1438758208;23278090651
17;21;7929510160;1817046859;29389595745
17;22;11806912410;1373734232;52396021491
17;23;10550881023;1586538652;45413838561
17;24;9860878073;1374840029;46805761486
17;25;9952112412;1298748933;39446078272


THREAD; REPETITION; AVERAGE; MIN; MAX (nanoseconds)
18;1;7254195424;1128381889;46849422622
18;2;8972774218;1671078726;38347306152
18;3;7539007413;1657021423;48530068975
18;4;11579480353;1330123172;55892315085
18;5;7376367936;1327774131;49702742807
18;6;9680758003;1575355457;54662963100
18;7;7640011032;1535603618;47950455086
18;8;9063295973;1490903173;47268039933
18;9;9027506519;1179858264;38831943096
18;10;11365092062;1068011298;50230789877
18;11;7931109209;1836151382;55181175610
18;12;9599995134;1609162617;47179988588
18;13;8166089463;1548362082;40715204516
18;14;11232910395;1107762858;53712634636
18;15;8792489367;1733533243;52526464747
18;16;12110933120;1732722944;53506450331
18;17;8053077290;1767768738;45393663440
18;18;6349261396;1680992696;42234361839
18;19;9886468694;1568902821;48036590615
18;20;9048302831;1565704859;40226261997
18;21;8013953428;1600196254;45144489733
18;22;9482483858;1655185087;47504637251
18;23;9628999027;1631975223;47834727389
18;24;12774222454;1525304822;49594083256
18;25;9109907094;1471722873;53819374110


THREAD; REPETITION; AVERAGE; MIN; MAX (nanoseconds)
19;1;9238307952;1477122930;47542500024
19;2;9053734224;1660098559;38406348503
19;3;7638147938;1360636896;23069308320
19;4;7072994384;1664102072;34251232000
19;5;9102922398;1319491862;39790631421
19;6;9552751786;1559204382;47610306058
19;7;8799830737;1107513316;37955616146
19;8;11909455263;1749320933;53782646398
19;9;7099555670;1524039927;43291517428
19;10;9018353634;1570557641;41310607214
19;11;12099989601;1571428841;53649426952
19;12;9373690131;1648805155;39521904529
19;13;8334532064;1535763274;38494417378
19;14;8921460470;1033910594;45728777051
19;15;9205054536;1480006747;43063422027
19;16;8943264429;1591858742;38602514077
19;17;6742335285;1433881401;55840627999
19;18;6440486759;1554047232;31726479273
19;19;7216843657;1397408260;49839674037
19;20;5504708162;1625336321;56836346449
19;21;6761836233;1590421338;35652510724
19;22;6907634967;1518788282;45872724815
19;23;6087579185;1676247470;25685188970
19;24;7041341852;1581923750;32712000757
19;25;11864770599;1358934027;53268393958


THREAD; REPETITION; AVERAGE; MIN; MAX (nanoseconds)
20;1;11902975629;1480061921;53811445450
20;2;5986734915;1403317391;35230800073
20;3;7515997658;1615575373;46627189698
20;4;9348970270;1447279473;41511071379
20;5;10868900294;1631036835;46553462591
20;6;8696736766;1353312991;40513239812
20;7;8171104544;1380181350;41164588377
20;8;12360012079;1530955261;54049028577
20;9;12267230690;1408033354;54290508291
20;10;8325779723;1349942800;40964704592
20;11;7763097033;1527860035;38151255397
20;12;8112918309;1311394744;46796308958
20;13;7833224288;1499450628;47901664387
20;14;9053136909;1501316717;39505968984
20;15;6530207517;1372464377;35197786521
20;16;11766904904;1413560942;53241307625
20;17;11541160786;1589299199;53667413037
20;18;9024765184;1333307236;42411380357
20;19;7554683179;1266774478;46456671378
20;20;11279274734;1339972398;40142958812
20;21;6089531551;1409367113;35524904702
20;22;11693039800;1641413364;43347113111
20;23;6594367212;1654691937;47956335862
20;24;6679927236;1509437163;48671340701
20;25;6863413588;1315818421;47590269363


THREAD; REPETITION; AVERAGE; MIN; MAX (nanoseconds)
21;1;10520801376;1588906132;46401892001
21;2;8264983592;1416948383;42699388051
21;3;9584282394;1425958955;54925021616
21;4;8920389439;1040165998;38226529070
21;5;8729734793;1362427347;38855822388
21;6;8655325290;1670155425;38758748179
21;7;9444086024;1620026987;45722158333
21;8;6273763404;1597809568;25724478460
21;9;6437673875;1509903912;43966947266
21;10;7010308758;1460368636;34296472666
21;11;9840271428;1387317802;46691165917
21;12;7115438862;1526094797;48507989842
21;13;10673115629;1425945337;42490734367
21;14;8569126101;1299497771;40667184656
21;15;6454623624;1568376567;45981922423
21;16;6558187452;1594356336;43368764746
21;17;10380151625;1599239289;35730474544
21;18;9131767461;1517252123;45579821318
21;19;7848894018;1367033100;36614772548
21;20;8188095328;1405508592;39507716972
21;21;10033343471;1654738172;33188801370
21;22;9268894137;1160433449;46982623909
21;23;7809597985;1155773989;38174648943
21;24;10826721057;1455285308;45214450859
21;25;9270342780;1335580500;47190980977


THREAD; REPETITION; AVERAGE; MIN; MAX (nanoseconds)
22;1;6931849583;1513114167;39174535660
22;2;13671572381;1577612029;44807132331
22;3;7149582182;1625871375;39342389395
22;4;7373940608;1326455667;46150467378
22;5;8824658116;1406362331;36490285008
22;6;8781456673;1513602287;37850031708
22;7;7387307067;1566721189;32259372211
22;8;8964291600;1488161624;39748482070
22;9;7198582142;1354757378;46434435033
22;10;9053850296;1512973577;46470404129
22;11;6678735047;1492333872;55763376351
22;12;8180610796;1566266593;38591374322
22;13;8436595635;1513061646;37534557046
22;14;8761109098;1642354196;42002765924
22;15;9293740399;1127330848;37918736809
22;16;8984501747;1388594709;43299328825
22;17;11654221175;1432475566;54188873167
22;18;9637908404;1362183322;45270365996
22;19;6966103910;1404600445;31952375302
22;20;7057263104;1369343729;41832019363
22;21;5196154046;1541342405;48947115276
22;22;7297834311;1129276277;48932210798
22;23;7303007621;1255658261;39308314954
22;24;8572952453;1439681091;36690832075
22;25;7402273935;1523223692;52633700512


THREAD; REPETITION; AVERAGE; MIN; MAX (nanoseconds)
23;1;7433737515;1475823603;37625199292
23;2;8023870972;1582648214;37848740622
23;3;12404366239;1566758625;43633029128
23;4;7114024232;1357794147;46927042474
23;5;7165446242;1522459279;37480832341
23;6;7503315359;1408550598;36882945388
23;7;8692245049;1573503476;38420609323
23;8;6714036788;1472429457;48564449253
23;9;6737727186;1517251983;46452332210
23;10;9354227816;1545624375;46406541334
23;11;8121190830;1442506310;39216885666
23;12;7738520183;1555631302;38898011199
23;13;6262624524;1499913606;46389643586
23;14;6221615733;1521400206;45635927052
23;15;7951974879;1468087565;37304524179
23;16;7042072001;1428771534;38107127093
23;17;10754680012;1562805259;44885122690
23;18;6901049559;1380851058;47570061908
23;19;8546031089;1295695892;44360045201
23;20;8525580679;1361580731;40568087146
23;21;5607470654;1443703319;42855423385
23;22;8743603624;1443390362;37620771984
23;23;7826319875;1664864739;43942568608
23;24;8648425585;1718362250;38078915267
23;25;8876777125;1489922672;38794514387


THREAD; REPETITION; AVERAGE; MIN; MAX (nanoseconds)
24;1;9874216895;1539069700;52397522450
24;2;10127104065;1710054421;48611825106
24;3;7268849216;1477830772;34238967941
24;4;6855725394;1340145326;37959545417
24;5;10122519680;1594202475;33802910426
24;6;7730705097;1298612044;38938167700
24;7;5487777542;1566688015;48155022356
24;8;7692924967;1598618400;37732070277
24;9;8479275935;1380506810;37414060796
24;10;6745646518;1588289154;48952594813
24;11;7235724839;1531839801;46790822787
24;12;6684452835;1490801834;34858867328
24;13;7396759514;1450455854;45920785742
24;14;6641426567;1456904788;43260608192
24;15;7636535975;1545254146;37272760434
24;16;8523544703;1367569481;36109143760
24;17;6998440174;1412409957;44899935467
24;18;5952650012;1285991236;39609968656
24;19;6464583615;1514044173;36862983633
24;20;6601748818;1461096383;47587457065
24;21;6986033358;1520733571;36789044697
24;22;8030715923;1467944250;45647153479
24;23;8462669487;1544418774;41961826992
24;24;7443800573;1572301298;45778998728
24;25;12304889593;1492276183;55847114507


THREAD; REPETITION; AVERAGE; MIN; MAX (nanoseconds)
25;1;7385647621;1412684363;37330471611
25;2;7292327083;1434507458;38259944420
25;3;7659934108;1470891622;38905692762
25;4;7840213376;1144859822;47789737732
25;5;12404098137;1378019553;54811690033
25;6;6528423042;1467440555;43650834743
25;7;7444480542;1366159665;39637441072
25;8;11396488825;1527454956;53477504264
25;9;7655236436;1336209490;37740523097
25;10;8337084634;1428522201;37178115096
25;11;6989692227;964183506;36883317293
25;12;7382983652;1329910017;31786559325
25;13;6154097340;988932811;34310856617
25;14;6490059358;1377709877;46834007395
25;15;7956017113;1603694952;39255366115
25;16;7730165364;1579298067;43369765711
25;17;8313621258;1520528657;37873081076
25;18;5840858544;1579922518;45569880809
25;19;11022755142;1458255519;42447039498
25;20;6954199896;1307211880;37150875670
25;21;11560450821;1436959586;48011301716
25;22;9024206056;1246237860;47075786797
25;23;8062257894;1576405241;44518623526
25;24;5883848395;1360969131;47926151299
25;25;8213497060;1481554569;37210171614


THREAD; REPETITION; AVERAGE; MIN; MAX (nanoseconds)
26;1;7270066742;1305816941;37038673491
26;2;11157192050;1416308707;53636200062
26;3;6591246364;1582954887;35955942515
26;4;7343401639;1568252110;37825222409
26;5;7575684175;1534729623;37863005493
26;6;6561352053;1454478433;35330083362
26;7;7021377554;1545917638;27298493594
26;8;7575549372;1503264871;46773357717
26;9;5857887900;1532474379;31649809123
26;10;7581391530;1367264764;43874046073
26;11;5496596165;1429636937;25377111406
26;12;9844813918;1506527157;47559019373
26;13;7582750424;1546464006;37607383131
26;14;6154233663;1500554819;43700867010
26;15;7155924301;1636618341;48815551278
26;16;6878489404;1518100345;38915079920
26;17;7163285893;1560218478;38729888295
26;18;11138988692;1634083871;54575636918
26;19;6755465550;1410261360;45512366866
26;20;6379667575;1326413901;43877764981
26;21;7434071894;1378826359;37708963150
26;22;7503943857;1480641394;53241513656
26;23;6874000842;1428894525;36698422635
26;24;8287121104;1541532234;37184348011
26;25;5767282357;1495022971;44677460054


THREAD; REPETITION; AVERAGE; MIN; MAX (nanoseconds)
27;1;8635345935;1505300674;38402750838
27;2;7145513059;1526864588;41721673564
27;3;7168148738;1399224971;46689339427
27;4;5729890985;1431042981;28572506562
27;5;7086339134;1387180354;37078753654
27;6;6983795957;1236307547;35760245925
27;7;8331134548;1492553662;39888395871
27;8;5981259420;1540645040;44590018704
27;9;11054211175;1081812633;54412013538
27;10;8582836806;1554222813;38454685652
27;11;7225918896;1423448581;37338647580
27;12;10524595676;1248067352;51335480208
27;13;8341131759;1484450049;37260243201
27;14;7689556239;1492886107;38513916015
27;15;5535920662;1367452149;41274633508
27;16;6251253900;1334631846;47471977723
27;17;5287550252;1128902626;23520415234
27;18;8304443129;1388623065;39213990116
27;19;6862534908;1520474460;35488214144
27;20;7280677887;1345166494;39362372592
27;21;8565955398;1496345416;54514607583
27;22;7163830808;1715809062;36641041320
27;23;7932874250;1494969821;42867546364
27;24;7147121930;1677950270;41382309623
27;25;7658536547;1571248231;44527932810


THREAD; REPETITION; AVERAGE; MIN; MAX (nanoseconds)
28;1;6868234419;1525951553;36793933796
28;2;7598237358;1523335648;34619524199
28;3;10281223078;1399883923;49894599174
28;4;5623520741;1542524050;47915508326
28;5;6000474670;1517793742;44866884688
28;6;7756602673;1477713787;38359287843
28;7;5715733277;1359695436;41694111333
28;8;7245558058;1591735542;36628412270
28;9;12172481663;1526842378;53462759512
28;10;5302617080;1406063131;42861592535
28;11;7128215173;1512247995;36329941305
28;12;8710796848;1685128207;42872743603
28;13;6375462245;1523911140;46870602409
28;14;6384090592;1424519388;41133756315
28;15;9104631313;1391489561;44969409800
28;16;6673507992;1541251123;42007398776
28;17;10827881371;1538736139;53840231859
28;18;6916422767;1195764895;30501839200
28;19;5543066979;1427179222;42048965511
28;20;9508220348;1377260518;47716539811
28;21;6581176835;1520981787;30679586023
28;22;7145809639;1544607485;35523022479
28;23;8080669163;1405140598;35678200022
28;24;8083215956;1245545244;32885156004
28;25;11511075045;1519608847;54791445770


THREAD; REPETITION; AVERAGE; MIN; MAX (nanoseconds)
29;1;5447316681;1513772700;45367439297
29;2;9624845786;1242701586;47699083543
29;3;7595675231;1381113801;37899850121
29;4;7053092522;1351799321;38276193901
29;5;12041747358;1350710985;42285962671
29;6;7477452133;1558714236;32175539000
29;7;6147426664;1303265709;29655575290
29;8;8590761479;1386913211;37836098024
29;9;6674492751;1476444841;35100419467
29;10;13874506533;1452031822;54856521988
29;11;7417218350;1596045028;33439129135
29;12;6788841645;1391717244;37280313280
29;13;7648229541;1500828039;37022034644
29;14;5849031976;1368695463;32795219854
29;15;6578309472;1200933079;34835766557
29;16;5635765411;1556483924;31781003521
29;17;6908267770;1424240999;38591957916
29;18;5449649218;1337392532;28090543072
29;19;5996942483;1304653873;40401420781
29;20;7163517788;1413634275;35491166056
29;21;6451467524;1556672077;39947218083
29;22;6299760715;1368586231;40230283667
29;23;6858691242;1569205374;39961844732
29;24;6957573051;1104854318;43882384143
29;25;7078423176;1556459340;40909721137


THREAD; REPETITION; AVERAGE; MIN; MAX (nanoseconds)
30;1;7277218316;1376226099;43674228708
30;2;6292295844;1335272849;43847177714
30;3;6669163314;1410694096;47826408454
30;4;7106511782;1353091664;42962123119
30;5;5975616488;1349634730;43855222521
30;6;5939049197;1421970460;42894335244
30;7;7441039605;1525997229;39485482234
30;8;6504524985;1583245776;32439234107
30;9;6504368038;1479325305;47549620831
30;10;7895043956;1674810696;37472528422
30;11;7491640620;1433347954;41434148824
30;12;10244274090;1575848606;44984931884
30;13;7138871336;1447217454;35051996273
30;14;7167217342;1050949283;31629149514
30;15;5641759451;1533955713;31786733160
30;16;6951347093;1464437589;36225796994
30;17;5376955867;1503976692;29444061955
30;18;7605784155;1294548539;39402039296
30;19;6161561170;1229578340;42805687175
30;20;6730424982;1405801785;43716444269
30;21;10030619849;1523268740;44010796833
30;22;5894512624;1380332696;42866992592
30;23;6258339224;1470044796;46310701291
30;24;7577816626;1079795337;46626915222
30;25;5490528264;1407096573;34412948503


THREAD; REPETITION; AVERAGE; MIN; MAX (nanoseconds)
31;1;6012436221;1522043165;25839392507
31;2;6964098214;1508601931;46897003181
31;3;5985555539;1506203931;43549965009
31;4;5995524953;1320394422;37207172140
31;5;7251410560;1477062168;34394997059
31;6;8043668474;1348899092;45660649468
31;7;7516852388;1537719669;37036136576
31;8;6407659878;1258856224;32193029282
31;9;5736265665;1471548898;18999510552
31;10;12734543245;1476513914;52733191369
31;11;6093535525;1320366275;43502267677
31;12;7561831588;1417202117;28958414128
31;13;6730892659;1537912221;44712883481
31;14;6850075911;1544342507;32354544712
31;15;5587560738;1320104860;43774986835
31;16;9222191690;1514032720;54963045373
31;17;5946357847;1328050213;42806424908
31;18;6642024055;1405405994;41664094179
31;19;5644587001;1285748118;32179803229
31;20;6501286053;1390774176;32949758838
31;21;11266463235;1643147314;42453082654
31;22;8083123440;1061965138;22093606590
31;23;6301950157;1314412795;47259228268
31;24;6656936261;1488606024;29411515360
31;25;5993083190;1392497300;44545103777


THREAD; REPETITION; AVERAGE; MIN; MAX (nanoseconds)
32;1;7113649413;1217998376;38883264632
32;2;6011944411;1538854868;33481584810
32;3;7252203903;1477207439;36002280108
32;4;6027345193;1519981520;33105392096
32;5;10655096419;1530977401;42848323740
32;6;6962397137;1197933327;36696606273
32;7;8862040825;1635762506;46814569240
32;8;6538362258;1416251506;42534601046
32;9;7571558479;1477812544;38435268030
32;10;6414529478;1369008491;34741349669
32;11;5871464003;1514815920;32378281249
32;12;6181279813;1519523152;37821372828
32;13;6515260499;1546400380;43475535787
32;14;7608604566;1345108177;37528958499
32;15;6506569858;1332164913;33477745286
32;16;6449536145;1124281997;45684544265
32;17;5464113699;1476790974;28695457244
32;18;5935224019;1455403969;45531248315
32;19;8007583166;1343449447;43847162279
32;20;6338481806;1543311370;43810536814
32;21;7801199273;1528167686;30037745859
32;22;8211512385;1540888507;37374421261
32;23;6645828143;1308926554;30887073846
32;24;7393978952;1512313506;37654819398
32;25;9345656626;1492794545;45716552942


THREAD; REPETITION; AVERAGE; MIN; MAX (nanoseconds)
33;1;6060423621;996410089;23083231598
33;2;7044494463;1033431623;46951498934
33;3;7322397035;1552119753;36721460618
33;4;5714319663;1512554249;44720689920
33;5;13249591255;1049722521;53313763062
33;6;5762658435;1410921710;44837989116
33;7;10924870743;1559669595;40943128806
33;8;10061543299;1555733131;39368545095
33;9;11181361049;1539583383;53856092534
33;10;7115832493;1063827037;37263668916
33;11;5625677889;1570088447;40591283529
33;12;8971400769;1536245249;44361479532
33;13;6097394384;1530883814;22859158776
33;14;7584580279;1532298588;44629941654
33;15;10261754059;926264441;50195701129
33;16;6337874561;1325803978;25564039005
33;17;6539264801;1516132427;43527962004
33;18;6566835058;1444889574;33360765405
33;19;11270987331;1327268340;42527861432
33;20;6684018418;1359622242;33834340258
33;21;11214857072;1083656232;53509273944
33;22;6249688876;1461102389;33262635056
33;23;7254261727;1558545359;42638856824
33;24;6658642718;1526113724;44065089418
33;25;13439175632;1565946649;48877203528


THREAD; REPETITION; AVERAGE; MIN; MAX (nanoseconds)
34;1;5095873094;1000699740;25664375360
34;2;6557776066;1488292856;28063605640
34;3;12631584290;1458476496;50061887544
34;4;7443374649;1516864853;40096157124
34;5;5541095598;1456784103;25809544369
34;6;6060038833;1406926369;46727701007
34;7;6976060824;1474027565;36733417864
34;8;8406952634;1463385011;34998163244
34;9;7352238266;1577652956;42722366390
34;10;11557895141;1202732749;52570394073
34;11;8237433283;1760914446;36654669239
34;12;5982826586;1375786238;42802354559
34;13;6395741874;1338348380;26371058543
34;14;5835485661;1284082195;40146709847
34;15;7479365142;1778361426;37493521173
34;16;6859908809;1077062518;44883664963
34;17;5567678806;1539456062;32173933698
34;18;5810680602;1509896998;19063885354
34;19;5405210799;1352517079;29810036960
34;20;5919775594;1460379462;35426845451
34;21;5940185601;1328247235;42787686284
34;22;6035716599;1478840747;42391693427
34;23;5576552420;1516325958;36362281100
34;24;6191313779;1432237337;35887824290
34;25;6504822731;1267184377;36321247603


THREAD; REPETITION; AVERAGE; MIN; MAX (nanoseconds)
35;1;5657181801;1346374051;30558912864
35;2;4989066548;1424318873;26038195147
35;3;11443088841;1454780635;48590766284
35;4;5368070714;1438663992;33991800983
35;5;5717491872;1476851038;40813766624
35;6;5347662117;1496664101;28760010281
35;7;5646714215;1069983825;33411015995
35;8;5668683824;1317131926;28669407774
35;9;11196023719;1465942599;56133642334
35;10;4931666399;1520801597;32562132059
35;11;9997716877;1466430859;45227491972
35;12;5976184883;1384851845;34862587144
35;13;5130058517;1445901434;35867882441
35;14;5183988826;1527030949;36176060714
35;15;5445336241;1411797728;38044339015
35;16;5709858306;1213913151;41836816551
35;17;10378386285;1027151635;50848883238
35;18;5681292141;1312475957;35924863426
35;19;5828971021;1534397109;29729524981
35;20;5084678994;1509415652;34688378271
35;21;6054110820;1229996899;18713319291
35;22;6414090300;1495965619;36338127611
35;23;5271779594;1317874129;33757514013
35;24;5921876194;1521400974;35229668436
35;25;5393572756;1383647363;39830592715


THREAD; REPETITION; AVERAGE; MIN; MAX (nanoseconds)
36;1;5784722179;1053174496;33354569855
36;2;5623103952;1340608234;28127864854
36;3;5868656194;1403337575;38769140840
36;4;6389800207;1556464509;42782107362
36;5;5533068711;1516097228;37638103796
36;6;5998132241;1413849875;36708890236
36;7;4753345520;1381966493;22010044014
36;8;6614948683;1429880334;37819500802
36;9;6048386045;1485609554;32956809595
36;10;5376331018;1344872602;39623190168
36;11;6613736329;1383865128;36086898544
36;12;6758377536;1433742068;34902138191
36;13;14457901900;1528762175;52945790805
36;14;6844826919;1499187047;39118488174
36;15;6955754260;1423258054;36294053644
36;16;5377017793;1323976511;31764450300
36;17;5410070617;1463067164;37205714064
36;18;6537452503;1314945405;35905558947
36;19;7291606318;1428439508;40177567959
36;20;6521549427;1084904715;36668071152
36;21;5514759972;1551666273;40467049444
36;22;6574972027;1376298733;36025855521
36;23;5309147411;1463143640;32108831989
36;24;6450051833;1355768680;34840842341
36;25;5499331059;1323479799;39790859593


THREAD; REPETITION; AVERAGE; MIN; MAX (nanoseconds)
37;1;5723315946;1524852810;48860549945
37;2;5257915892;1414703265;23879432652
37;3;5805424516;1508689652;41607644337
37;4;6593855544;1570912155;43532266531
37;5;4950925739;1353892603;27208627284
37;6;5626951285;1369007304;34223175572
37;7;5163828957;1277285870;33824437534
37;8;5875639593;1427195845;25708966922
37;9;7807154283;1420701444;34098729727
37;10;5727678767;1587183008;31225274860
37;11;5993786938;1338885319;42760311995
37;12;6072561513;1409031385;30149217847
37;13;5147507097;1295837949;26684204626
37;14;5731891291;1308458268;28640780952
37;15;4795275832;1501901917;24960266598
37;16;5224620192;1593204374;35954951747
37;17;5687649811;1149381416;40753836731
37;18;5752817658;1366079627;41921004975
37;19;6536212889;1400724534;35437601497
37;20;5310349713;1442013790;33815424725
37;21;5180105493;1703667715;34481401338
37;22;4745291918;1389276291;27224528537
37;23;6780055861;1352442769;36042891555
37;24;6104085143;1360079074;27675752365
37;25;7147908606;1442582088;36772120199


THREAD; REPETITION; AVERAGE; MIN; MAX (nanoseconds)
38;1;5055151759;1543976399;33803546400
38;2;6624542072;1451233676;31690715929
38;3;5673357145;959216604;19906358909
38;4;5115421102;1529343674;27213873481
38;5;4836625575;1537325903;33429234511
38;6;5411589845;1372733895;40794736622
38;7;5238802059;1364594802;33688276303
38;8;5610463962;1458990249;41296162710
38;9;5210351282;959660236;41784928392
38;10;5747318348;1466179221;35940552081
38;11;11879771199;1537490379;52957019677
38;12;7098729040;1337836304;37978350949
38;13;6357365348;1431728404;44034115021
38;14;5816587766;1475925083;40937086347
38;15;9621126666;950706514;53890704964
38;16;4711170406;1354760032;36805566419
38;17;6616503506;1513571347;39903450509
38;18;6109999656;1456623817;30956302827
38;19;5511278057;1530344429;31799428000
38;20;5635000752;1520179171;34373440340
38;21;5634758015;1391554513;42744886221
38;22;5018043879;1322653717;39196475040
38;23;5327817002;1361816656;32871410333
38;24;5492963824;1648889942;28021523755
38;25;5926363182;1446184291;29972467870


THREAD; REPETITION; AVERAGE; MIN; MAX (nanoseconds)
39;1;6275216527;1415479970;34860875195
39;2;6015351939;1168297577;34619515749
39;3;5917476152;1571810872;30665840910
39;4;4688436960;1386972296;29772491964
39;5;6122425017;1101382648;28082081103
39;6;6372016534;1675765634;41761395862
39;7;4903974235;1476377026;28827375337
39;8;6239306041;1688348030;35020503583
39;9;5906348465;1593161072;28207068776
39;10;4640980240;1343634666;38877578854
39;11;5734798296;1543728951;37861543087
39;12;5642889131;1728621724;32030718430
39;13;6184499209;1519337583;35278813438
39;14;5601964130;1502358261;34769440460
39;15;5902382691;1507997385;32620743139
39;16;5900079318;1052682255;33989857161
39;17;5764313566;1512756509;33744166507
39;18;6589182693;1590278234;37206810573
39;19;6630203151;1401859664;36124282765
39;20;6260960834;1358580839;40900711194
39;21;6414161616;1458901271;35245775859
39;22;6257061643;1406477988;29422612301
39;23;6458509666;1337033268;36877236562
39;24;10126541974;1370389044;54794167415
39;25;5778171151;1363171227;43826846219


THREAD; REPETITION; AVERAGE; MIN; MAX (nanoseconds)
40;1;5151039728;1299739283;42883578221
40;2;6260153718;1552826686;43789379377
40;3;6200390661;1550549581;40367628707
40;4;6382137948;1040414774;37591859021
40;5;5237038082;1361474433;31472813374
40;6;5526240972;1553345398;39766563418
40;7;5892300925;1398475016;33713993120
40;8;6649899004;1436180227;35631337572
40;9;6218690941;1384899128;38359472921
40;10;12779662710;1401289619;52220863475
40;11;5901817905;1522398727;40144388532
40;12;6673681144;1376715825;38205011531
40;13;5441156272;1398700463;28623830193
40;14;5626888839;1499810450;39825439127
40;15;5832878094;1415562313;27911017462
40;16;6240299238;1103185112;27079341159
40;17;5210198648;1524547393;30530943527
40;18;5221512228;1641006888;28229550544
40;19;5774258343;1411329164;25813699227
40;20;8477972265;1579253229;51888891047
40;21;5571789009;1337069027;26906704064
40;22;5170561694;982399229;30283515223
40;23;15233193073;1415226935;47821523336
40;24;6917466199;992487872;37506071093
40;25;5652042077;1433946214;42320707310


THREAD; REPETITION; AVERAGE; MIN; MAX (nanoseconds)
41;1;5228780120;1469805730;36507885010
41;2;5286059700;1541711447;36252895200
41;3;5440031871;1499880920;37634418131
41;4;5127346569;1394028222;27120410136
41;5;5236875964;1422431412;40987011338
41;6;5794926704;1409957970;40100282368
41;7;5836935978;591293796;37475723311
41;8;5147322217;1489985180;35321397342
41;9;12062550584;1488596595;53240609281
41;10;6175822008;1482897338;27081953712
41;11;4977862955;1553372914;27084107059
41;12;6429665990;1460276586;32392301116
41;13;4651552497;1471741870;36461750236
41;14;6080522403;1536131687;30895852336
41;15;9874534930;1424403171;54943432685
41;16;5611770571;1316182923;35385284233
41;17;4913719538;1166533596;41108555487
41;18;5404761392;1471906067;30306304153
41;19;5932542207;1417284110;35675009743
41;20;5436766254;1098610088;24225540187
41;21;4995607582;1408189867;31906254636
41;22;5635460137;1347854126;26457124089
41;23;5622282153;1173344517;39108804332
41;24;5377028571;1641026024;27063842472
41;25;5870832609;1032395528;31192191535


THREAD; REPETITION; AVERAGE; MIN; MAX (nanoseconds)
42;1;7536441522;1366651068;42707257138
42;2;4948538066;1519148243;30930860417
42;3;5594185352;1514496047;31145854152
42;4;5711059421;1063080992;41387444563
42;5;6026765476;1040694837;35882526201
42;6;6419853955;967065716;34760342725
42;7;5596408201;1294166927;42185416373
42;8;6129920049;1684903389;35268026173
42;9;5168407216;1384608938;38439571091
42;10;5782132154;1342176310;31830608918
42;11;4772616756;1460582630;39467271958
42;12;5648705918;1033292290;41030272842
42;13;5616130893;1501477632;32228856251
42;14;6091324268;1331406436;33166440776
42;15;5334814444;1227599946;35616073761
42;16;5818350205;1576064347;34136875566
42;17;5022062386;1292711574;31542241193
42;18;5043785750;1324867336;32726573489
42;19;6167627959;1565734682;34954195645
42;20;5423739100;963169481;32043011123
42;21;5424137062;1367924903;29865637741
42;22;5313735402;1143451682;36186048366
42;23;6582316442;1389099383;36768503190
42;24;5992123988;1070523070;33410856896
42;25;4637971289;1345190381;28742827580


THREAD; REPETITION; AVERAGE; MIN; MAX (nanoseconds)
43;1;5499987041;1152564642;39155373029
43;2;6942060679;1432787547;38829201057
43;3;5875492539;1055587303;37969127012
43;4;5307436577;1548335333;39996223542
43;5;5360693681;1369156625;27836854195
43;6;6318121673;1105064960;41856623537
43;7;5686264072;1483819522;35604891474
43;8;5822838440;1013341221;32733357382
43;9;4957723311;1414288199;28592862292
43;10;6183930764;1605373937;30554004908
43;11;4841871819;1449575435;18377286429
43;12;7692955532;1528244512;34602828571
43;13;5733570378;1492762768;55402816489
43;14;5485813367;1563398560;32611593792
43;15;6117897838;1480938639;35856096375
43;16;5095231732;1561748769;37929594473
43;17;5551450092;1339504741;42462413240
43;18;12548193040;1403751734;54959488496
43;19;5799348171;1562833754;40735607598
43;20;4844723488;1579640709;30643138444
43;21;6169423366;1120819894;30203484242
43;22;5802959567;1537314589;37507235626
43;23;6066943813;1459316687;37412628071
43;24;6238438620;1309467195;33674082739
43;25;6046189305;1366354313;35345728159


THREAD; REPETITION; AVERAGE; MIN; MAX (nanoseconds)
44;1;5285662165;1048524743;26593747041
44;2;5323442873;1523598251;33188615942
44;3;5957626144;819322079;43802147410
44;4;5769375266;1520655139;32932243134
44;5;4942064086;1367143171;27738125306
44;6;5872001837;1618777665;38722969958
44;7;5492456314;1449004343;30432702550
44;8;6639400940;1572926797;43894436165
44;9;11060544723;1533211624;39236161579
44;10;6418644187;1078797236;36523897311
44;11;5777258891;1430486347;31371827006
44;12;5969563211;1310440852;42753406857
44;13;5930485209;1452362871;41824867476
44;14;6589492382;891426634;34745662996
44;15;4978378418;1445642952;32333413535
44;16;5155068746;1072149952;29899123981
44;17;6042089148;971402092;33444137523
44;18;4802685974;1315980383;33922756593
44;19;5928527053;1448431226;33439113142
44;20;4954307515;1384797998;25507307074
44;21;5783688899;1030845191;33335588951
44;22;6769240815;896165225;33993027535
44;23;5836511221;1157314058;41224010873
44;24;5332123985;1528034289;43773260289
44;25;5308828212;1090122907;31554925765


THREAD; REPETITION; AVERAGE; MIN; MAX (nanoseconds)
45;1;6443413648;1310121887;31700126622
45;2;5684453534;1517934542;34693706463
45;3;5488632098;1524510517;31006668515
45;4;6150235048;1465451615;31851311549
45;5;6058221849;1540828933;40243238247
45;6;5586643332;1287716386;41132339795
45;7;6720783915;1455258001;36137136075
45;8;5384699341;1336011909;38382588779
45;9;5826009224;968929501;33855637797
45;10;4974187394;1511528351;31860485550
45;11;6174358423;1401057537;31951729409
45;12;4870409222;989018087;37362304497
45;13;4864586197;988896773;31279932714
45;14;7645705265;1103309010;53925042848
45;15;6364173549;1497390590;33685313427
45;16;5910571053;1592215840;34829055788
45;17;5652135263;1427961864;36755962489
45;18;5570156947;1469893869;31599734463
45;19;4920807252;1351848419;31988614475
45;20;5969554627;1054649124;36403766191
45;21;5725902731;1083513756;32744965142
45;22;5584590947;1027383997;32218713063
45;23;4913015439;1759801804;19919552415
45;24;6374838421;1445263713;34158193918
45;25;4700105322;1544038767;35430176880


THREAD; REPETITION; AVERAGE; MIN; MAX (nanoseconds)
46;1;6474283020;1152344641;35366000707
46;2;9444309156;1526481159;54909166249
46;3;6654703481;1128786829;34388221269
46;4;5965600104;1353720375;30656859670
46;5;6471324679;1535723674;35135658583
46;6;5360643838;1019127501;32126794956
46;7;6270492875;1361301576;36908054794
46;8;4655476673;1501705454;39211092890
46;9;6883702345;1352893315;33399775391
46;10;10936634761;958886883;54430947090
46;11;5450490334;1512986497;34209571188
46;12;5486462585;1149379111;37142623085
46;13;5381459195;1007438166;40462131919
46;14;4953421927;1014938491;35193749485
46;15;6605898839;1052336400;31613599005
46;16;5990068707;1233257090;32474028193
46;17;5196261023;966629767;27736801674
46;18;7240708637;1412193030;43009619449
46;19;4825941343;1327008461;32756187100
46;20;5603190781;960452027;29473996066
46;21;5780834345;1131233578;41481330239
46;22;5959818567;1357677232;25366854726
46;23;10697033426;906506902;49834583236
46;24;5145082090;1026278758;27909236788
46;25;5186949996;1282398531;42876937501


THREAD; REPETITION; AVERAGE; MIN; MAX (nanoseconds)
47;1;5436332984;996516806;40192950640
47;2;8987594097;1502539289;23839263789
47;3;6729975443;1385424125;33092516857
47;4;6101847151;949398108;30075734276
47;5;6923834173;1083736969;39321664975
47;6;4542615957;1173966943;37849497981
47;7;5884945149;1563160122;32377183204
47;8;6275784554;1603910134;33562621995
47;9;5977113598;1502288419;33200371486
47;10;6239384751;1276297337;33529699376
47;11;5028482503;1375321724;25834039592
47;12;5105921359;952124083;32681264378
47;13;4457863395;1000551047;31594555593
47;14;5516595436;1547470140;32595991250
47;15;5628571382;990863574;35194581085
47;16;5653384200;1056852897;37842226247
47;17;4966912822;1101453537;30679764886
47;18;5352125840;1467092466;42271926041
47;19;5005039068;1020817800;31672230200
47;20;5505492406;946558292;42740860709
47;21;6445894952;1044947542;32938543795
47;22;5721815458;1310180414;31493488907
47;23;5391280361;1018766142;36397627492
47;24;6417100407;1224270404;34425887299
47;25;4897048461;1331608417;33153177080


THREAD; REPETITION; AVERAGE; MIN; MAX (nanoseconds)
48;1;6913149401;1396984184;33329779902
48;2;6311432509;1388556367;31203336457
48;3;5030447496;1557472738;29270802155
48;4;6280670925;1126353489;40824035038
48;5;5349413559;1054576350;40855200452
48;6;5631988203;1117281595;33617826567
48;7;5928346472;1017059920;33940944031
48;8;5252008604;1131375217;31171962009
48;9;6912071439;1188030113;36827980162
48;10;6279954328;972636187;34698979340
48;11;6451117831;1584530157;36937469777
48;12;6614200015;1414629303;40805609442
48;13;6092770445;1121973323;34565241602
48;14;5725075531;1022847946;31341424259
48;15;5357968738;951292972;26738141580
48;16;5499415899;1425356016;38564672395
48;17;8514176601;1083710221;52544255974
48;18;4627592240;1455280629;25330104734
48;19;5622607124;1074776263;31996093429
48;20;6522265612;1512528827;33676559172
48;21;6248412496;1558355392;36610501335
48;22;4817198828;1510993296;35957614795
48;23;5424580027;1440012698;40456094350
48;24;5495610742;1149308850;33703006248
48;25;4363418173;1320045425;28983144645


THREAD; REPETITION; AVERAGE; MIN; MAX (nanoseconds)
49;1;4900432299;1207349468;26649427720
49;2;4915040292;929793940;30309674833
49;3;5657840432;1397852101;40812497119
49;4;5959927033;1040382856;25191750069
49;5;6071402206;1507893252;21010168331
49;6;5749360917;1074535311;32135678976
49;7;9388059527;1599996578;24445326361
49;8;5772040998;1555970871;35035344716
49;9;4680738465;991335630;36282133903
49;10;5961393171;1163090002;34509208712
49;11;5615309082;1569691189;37810746478
49;12;6635725591;950580171;38146605853
49;13;6581764125;1094159873;34114494441
49;14;5585523113;1145075352;33124772142
49;15;5581547030;1293302570;35817076541
49;16;5414675867;965178885;30075085800
49;17;4910761397;1561906053;33903860198
49;18;4898984843;1042597034;32093448539
49;19;9917867777;1136773947;43876041089
49;20;6701174094;1301938794;36904645143
49;21;5613699138;1364833729;26444260444
49;22;5901110558;1582819116;31457336617
49;23;4562021857;959582783;23678328042
49;24;5483669732;1508513582;35767982313
49;25;6972773513;1109227290;30017032542


THREAD; REPETITION; AVERAGE; MIN; MAX (nanoseconds)
50;1;5659147029;1076009591;18192007574
50;2;5208809431;1301084147;37824498156
50;3;5163409722;1056890331;35291751256
50;4;6137002787;1115762688;42927470740
50;5;5879650601;1583592537;30479310499
50;6;4753857175;1016692834;33579241915
50;7;5022040647;1117351227;37694870367
50;8;6448154529;1401441245;34850366318
50;9;6210058824;1545011377;31611136262
50;10;6092399339;1214713672;31629385927
50;11;5477851983;1484150359;35754628242
50;12;6581151757;1322220212;35836577484
50;13;5493960082;1330287299;29528100429
50;14;5316047533;981756551;37131874023
50;15;4837475842;1021821977;22623566263
50;16;5096457203;1525139508;34388972760
50;17;10916265435;1590874469;49693099961
50;18;5807019586;1556087366;31872687799
50;19;4675315302;1094250736;24128587292
50;20;5393142881;1127729851;34900795492
50;21;6100993689;1229462963;35061023957
50;22;5395117574;1006411500;35870371304
50;23;6322176820;1589940202;38843638927
50;24;4835269213;1052137981;29398510285
50;25;7832654582;1486447439;43870688314


