THREAD; AVERAGE-REPETITIONS; MIN-REPETITIONS; MAX-REPETITIONS (nanoseconds)
1;9495531955;619719740;30703920509
2;614627588;3628424;749905496
3;446355837;2867216;601354694
4;352307614;2725122;512852532
5;327887761;2497976;463374104
6;260047004;2450800;408230853
7;262727493;2394726;384469475
8;257869071;2383112;366401506
9;242250983;2402889;346851205
10;235984889;2386440;343960863
11;224984345;2460776;327453729
12;215450269;2497211;327009860
13;199184848;2594458;323608176
14;195027583;2740926;331680889
15;193778601;2855913;336608015
16;197110651;2882330;337531205
17;195551216;2936110;317041828
18;194224233;3037277;322196796
19;194124564;3134267;329004585
20;194040013;3187206;319737569
21;191935529;3476481;315575267
22;190462003;3297430;311871067
23;188638877;3403432;323930966
24;186783299;3559391;317582192
25;188525807;3403435;321521542
26;182652680;3681412;316552514
27;183336468;3711541;309171721
28;181530086;3906934;317533052
29;182796114;3775317;316595908
30;179809988;3996156;307815289
31;179716522;4042167;307489834
32;178818723;4280574;299652221
33;178495898;4314157;298065552
34;180213677;4578489;301094086
35;181592955;4240815;308503661
36;182857774;4417178;312980348
37;181131863;4441916;302888590
38;181590537;4544292;308905919
39;181873310;4682114;317363818
40;182474452;4763951;317279310
41;180996132;4641436;318691937
42;182752348;5138588;319813484
43;183637119;5042436;318155673
44;181419984;5160619;311739128
45;181524743;4552818;323033918
46;181968427;4571692;317061771
47;181999499;4565666;316156600
48;182806045;5091339;316866026
49;182046350;4557861;304840137
50;182922909;4988586;318765689
THREAD; REPETITION; AVERAGE; MIN; MAX (nanoseconds)
1;1;9561187320;208542287;33978035825
1;2;9016771369;1318687082;30608748598
1;3;8527724325;207413443;28760549386
1;4;9795813411;223574155;29213955894
1;5;9706844825;1200478692;30511099386
1;6;9238733123;1960547220;30065031589
1;7;8824177834;239094913;24735282836
1;8;8779911122;194994824;29637128043
1;9;9794198577;1410650726;29527601972
1;10;11756819808;222071730;35468592657
1;11;9304402083;293013707;32335674995
1;12;9214845065;636275141;31346427968
1;13;9028228471;195190450;28394437561
1;14;9467074318;1116446783;31029639102
1;15;9002082231;226495477;28465322897
1;16;9457633906;210477309;28676439534
1;17;9585398259;1094515364;34273205254
1;18;8623492783;1503674280;29056573741
1;19;9951999558;210755207;31659088097
1;20;11056653353;1336491021;31942870113
1;21;8924287010;207090916;28962030858
1;22;9946367497;208132807;32925265292
1;23;10571890461;224660955;33798083835
1;24;9599460206;218775012;34378012429
1;25;8652301962;624944023;27848914876


THREAD; REPETITION; AVERAGE; MIN; MAX (nanoseconds)
2;1;614315571;3705150;840741631
2;2;617666502;3598642;704175111
2;3;613993779;3743213;733265191
2;4;617542936;3129448;784807636
2;5;631226723;3658775;731636632
2;6;617230982;3647530;745764546
2;7;620266180;3685873;762512204
2;8;610276233;3595988;758331087
2;9;608992095;3766610;738358227
2;10;620159476;3590610;739550836
2;11;622701160;3747474;817683113
2;12;623263767;3704381;809153468
2;13;616253992;3594521;751298000
2;14;605029199;3429417;730341008
2;15;622408120;3634471;713826687
2;16;603341892;3599760;715505811
2;17;610473594;3721772;746388228
2;18;614284126;3711016;785084906
2;19;613409257;3537112;717466116
2;20;595640630;3498280;724070936
2;21;606815587;3667506;728584918
2;22;602907618;3725752;703474953
2;23;618195360;3730502;756732420
2;24;629812588;3713112;779664943
2;25;609482354;3573708;729218797


THREAD; REPETITION; AVERAGE; MIN; MAX (nanoseconds)
3;1;440161885;2878997;592170094
3;2;438654007;2828153;546807066
3;3;441980463;2754191;599794527
3;4;463239362;2948769;621696123
3;5;445902622;3034045;588112455
3;6;451062690;2935639;625159204
3;7;447575759;2851829;575855940
3;8;442003149;2778287;589896272
3;9;442315702;2772419;584395154
3;10;437894696;2650267;601600343
3;11;463371342;2974609;597743777
3;12;447753616;3022661;569832828
3;13;449140494;2811042;578170131
3;14;442984779;2786807;595849891
3;15;438845347;2850292;554110508
3;16;439989912;2847918;645180533
3;17;442411303;2724298;621157159
3;18;449470012;3043823;619637412
3;19;452170516;2890451;575871864
3;20;440466741;2816629;562854496
3;21;436483218;2736801;614225482
3;22;449492289;2749162;686244271
3;23;444228845;2844845;657429855
3;24;458705878;3045429;646951219
3;25;452591299;3103048;583120760


THREAD; REPETITION; AVERAGE; MIN; MAX (nanoseconds)
4;1;348850737;2647543;490471065
4;2;352544763;2649150;500915619
4;3;340148643;2749232;509653392
4;4;352720799;2714032;479417147
4;5;353266661;2816210;477982257
4;6;359316595;2827105;504756611
4;7;348704150;2803918;515110161
4;8;346834276;2728489;491706278
4;9;348849449;2723391;567696663
4;10;354673438;2519314;590436145
4;11;359705833;2825219;544765116
4;12;360222219;2533492;506710559
4;13;355712155;2823753;493204862
4;14;348366571;2773327;476618677
4;15;343025423;2587619;473857362
4;16;347827885;2813556;538424855
4;17;355845728;2677505;525549267
4;18;365918563;2756426;497808032
4;19;350927444;2779124;459900420
4;20;346590490;2732470;483871833
4;21;345076154;2764038;594422126
4;22;346777713;2679530;595859948
4;23;354969366;2537055;530059477
4;24;361223351;2806572;493465440
4;25;359591963;2860000;478650010


THREAD; REPETITION; AVERAGE; MIN; MAX (nanoseconds)
5;1;328358954;2564153;468494390
5;2;324366965;2552210;460677893
5;3;320344385;2438369;471892727
5;4;329357664;2489772;441552698
5;5;333370798;2558845;440026945
5;6;330003105;2594743;439026888
5;7;326805158;2579518;437020138
5;8;332470888;2458483;477470181
5;9;324998344;2595023;442893719
5;10;322181826;2468051;436340372
5;11;325809761;2489353;431837915
5;12;329092217;2689587;443551834
5;13;330315327;2592997;473628561
5;14;325176729;2463582;441366152
5;15;325928905;2191829;551103702
5;16;328949504;2347645;473036866
5;17;325690063;2355257;498263676
5;18;334142215;2171924;438296907
5;19;333957733;2484254;475724079
5;20;327195551;2594324;436808659
5;21;330192531;2575537;541139586
5;22;329500914;2557028;499008952
5;23;321881564;2592718;480391222
5;24;326295534;2485651;451347587
5;25;330807399;2558566;433450970


THREAD; REPETITION; AVERAGE; MIN; MAX (nanoseconds)
6;1;267717367;2454991;430146080
6;2;259216724;2383474;402079944
6;3;252537723;2316147;383674461
6;4;256974702;2410013;468305958
6;5;257130465;2409944;372251082
6;6;260534632;2475385;403939467
6;7;257356659;2417416;405645479
6;8;259549787;2408057;429175216
6;9;256611876;2417067;439766297
6;10;259098354;2363988;449955232
6;11;259043912;2499829;472445869
6;12;265103266;2452407;387891757
6;13;264218030;2339333;408543334
6;14;260875190;2512889;384361630
6;15;251951631;2543690;351754693
6;16;253793702;2367061;399318558
6;17;265293584;2343105;440743447
6;18;271184025;2276267;400021580
6;19;266642201;2546693;378902626
6;20;262011545;2522458;404804521
6;21;251852394;2512121;379517927
6;22;256758365;2555981;398653041
6;23;259691510;2558566;407672274
6;24;261529719;2533352;390634215
6;25;264497755;2649778;415566644


THREAD; REPETITION; AVERAGE; MIN; MAX (nanoseconds)
7;1;263306287;2460158;382017338
7;2;262569589;2400026;361431202
7;3;257640254;2355537;378982245
7;4;261942215;2433829;510712535
7;5;264168095;2395905;389180748
7;6;262177496;2379353;360504477
7;7;258830275;2356724;339170411
7;8;260314869;2426775;368176263
7;9;260687936;2508629;393882881
7;10;257625586;2345689;415415367
7;11;258889362;2186452;372434695
7;12;260015742;2439835;355072363
7;13;258939871;2379143;358401277
7;14;268873160;2304064;435792678
7;15;262532370;2528115;409477462
7;16;264269193;2276895;385995567
7;17;268035902;2394019;431524956
7;18;265525132;2488515;359866477
7;19;260038569;2398838;365532910
7;20;262952468;2538381;336766335
7;21;269524019;2400933;376432619
7;22;261770169;2309442;356070954
7;23;267805246;2564502;400534774
7;24;259465972;2350858;364592916
7;25;270287567;2245537;403767448


THREAD; REPETITION; AVERAGE; MIN; MAX (nanoseconds)
8;1;256522787;2332000;336714163
8;2;259001537;2264394;354660159
8;3;257644859;2381518;336213122
8;4;257369648;2369645;389113980
8;5;259320359;2450032;347429562
8;6;257169962;2384940;354359912
8;7;258284056;2404426;345988317
8;8;262578730;2380400;416618872
8;9;255231601;2400654;355107842
8;10;255265336;2290585;356974769
8;11;254846398;2498223;346594260
8;12;254600020;2404077;366592472
8;13;258683191;2402750;364971945
8;14;258771038;2347366;346412253
8;15;257079762;2500737;384726550
8;16;264016320;2529162;472773914
8;17;257128483;2365454;381402943
8;18;262297632;2402051;380145661
8;19;255892716;2130508;335445287
8;20;262608576;2411409;443198716
8;21;256522849;2410921;347446253
8;22;256509889;2383683;347990667
8;23;252137443;2388851;317919177
8;24;259101842;2371530;355759671
8;25;258141747;2372508;375477190


THREAD; REPETITION; AVERAGE; MIN; MAX (nanoseconds)
9;1;244214979;2447587;335941929
9;2;234033527;2364197;319970834
9;3;242930816;2411270;321769247
9;4;244538335;2431733;322542041
9;5;249429814;2470216;472281882
9;6;241945131;2435435;399826514
9;7;238191292;2404147;325129311
9;8;240354894;2375092;320645990
9;9;237317247;2373067;329550334
9;10;241494441;2453524;333669782
9;11;243483878;2449892;378807781
9;12;234216019;2424261;363738757
9;13;237770507;2383474;326976823
9;14;243701468;2274311;332341541
9;15;244560847;2467912;324809927
9;16;240081216;2432642;326426264
9;17;245363256;2374254;325302308
9;18;248469627;2325366;441209078
9;19;241391079;2494102;311840122
9;20;242710108;2327880;312925525
9;21;240675346;2431873;329683311
9;22;245215685;2320057;380270746
9;23;245010053;2344711;349760654
9;24;245339102;2480413;357189043
9;25;243835927;2374813;328670404


THREAD; REPETITION; AVERAGE; MIN; MAX (nanoseconds)
10;1;242952908;2656204;333264284
10;2;240711985;2647264;346050685
10;3;235750570;2511283;328401025
10;4;233816379;2235969;379262588
10;5;238173947;2425308;346362666
10;6;237774397;2324178;333707845
10;7;233435278;2374952;325200759
10;8;238370358;2398909;443977028
10;9;240063989;2323549;519811386
10;10;233514957;2316146;320820104
10;11;237069235;2308464;322137032
10;12;237262376;2317613;322384269
10;13;235781043;2339334;324064651
10;14;233995566;2348552;350406546
10;15;237031421;2399327;403888204
10;16;234512833;2446191;329778226
10;17;238359110;2379283;323986568
10;18;234897343;2388292;310470744
10;19;239015475;2396743;361534846
10;20;234180939;2189734;319062689
10;21;237692813;2441581;302299594
10;22;235411596;2421467;317975050
10;23;233775793;2444584;316823646
10;24;234078382;2408197;315872758
10;25;221993533;2217880;301478400


THREAD; REPETITION; AVERAGE; MIN; MAX (nanoseconds)
11;1;222841116;2480064;307564649
11;2;221795433;2512540;324291076
11;3;222476986;2508839;312712301
11;4;226856637;2436762;307331239
11;5;220536707;2425378;323325241
11;6;226834308;2621004;364426415
11;7;223761218;2404636;300409759
11;8;222091301;2389339;310856268
11;9;225927883;2505905;310548897
11;10;229931515;2328718;325035864
11;11;220813882;2373836;310482128
11;12;221687779;2466305;316605183
11;13;227143864;2407918;372063838
11;14;221461492;2389969;322601267
11;15;224054460;2392274;307980483
11;16;225952076;2545225;332187261
11;17;227474997;2496058;328474149
11;18;228738545;2457854;367177183
11;19;229051541;2543969;373354923
11;20;226374397;2424959;315662395
11;21;225584508;2340730;316825742
11;22;225369662;2486839;321635850
11;23;226178933;2458344;319298682
11;24;224385718;2588527;375614708
11;25;227283685;2533422;319877736


THREAD; REPETITION; AVERAGE; MIN; MAX (nanoseconds)
12;1;215791310;2492985;353944635
12;2;218801360;2541384;309895183
12;3;210747842;2389829;287867243
12;4;206836807;2514496;289938596
12;5;213177095;2570508;343151224
12;6;217009561;2568483;350160216
12;7;214190411;2514217;303204388
12;8;225374248;2441651;320659888
12;9;215087829;2404286;289332233
12;10;212533898;2459530;306087156
12;11;213024855;2407498;393890355
12;12;215401933;2488095;336565122
12;13;218036710;2503671;339950957
12;14;212443909;2405404;296169625
12;15;212063242;2291352;311002376
12;16;211808344;2563315;315139005
12;17;216577548;2438369;355001265
12;18;214079290;2525251;305521931
12;19;217186456;2553327;372112656
12;20;214729928;2498013;315601494
12;21;213889364;2342337;288622855
12;22;218935755;2839118;308036426
12;23;218993256;2513658;327677121
12;24;220584221;2519175;425186442
12;25;218951553;2644330;330528112


THREAD; REPETITION; AVERAGE; MIN; MAX (nanoseconds)
13;1;196366735;2475943;315042834
13;2;198903135;2352743;289440836
13;3;195138378;2510166;339051193
13;4;199588373;2601588;345052932
13;5;200764891;2512820;347514978
13;6;203099094;2596140;440201758
13;7;195301450;2702019;288502450
13;8;196095869;2536496;295552019
13;9;199617452;2682325;287582849
13;10;203608515;2822915;310697309
13;11;200072630;2573092;293588640
13;12;200350595;2648731;332508252
13;13;199301983;2499410;356425468
13;14;193867315;2627708;287097312
13;15;202426106;2622400;298237835
13;16;201420697;2621981;310232725
13;17;202326164;2611785;303623994
13;18;206200453;2549626;428824684
13;19;197762395;2283880;291847288
13;20;199054986;2585245;316050084
13;21;194447974;2641746;286833103
13;22;199590774;2674013;355952781
13;23;195778314;2669963;347591664
13;24;205715587;2787924;344263377
13;25;192821338;2670800;278488048


THREAD; REPETITION; AVERAGE; MIN; MAX (nanoseconds)
14;1;193763775;2592579;279320696
14;2;192119260;2729048;344131516
14;3;196965008;2870406;364977532
14;4;197199110;2745111;355548610
14;5;196410573;2758520;318047824
14;6;193518325;2643213;299192356
14;7;192430310;2803569;316984491
14;8;194787921;2568413;299542958
14;9;197214100;2664584;356373645
14;10;196358081;2865727;445201555
14;11;197724727;2651803;310672376
14;12;195536294;2652991;307222986
14;13;194173368;2770743;293854177
14;14;192478570;2869709;292016443
14;15;198314118;2548928;385029871
14;16;190859126;2671429;372690314
14;17;197726325;2764667;307286610
14;18;196192433;2774514;316476885
14;19;196402325;2833740;299811917
14;20;194231202;2802172;417893824
14;21;190841032;2742109;362057188
14;22;196171829;2759569;345440482
14;23;197750243;2861258;312335996
14;24;193065299;2753003;280513375
14;25;193456225;2825359;309398611


THREAD; REPETITION; AVERAGE; MIN; MAX (nanoseconds)
15;1;192188181;2899880;381519160
15;2;196134782;2700133;385613675
15;3;196258006;2889893;400366667
15;4;200049295;2789251;320540180
15;5;192761061;2957010;292008411
15;6;190520295;2991581;289105668
15;7;192265779;2803080;316942027
15;8;191777123;2857765;360569011
15;9;193601368;2895898;322616980
15;10;191674702;2855670;286240500
15;11;191659216;2643143;298284000
15;12;192200279;2748534;291294354
15;13;189122652;2938641;362795342
15;14;197059203;2890242;363000325
15;15;195845886;2933753;408537538
15;16;197884581;2883188;313497875
15;17;193574953;2720038;302162845
15;18;188530225;3064286;285892900
15;19;194112072;2960223;325111990
15;20;196022428;2931867;363010802
15;21;201093601;2466375;460295582
15;22;191431503;2940458;292924031
15;23;190514155;2914197;284842068
15;24;191811505;2810064;331297553
15;25;196372187;2912660;376730912


THREAD; REPETITION; AVERAGE; MIN; MAX (nanoseconds)
16;1;198046911;2843239;358465601
16;2;198578030;2654317;314036212
16;3;194988140;2845054;285979922
16;4;193242846;2736870;303561626
16;5;195349842;2941017;405728172
16;6;196748726;3003874;394776431
16;7;198874566;2470775;339833065
16;8;198188131;2727861;303046267
16;9;196273373;2781639;298479136
16;10;195419424;2693080;289493986
16;11;196808176;2931867;364235818
16;12;198123274;3020426;345471003
16;13;201317659;2858813;386176386
16;14;198002399;2994654;301418057
16;15;196050244;2915315;300927492
16;16;195483298;2919855;330422861
16;17;194418139;2911055;339161541
16;18;201127027;2996610;395431542
16;19;197229975;2961410;412928320
16;20;202653199;2902813;340458703
16;21;194316619;3139924;281883661
16;22;195079495;2894781;320484237
16;23;195569392;2920832;368084701
16;24;197105875;3200127;349535415
16;25;198771523;2792045;308259988


THREAD; REPETITION; AVERAGE; MIN; MAX (nanoseconds)
17;1;198404634;3246852;294486380
17;2;196001016;3024616;286638176
17;3;191506942;2707677;279025197
17;4;196711845;2927886;288830983
17;5;202350496;3262426;283101204
17;6;197183248;2837721;324360708
17;7;197162897;2984458;282575299
17;8;197437269;2940528;285093846
17;9;193151103;3102071;303279118
17;10;193354210;3005061;395176552
17;11;196257588;2865029;447335206
17;12;194839583;2758311;342848114
17;13;196307785;2889474;313050611
17;14;198219689;3072736;302471194
17;15;191570112;2987112;311751703
17;16;190142230;3031670;309591862
17;17;194831121;2846731;354507696
17;18;196193392;3004502;307960439
17;19;196880092;2386476;296237161
17;20;196168657;3164229;315081247
17;21;193413070;3166114;277711064
17;22;193053162;2744832;324442143
17;23;196523590;2537543;312784445
17;24;196805817;2930889;397182045
17;25;194310860;2977822;290523307


THREAD; REPETITION; AVERAGE; MIN; MAX (nanoseconds)
18;1;194632252;3019029;289529117
18;2;194111402;2963994;307951080
18;3;194615165;3056045;370973057
18;4;198338528;3088940;411091982
18;5;199969881;2927397;331714087
18;6;197395724;3150610;329588398
18;7;198971650;3114013;288730481
18;8;191195532;3186927;273554809
18;9;196198967;3022102;325492975
18;10;198020832;3067290;335333471
18;11;199688481;3018191;338781396
18;12;200716084;3267524;302586851
18;13;196461157;3023150;306920433
18;14;192495562;3085098;316757716
18;15;192858992;3307264;344002031
18;16;191174500;3009111;298073638
18;17;194715203;3130775;336919567
18;18;191137821;2588108;293720431
18;19;190692628;2325435;313915386
18;20;187943558;2991162;341753840
18;21;189334624;3036140;338203179
18;22;192463250;3046267;316198637
18;23;191468202;3228203;295758260
18;24;191177996;3071340;323384955
18;25;189827834;3207810;323984124


THREAD; REPETITION; AVERAGE; MIN; MAX (nanoseconds)
19;1;183049618;3017353;327586117
19;2;189098790;3168908;401519607
19;3;187434647;3066242;317116491
19;4;189165262;3095156;286755789
19;5;189529490;3559880;279775642
19;6;190612422;3559112;306600071
19;7;193445383;3233302;363474967
19;8;192963611;3326121;375977952
19;9;196555405;3122814;408402604
19;10;196412168;3483054;303142579
19;11;196283290;3187766;306483994
19;12;196158412;2924394;312185697
19;13;192555186;3113245;311233690
19;14;194075578;3083772;322275456
19;15;196043931;2695315;312418408
19;16;205746440;3393588;385723255
19;17;196900547;3016514;279369725
19;18;196913408;3108286;299472070
19;19;191515576;3045080;305979531
19;20;192869783;2598445;388712951
19;21;199190116;3135105;343514749
19;22;204925803;3223594;390221243
19;23;196070073;3077835;309680002
19;24;192980018;3080419;302646635
19;25;192619148;3041378;284845420


THREAD; REPETITION; AVERAGE; MIN; MAX (nanoseconds)
20;1;192331123;3335060;330365870
20;2;199111900;3077067;325674492
20;3;194184503;3636845;384241084
20;4;193016052;3349658;321416618
20;5;197065013;3149842;306244788
20;6;192439880;3446946;300774959
20;7;193867583;3137200;326681324
20;8;196924473;3507848;347841346
20;9;199217717;3530058;311818401
20;10;196197980;2971327;303634331
20;11;188158979;3360273;288874284
20;12;187960374;3251601;290365535
20;13;191414934;3069036;312268808
20;14;195191380;3496184;357483144
20;15;198234800;3072179;294350469
20;16;193362002;2655784;281024334
20;17;196661885;3022870;317599723
20;18;188522996;3016864;292131262
20;19;191037236;3321441;323102517
20;20;200210657;2977473;364434377
20;21;196755813;3123651;302386057
20;22;196096868;2641467;345845981
20;23;192951764;2852318;295496704
20;24;186082136;3281562;308715284
20;25;194002287;3395613;360667557


THREAD; REPETITION; AVERAGE; MIN; MAX (nanoseconds)
21;1;192559464;3645016;335734360
21;2;196054564;3601296;289654201
21;3;190225865;3013581;299090527
21;4;183910843;3599690;288683129
21;5;189478872;3398197;310503919
21;6;192318891;3633982;297739238
21;7;196447700;3512946;337104506
21;8;192920389;3514064;292752990
21;9;193382117;3327658;288355364
21;10;188733373;3608280;295620323
21;11;191038689;3529010;341107459
21;12;192552589;3688458;307675975
21;13;192357952;3531315;420172047
21;14;192111134;3271016;288516418
21;15;190577048;3657518;295501174
21;16;189830665;3616940;301718934
21;17;187774893;3402318;319600047
21;18;189708757;3433118;378836347
21;19;198602122;3114921;359275550
21;20;194901711;3504636;284038823
21;21;196198573;3323607;303118273
21;22;190626090;3579226;283685636
21;23;187928041;3562464;329987889
21;24;189220236;2930121;325642924
21;25;198927669;3912648;315265627


THREAD; REPETITION; AVERAGE; MIN; MAX (nanoseconds)
22;1;195234428;2969232;318981812
22;2;191859696;3308032;291367269
22;3;187540105;3499397;296989212
22;4;193052954;3332337;379174588
22;5;187226084;2832134;319314396
22;6;195396745;3697118;353559531
22;7;189235832;2722483;289571999
22;8;187031676;3507359;280606543
22;9;186095576;3504635;290157199
22;10;191784906;3709131;320018536
22;11;186021556;3694464;304589270
22;12;197707577;3330242;334009909
22;13;196161255;3616801;288845580
22;14;193133759;3012534;287702837
22;15;184617467;3629372;274891641
22;16;182443866;3686223;281449388
22;17;187286389;2955613;330495566
22;18;196971366;2807968;384761122
22;19;197695998;3068267;283282024
22;20;191096071;3432280;313354211
22;21;178665119;2877391;271412708
22;22;188457493;3584394;322419190
22;23;192314606;2807759;315326599
22;24;189633887;3704800;327916118
22;25;194885674;3145791;336579439


THREAD; REPETITION; AVERAGE; MIN; MAX (nanoseconds)
23;1;190505827;3384299;286389681
23;2;184312156;3450509;293378488
23;3;184362371;3297835;337728957
23;4;190678795;3583626;349719168
23;5;189959444;2940038;328348855
23;6;192869594;2943740;302077429
23;7;189050018;3833029;275811521
23;8;183486783;3904406;275706410
23;9;188141393;2749790;346267752
23;10;190609040;3993595;338533459
23;11;190190277;3611772;411550561
23;12;193124775;3955251;312241081
23;13;192612351;3152217;320693273
23;14;186387094;2641258;290321116
23;15;185147426;3541162;320250339
23;16;193967186;3544584;347429631
23;17;190740308;2816489;284246601
23;18;190834282;3627905;320353076
23;19;188128562;2810902;295157764
23;20;187799455;3456864;302169201
23;21;182474321;2783454;320466568
23;22;188032181;3793569;360819253
23;23;187113318;3729524;461056503
23;24;189898005;3980045;340010183
23;25;185546976;3559949;277547286


THREAD; REPETITION; AVERAGE; MIN; MAX (nanoseconds)
24;1;183017229;3641175;292060025
24;2;183495304;2725207;434811757
24;3;178653724;3797340;341231078
24;4;181137659;2844147;297281079
24;5;188436261;2402890;331099484
24;6;186295507;3034814;275825978
24;7;180507348;4031169;288274138
24;8;180808321;4360400;280271865
24;9;182392475;3906292;301261124
24;10;188963436;3786445;310571176
24;11;187403463;3884502;356594833
24;12;187600946;3974388;274303089
24;13;185464439;3947149;289876926
24;14;184670196;3696908;282142004
24;15;194009514;3805931;372297876
24;16;189481406;3558971;332395318
24;17;194521921;4108344;351076813
24;18;194654916;3891556;299799695
24;19;185749878;3711505;281880308
24;20;188174839;2924604;309701582
24;21;184406602;3538718;352537474
24;22;185060112;3866273;323501311
24;23;189793639;2740712;325601578
24;24;193771985;3812566;319924320
24;25;191111360;2992769;315233989


THREAD; REPETITION; AVERAGE; MIN; MAX (nanoseconds)
25;1;184599291;3296299;276339312
25;2;185678659;3355105;302616324
25;3;189285529;3972991;375774924
25;4;192317000;2979708;361005798
25;5;193482874;3119740;336945478
25;6;185762519;3367537;304543315
25;7;185250261;3263404;296137848
25;8;185723061;3433188;285210271
25;9;184367432;3031740;324613184
25;10;185884017;2853784;309424173
25;11;193415156;3989753;351741772
25;12;188790724;3689086;290011300
25;13;186538615;3036420;280157185
25;14;187204412;4160306;318912320
25;15;188203137;2632946;310897754
25;16;186843075;3577200;429387673
25;17;188097821;3867112;345424278
25;18;192484454;2924534;310996299
25;19;188397066;4000369;334375598
25;20;182105679;2983899;276593185
25;21;187180328;3172191;312711951
25;22;190144278;3419359;319236453
25;23;199696626;3397568;336935840
25;24;189475560;4202699;307658725
25;25;192217620;3358946;340387605


THREAD; REPETITION; AVERAGE; MIN; MAX (nanoseconds)
26;1;182145305;3238331;280878366
26;2;184266368;3212139;312294021
26;3;187593609;3413493;394226711
26;4;188471520;3084541;332394061
26;5;185073426;3128750;296038324
26;6;179869998;2544038;294187041
26;7;184094016;3736788;373968549
26;8;180622169;4366058;333548678
26;9;181471663;3948756;314568821
26;10;181316255;3388419;261299480
26;11;182970420;4487512;297676730
26;12;174200782;2730166;283963465
26;13;182338219;2861746;311830763
26;14;187581198;4126014;307863150
26;15;184541484;3869346;324835628
26;16;186467776;4101848;302089790
26;17;180802385;4327854;273669489
26;18;178720553;4120845;275218778
26;19;182220620;3832959;377259540
26;20;181153970;4362706;400812534
26;21;189036965;3862711;329167185
26;22;182695105;4252775;276371647
26;23;180660098;2905258;278727883
26;24;176175129;4094236;290240659
26;25;181827990;4038013;390681567


THREAD; REPETITION; AVERAGE; MIN; MAX (nanoseconds)
27;1;183803505;2936616;324765019
27;2;185339483;4474312;332993928
27;3;179978509;3161994;281365160
27;4;181483852;3800203;265431570
27;5;181719275;4240972;285739039
27;6;180794859;4263391;291427263
27;7;183680644;3224362;347496958
27;8;196604666;3022241;387668614
27;9;186517927;3901613;302214807
27;10;181295452;3964401;296860075
27;11;180139911;3577130;283529401
27;12;181936403;4081664;320825691
27;13;180242522;3785816;337059459
27;14;187468821;2990883;342736577
27;15;184181352;3771708;290161040
27;16;184432600;3506312;288212608
27;17;183489467;4067975;296682539
27;18;179592396;3911671;314026433
27;19;183643706;4287486;337707935
27;20;188946499;2977613;333886709
27;21;180012261;4350623;300576819
27;22;181885634;3956369;280364892
27;23;180593379;3294902;271537863
27;24;182094357;3158921;309554706
27;25;183534233;4079359;306467931


THREAD; REPETITION; AVERAGE; MIN; MAX (nanoseconds)
28;1;181445379;4247188;344291873
28;2;178154180;4501480;272497623
28;3;180528309;4537169;261617678
28;4;178943880;3068476;284952487
28;5;178747329;2959594;309278413
28;6;185150705;4837486;431675604
28;7;181412769;4306483;366252205
28;8;183380513;4446864;305134102
28;9;178978204;4519080;276237273
28;10;175921958;2932146;269177787
28;11;180313432;4392597;317948091
28;12;176400753;2628546;343717987
28;13;182767762;3583416;323601812
28;14;184186305;3982838;285927402
28;15;181150870;4312629;296149021
28;16;177516106;4686769;287436183
28;17;177571727;3771708;361096801
28;18;180337269;3847556;318950034
28;19;183055610;3663314;390413935
28;20;184740822;3230927;298991841
28;21;186264313;3869207;285038881
28;22;178422224;3091244;269115697
28;23;184375165;3833169;329349191
28;24;188259546;4365918;388188234
28;25;190227022;4057568;321286155


THREAD; REPETITION; AVERAGE; MIN; MAX (nanoseconds)
29;1;185425343;2896597;293886653
29;2;183390844;3214794;310574459
29;3;176599146;4421861;271711349
29;4;178589049;2873131;332672449
29;5;180235375;4762756;309820382
29;6;185751094;2848686;314697189
29;7;185117008;3295251;288175452
29;8;184995691;4494426;272571723
29;9;180594362;4822051;289797307
29;10;181850758;3968032;297406654
29;11;183761421;3407416;470026638
29;12;181446214;2963855;385791770
29;13;185537820;2969233;281672600
29;14;183177424;4562871;293168755
29;15;178893280;3207112;266137875
29;16;182551507;4644864;351917353
29;17;180526138;4449169;394644989
29;18;184207983;3317810;345864488
29;19;185236644;3474324;282241667
29;20;181738347;4554769;282137464
29;21;182182140;4617207;355203943
29;22;181384438;2575397;349122165
29;23;185480228;4549042;284935096
29;24;183236250;4640674;295837111
29;25;187994355;2851619;294882170


THREAD; REPETITION; AVERAGE; MIN; MAX (nanoseconds)
30;1;181637425;4541080;288475560
30;2;178376068;2666819;344130469
30;3;183347053;4956147;399192635
30;4;184247602;4685232;328950747
30;5;177528802;3344001;284751693
30;6;180530826;4300966;280316493
30;7;176615564;2797632;283839357
30;8;180308081;3822623;407039861
30;9;180102464;4347270;340666481
30;10;179427127;3205785;298978152
30;11;182260823;4966553;283147579
30;12;183051257;2969372;302206565
30;13;177688052;4876528;268497882
30;14;180531728;3801671;318458771
30;15;180105734;4632293;312121653
30;16;182649744;5299695;289879440
30;17;181231225;4399791;275896308
30;18;176855601;3287499;284110760
30;19;177313496;4327296;282875058
30;20;175171191;4536890;316050294
30;21;182738109;5179010;346747422
30;22;181383247;3082165;316243475
30;23;179401982;3241543;258896173
30;24;175634307;3617848;283059299
30;25;177112206;3018191;300850108


THREAD; REPETITION; AVERAGE; MIN; MAX (nanoseconds)
31;1;181230609;4962642;417259387
31;2;175963283;5036953;318433278
31;3;181553031;4627893;309628948
31;4;186704447;5017957;302898833
31;5;186109246;4380445;289927980
31;6;179073323;4097727;290762653
31;7;180370536;2839257;454139074
31;8;182718872;4476128;349466133
31;9;180039726;2974121;282221204
31;10;184609644;4198160;289693173
31;11;184299688;3875143;299924851
31;12;176175172;2980966;267133113
31;13;175991389;4960268;294048545
31;14;179936182;3200198;318121367
31;15;179928003;2564572;336443179
31;16;180377077;3127353;274775565
31;17;176905124;3388280;292360692
31;18;174914090;4054985;289430640
31;19;174902001;5091569;303106959
31;20;179120767;3538648;307441728
31;21;179216245;5504750;284902062
31;22;179738488;3095575;279006340
31;23;179370922;5522210;273095254
31;24;175448056;2977054;260820859
31;25;178217145;4561334;302204051


THREAD; REPETITION; AVERAGE; MIN; MAX (nanoseconds)
32;1;176160554;3154311;310292160
32;2;179719154;3349378;324811463
32;3;176117501;3225410;269673380
32;4;181527203;5419194;298064419
32;5;176244255;5500420;283435674
32;6;178114294;2766553;319603399
32;7;178454039;3111569;325606466
32;8;181331217;2954077;292929408
32;9;180973822;5426388;266809189
32;10;177843907;5157499;272234949
32;11;177513010;5025010;268332148
32;12;178709583;5430718;339292494
32;13;179689464;5393842;289479808
32;14;180514437;2680997;326090257
32;15;175610127;5933436;287958735
32;16;184181943;3049341;281561832
32;17;174288106;5428134;262884459
32;18;179870958;3253695;316039539
32;19;177718705;3033416;297751181
32;20;181934715;3397848;326473686
32;21;181122872;5667689;290814335
32;22;179548017;5365277;276908937
32;23;177729700;5525353;296403174
32;24;175933386;4735168;317490980
32;25;179617114;3029645;350363454


THREAD; REPETITION; AVERAGE; MIN; MAX (nanoseconds)
33;1;181668344;3095087;322832720
33;2;184223623;5536178;290609701
33;3;178527147;3402387;277895445
33;4;180770061;2804616;287137471
33;5;178264349;5585626;305035277
33;6;181502320;5463613;332288880
33;7;175935794;4577118;339376932
33;8;178969015;3300699;265167291
33;9;178595952;2883956;272984206
33;10;175521780;3497093;291486906
33;11;176106221;5681309;316423037
33;12;178636344;4108832;318298904
33;13;180796979;6025627;295580653
33;14;178539190;6003068;273945431
33;15;177171029;2838839;280798747
33;16;178317902;3383950;280106270
33;17;183277494;3105771;324413997
33;18;179926338;3001289;361540224
33;19;176903570;5509499;314751875
33;20;179495682;4294540;268487475
33;21;177508818;5668737;277691648
33;22;173378477;3380877;264676726
33;23;174652226;5605322;313974122
33;24;176253290;5693531;289250100
33;25;177455507;3406369;286884786


THREAD; REPETITION; AVERAGE; MIN; MAX (nanoseconds)
34;1;179883446;3178337;284091274
34;2;175801567;5379665;288945592
34;3;176990509;5432813;278032613
34;4;175852827;3007435;302090210
34;5;178112655;5783486;304175322
34;6;178212111;5876305;341164729
34;7;179664065;3721772;265906770
34;8;179115047;3518464;292287986
34;9;170955972;5635912;265156466
34;10;177747061;5633258;315584523
34;11;178770528;4087041;298603942
34;12;186995560;2868172;301158387
34;13;186102339;6251493;306221601
34;14;180525397;6160210;275835966
34;15;180308445;5947125;281197890
34;16;176513945;5382318;339547485
34;17;185257347;2986134;320832327
34;18;182243730;5637169;331583554
34;19;187057678;2796654;308052350
34;20;182507520;3389188;295439155
34;21;179954837;5670413;276956778
34;22;177211080;2832204;306485112
34;23;181966665;4959429;379365883
34;24;186706051;5473601;297518609
34;25;180885547;2853645;271117628


THREAD; REPETITION; AVERAGE; MIN; MAX (nanoseconds)
35;1;182273047;2616254;288248227
35;2;179294291;6539099;281765140
35;3;179087658;3676864;309805156
35;4;182683151;6151969;325871025
35;5;188349460;5816591;335437604
35;6;184179853;5836007;289846615
35;7;179201760;2787854;284414220
35;8;178202286;2905886;302644750
35;9;179591156;3364114;331805370
35;10;179128405;6387055;391850152
35;11;183966120;3559740;285957712
35;12;184091944;3527963;270401266
35;13;179848223;3114222;300723556
35;14;181303784;5413676;342478584
35;15;180619943;4021041;326450499
35;16;182444077;3382832;386949040
35;17;186501014;6055518;293222392
35;18;183740786;4738661;287226589
35;19;177998113;3242242;283887966
35;20;181275151;2810273;302964344
35;21;178391642;2901556;322068727
35;22;182379423;3173657;296688406
35;23;185155303;2587410;288749479
35;24;179949908;5111893;287824500
35;25;180167378;6298007;295310228


THREAD; REPETITION; AVERAGE; MIN; MAX (nanoseconds)
36;1;178082344;5741442;364340579
36;2;185841946;6276147;314707316
36;3;186455356;5666921;294038139
36;4;185757431;3580204;326048702
36;5;178891356;5776921;301989428
36;6;182808665;3151658;350861143
36;7;180077454;2766483;320214301
36;8;184401324;2709144;343560565
36;9;190711727;4677270;306045880
36;10;181758980;3711925;274431038
36;11;180948032;5949778;274948842
36;12;180182442;5264287;332546595
36;13;180520523;6149874;329549426
36;14;185171877;2938711;322168181
36;15;185087816;3244057;278720899
36;16;184117757;4065251;274570092
36;17;179181139;6165309;279155032
36;18;179064706;3241054;326820029
36;19;181233149;5866528;288723078
36;20;183818033;4163448;308239315
36;21;185523029;3329334;319085247
36;22;184989608;6460667;289660698
36;23;179414415;3478725;292347141
36;24;183591082;2762222;330085248
36;25;183814173;3292108;381651788


THREAD; REPETITION; AVERAGE; MIN; MAX (nanoseconds)
37;1;186268764;2586013;330577838
37;2;185715631;2511911;289746113
37;3;181231113;2979289;298097663
37;4;183236968;6367010;280855458
37;5;179627260;6223766;323512486
37;6;181685737;6450541;315255641
37;7;178899360;2999263;290664805
37;8;191183968;6259036;281994010
37;9;179522286;2793512;265854180
37;10;181352575;4066159;314011487
37;11;176162794;6613620;290373287
37;12;177373557;3761721;287257808
37;13;183869886;3382903;343341543
37;14;183067484;6180744;281821223
37;15;182344782;6297169;285915877
37;16;179164772;3145931;293790692
37;17;178543221;6274960;307516389
37;18;181628990;3225340;330494797
37;19;182600204;6812179;325493883
37;20;175282235;3212698;265325970
37;21;180296984;2902115;285703490
37;22;176496462;4011404;260398947
37;23;179637948;5547842;295466184
37;24;181845496;3081258;337878138
37;25;181258119;3361531;390866856


THREAD; REPETITION; AVERAGE; MIN; MAX (nanoseconds)
38;1;184733798;2729606;294252621
38;2;183216984;3215632;271623139
38;3;177534426;3206553;272622149
38;4;180344565;4094026;322352841
38;5;182501994;7076039;357881797
38;6;179409934;6697778;319956866
38;7;179005848;2900160;282090601
38;8;181495015;6778935;288559928
38;9;177604425;6857854;283593516
38;10;178177659;2919086;305351099
38;11;181511593;4348947;308276889
38;12;187737580;6180046;337062043
38;13;185259796;6666280;328910658
38;14;182136226;3648788;314511900
38;15;179084238;6181512;280758518
38;16;180576165;5413817;302784222
38;17;177845150;3548775;300469752
38;18;187297518;2837930;365348668
38;19;183538338;4261855;280690842
38;20;180811793;6101334;307261816
38;21;179800098;3060514;310492744
38;22;184023293;4513492;394102952
38;23;179883468;4098915;300546228
38;24;182365508;3131753;274768790
38;25;183868024;3137689;318377405


THREAD; REPETITION; AVERAGE; MIN; MAX (nanoseconds)
39;1;180388677;4664839;306513816
39;2;182457712;2655085;396606482
39;3;183782263;3761023;338713300
39;4;188019805;6574439;322445102
39;5;182372728;6730674;283063490
39;6;181844102;3369981;289729630
39;7;178618205;3349587;304219182
39;8;180582803;2705232;309460979
39;9;182152462;5796547;293042761
39;10;181400098;3086566;328947813
39;11;181640695;6506065;269477685
39;12;181004787;3772476;278728791
39;13;178666798;6454731;311682630
39;14;180156968;6138908;396478044
39;15;185496191;3410769;303120927
39;16;186705871;6087576;305516064
39;17;183978767;6305550;295181092
39;18;179901539;2744344;288584234
39;19;181951325;6205677;430945203
39;20;180965826;4238178;362118719
39;21;182514245;6756166;335576798
39;22;182638871;4510419;274347158
39;23;185598283;3080769;298971098
39;24;177033937;3158572;304311651
39;25;176959794;4988693;306312813


THREAD; REPETITION; AVERAGE; MIN; MAX (nanoseconds)
40;1;179899907;6030096;343220926
40;2;181691660;3254045;323673330
40;3;184410911;2820959;277182854
40;4;185314013;5424153;304086483
40;5;186957197;4039899;386705713
40;6;179613871;3626439;312429094
40;7;178586815;2837861;333500417
40;8;183160575;2855740;323335019
40;9;182685042;6742826;316982326
40;10;184959211;6554045;310772878
40;11;182252039;2789530;351940680
40;12;180226948;3721074;336211097
40;13;183158432;5989798;305069988
40;14;184267582;6441531;354152692
40;15;184693771;5293340;299238311
40;16;185634295;4734121;287865567
40;17;185179973;3049619;306508090
40;18;184296342;2613251;331420543
40;19;180499693;6477080;309776172
40;20;180468672;6367988;332841465
40;21;188186473;3300559;302881162
40;22;179177725;3373683;296025054
40;23;179020839;6830616;290196100
40;24;178416268;6614458;290473720
40;25;179103058;7316084;305493087


THREAD; REPETITION; AVERAGE; MIN; MAX (nanoseconds)
41;1;178959770;2842679;349557556
41;2;188489804;6790388;332844537
41;3;177873231;2785271;282753186
41;4;177756763;2703626;281124487
41;5;180264264;4461391;299884762
41;6;178854613;4486184;367841723
41;7;179395364;6893195;293126850
41;8;181214508;7105303;275229254
41;9;183503781;7304699;306652032
41;10;179345828;3631048;276990162
41;11;181903597;2843169;387701370
41;12;178302416;2794420;317137583
41;13;177933130;5823575;315545900
41;14;183122536;2711937;314710180
41;15;182742823;6216223;297573435
41;16;179388115;2806013;323121165
41;17;182297878;3784909;394735364
41;18;187113411;4674058;372201914
41;19;177905735;4157651;329185763
41;20;185873997;6637645;318298695
41;21;176609430;5606858;262759234
41;22;183219473;2561220;300769232
41;23;181918153;6740312;309308586
41;24;179376921;6404026;324525324
41;25;181537779;3270108;333720138


THREAD; REPETITION; AVERAGE; MIN; MAX (nanoseconds)
42;1;182991940;7940953;310120141
42;2;185796942;5997480;340207066
42;3;179324558;6800515;272457114
42;4;179834065;7961067;302375232
42;5;180024268;3026642;315149132
42;6;183951756;2867473;344126628
42;7;185552838;7205734;331666664
42;8;189299138;3778622;302176255
42;9;181618435;6150922;329390817
42;10;176771889;3372077;283499020
42;11;181820678;3760395;415765831
42;12;181204629;2374254;333984068
42;13;186297308;7396471;336966570
42;14;184714596;3794547;286127706
42;15;178820661;3077556;288983865
42;16;180394576;4014477;275873190
42;17;180745929;3006597;291950932
42;18;179456189;6762452;305343487
42;19;187207337;4280711;346530075
42;20;186821473;3263055;338394475
42;21;181587056;7203849;285783388
42;22;181405773;6760426;315792440
42;23;180090377;6829220;309895182
42;24;186797137;3934299;381438632
42;25;186279157;6904928;351339206


THREAD; REPETITION; AVERAGE; MIN; MAX (nanoseconds)
43;1;188349651;4265976;314314529
43;2;184463111;4615391;308562890
43;3;181322369;7256858;308938357
43;4;181612151;3328844;311053011
43;5;181737894;3059117;360227976
43;6;187010294;3204876;349410680
43;7;193700826;3133569;348269682
43;8;183126890;4484578;278872244
43;9;177453342;3404623;267733329
43;10;179770046;5612166;320886314
43;11;185753867;2684071;349728247
43;12;184054809;3087194;307493271
43;13;183278008;7297366;287628385
43;14;188795666;2449473;333149604
43;15;179230560;6443905;272149394
43;16;179939368;5265753;304403353
43;17;180529137;7244566;318890040
43;18;186055250;7378312;294550774
43;19;189076962;7906243;296584971
43;20;186729488;3715067;386697262
43;21;181361549;7079880;326550372
43;22;182281839;7177029;347800629
43;23;183405648;3406159;353328915
43;24;182344996;7041677;290665224
43;25;179544262;5518229;316002383


THREAD; REPETITION; AVERAGE; MIN; MAX (nanoseconds)
44;1;181351663;6911005;268058510
44;2;174181967;4108902;279573452
44;3;181079920;4521594;333002169
44;4;176926092;7408413;321296700
44;5;185208440;7949963;337828830
44;6;184151571;7955201;367490980
44;7;178036132;4833226;302940457
44;8;177760161;2573790;263320548
44;9;181890621;4830852;314232046
44;10;176336353;6885931;318909247
44;11;182199615;3142509;296739041
44;12;186246726;3429556;313328091
44;13;186938452;6536026;286682176
44;14;175212025;7472737;284016963
44;15;175177328;3344489;310436941
44;16;179074632;7096154;298392673
44;17;184987943;4304039;315492891
44;18;184861406;3973340;324104180
44;19;180805338;6149176;277352359
44;20;180859013;2833810;302018483
44;21;184728717;4193829;340881104
44;22;182157997;5184179;362536928
44;23;189781857;2794349;355262541
44;24;185649347;5096248;333861007
44;25;179896302;5486172;285719903


THREAD; REPETITION; AVERAGE; MIN; MAX (nanoseconds)
45;1;176442299;4251518;274789673
45;2;179567183;7348281;334863788
45;3;179515047;2916991;301387537
45;4;182888769;3094737;330114092
45;5;188601044;5209042;317266091
45;6;178959128;3435492;298333168
45;7;176708313;2779823;311365411
45;8;180507768;6260293;311875252
45;9;185256540;7349468;319135393
45;10;183033677;2925372;340786679
45;11;183921647;4402235;311685912
45;12;181280762;3202711;322872041
45;13;177629798;2928026;340539231
45;14;177516554;3083492;318351425
45;15;181149363;3281423;347450793
45;16;189558507;7061023;346920279
45;17;184140495;3381715;309911315
45;18;182231704;7358478;347756907
45;19;180083924;4581797;338574455
45;20;177289861;7611512;302156070
45;21;179429988;6289695;342641383
45;22;186163704;2611156;319011913
45;23;185441368;2476781;324413089
45;24;181254011;6911772;324655647
45;25;179547145;3067639;338990430


THREAD; REPETITION; AVERAGE; MIN; MAX (nanoseconds)
46;1;181039014;2542432;325425368
46;2;183978025;6948788;351484127
46;3;183897714;7600827;305396286
46;4;182549037;2749442;255619010
46;5;181405829;2801334;269549761
46;6;179955724;3385765;306273772
46;7;177552539;2771232;305889575
46;8;180387585;7388718;327625927
46;9;182077692;3109683;288221478
46;10;181711973;8016312;297854895
46;11;181567456;6194852;349757651
46;12;182926580;4695429;366757158
46;13;179806743;3401759;347470349
46;14;185216069;7408903;350141079
46;15;184898424;4742852;305965702
46;16;188477847;2956102;330595649
46;17;179214624;3000731;310191868
46;18;180547808;3262915;348829740
46;19;182710272;3453582;364919564
46;20;181721394;2522178;313588180
46;21;182723170;3370889;291390526
46;22;182872518;2797982;303591588
46;23;181759257;7085677;268777316
46;24;179319068;7381594;322086885
46;25;180894333;4702344;319140841


THREAD; REPETITION; AVERAGE; MIN; MAX (nanoseconds)
47;1;183330007;3123581;332248442
47;2;180724633;7608020;281949311
47;3;182903111;7922376;301172984
47;4;176986586;7582318;303752921
47;5;178355404;4619023;293008469
47;6;182284771;3519371;320299577
47;7;184791048;3599410;288564538
47;8;182299873;6295353;290885015
47;9;181681960;3466712;324227869
47;10;181251052;3399455;353994781
47;11;179481482;2740921;340415122
47;12;177926305;4488560;331254182
47;13;184662348;7635118;366549100
47;14;181018883;7593982;277672232
47;15;184328842;7646922;313537195
47;16;179214019;3030343;276721413
47;17;177935443;3311594;315176022
47;18;182354467;3951200;317602098
47;19;183296797;2869149;329163623
47;20;183855771;3207461;301749035
47;21;185986594;2868940;336252443
47;22;182300716;3746846;288580951
47;23;181796486;2855111;339318405
47;24;188045879;2742807;357342623
47;25;183175012;4317099;322476669


THREAD; REPETITION; AVERAGE; MIN; MAX (nanoseconds)
48;1;178478306;3260959;274734289
48;2;182946941;7731569;303432001
48;3;179456234;3005200;336779186
48;4;180784319;3767937;327977229
48;5;182683734;3369632;313020859
48;6;193341650;2522458;323149730
48;7;183890967;8474820;336781840
48;8;181628482;2894572;265013571
48;9;180464653;2549276;317804917
48;10;177839163;3759137;315945183
48;11;190252065;4607988;323111318
48;12;184396484;8168985;306785360
48;13;185275382;3530128;318612630
48;14;183122665;4015524;310367099
48;15;181247004;8225348;299785447
48;16;178187011;3050318;293408870
48;17;185256453;8358674;373551527
48;18;183980114;2944578;285691478
48;19;182325910;7991239;291822564
48;20;184182882;7423570;372304790
48;21;182801527;7299043;327214213
48;22;181141251;7381874;360325753
48;23;181170147;4610712;364165418
48;24;181331131;3227574;275495698
48;25;183966657;5112382;304369689


THREAD; REPETITION; AVERAGE; MIN; MAX (nanoseconds)
49;1;182363120;4534166;290059351
49;2;181943755;5846692;307514922
49;3;181330423;2707258;307499208
49;4;180130160;8045366;294438329
49;5;185813569;3407416;288899078
49;6;182952706;3545911;335484398
49;7;182439920;3164090;306852477
49;8;180366713;3672883;306636388
49;9;179118868;7948077;311728865
49;10;181782730;5005594;315095983
49;11;182292010;3446876;312810288
49;12;187709103;5411792;295779492
49;13;183041945;2818514;279508360
49;14;179957072;3212419;312610331
49;15;177281218;3199010;312922383
49;16;187700457;5437074;329844995
49;17;180986468;8227093;273168587
49;18;183970720;6769017;289752539
49;19;178828322;4120984;279921959
49;20;179100139;3359924;329797991
49;21;180683589;2769765;306254286
49;22;186598250;5206807;346109422
49;23;184265316;3329962;280584334
49;24;180807178;5736413;290310710
49;25;179694999;3023429;317418764


THREAD; REPETITION; AVERAGE; MIN; MAX (nanoseconds)
50;1;180898604;2639581;360548617
50;2;179572664;5921633;397337720
50;3;181957603;3267106;299627327
50;4;186121286;3769683;357171023
50;5;179190662;2796514;269658574
50;6;176831859;3016165;283859680
50;7;178661539;6477569;291439694
50;8;183299887;8255658;388123980
50;9;185855805;8345544;332714703
50;10;182755694;5236000;303694883
50;11;181580354;4037943;276677762
50;12;183250016;3266127;318850091
50;13;183280829;3402737;291867053
50;14;181392877;3209067;354707022
50;15;192270938;8113531;318028269
50;16;188403942;2989416;284688068
50;17;182101897;2953239;280624283
50;18;183266390;7146928;319257894
50;19;181311584;3035930;335746583
50;20;185704425;7636166;315974866
50;21;187411040;6822934;326874226
50;22;183496254;8217874;290157618
50;23;182819302;2936966;274757127
50;24;181338826;7869366;387174417
50;25;180298462;3350985;309580757


