THREAD; AVERAGE-REPETITIONS; MIN-REPETITIONS; MAX-REPETITIONS (nanoseconds)
1;12060764505;1113828807;34621521623
2;775041648;3503177;1003936525
3;574319397;2840310;739042431
4;469266385;2712308;650143283
5;391438616;2532299;561308635
6;371850850;2448355;515344447
7;328147044;2404763;489551361
8;298448375;2361774;461388335
9;288804547;2366250;423056424
10;274408311;2376201;423590246
11;269553263;2425945;433142480
12;263763500;2442673;425982704
13;266039945;2563619;424869898
14;276752766;2689643;437364857
15;272320950;2821716;426210188
16;272066262;2870940;433938062
17;272567250;2997587;417943272
18;271698970;3189064;417596839
19;271318009;3215213;416056800
20;266612321;3278721;414151815
21;264187586;3393350;405502093
22;264369907;3525163;406993307
23;265027069;3531303;400533752
24;264355503;3589512;413298178
25;266867299;3640809;408572963
26;265777729;3658976;420323926
27;271065159;3658705;411868511
28;242683159;3569149;384731084
29;213483116;3839161;362957325
30;208102203;4067340;367992272
31;209180415;4214088;364501739
32;209265586;4411367;348439801
33;211902481;4609583;358046193
34;216283352;5006197;362253476
35;219308556;5315960;372967857
36;217644319;4581076;370706081
37;216438404;4828594;375333851
38;218516562;5496857;367458604
39;217613904;5206108;363576703
40;218547112;5229485;358951760
41;220219580;5125374;371002471
42;219868233;4915619;382276440
43;220569807;5697922;370055440
44;220309271;5139669;375969135
45;220153759;4967198;376654734
46;220195483;5733921;373070811
47;223587929;5681180;385003412
48;222752825;6088293;372255468
49;222786161;5358018;371088492
50;225497814;5629075;368016236
THREAD; REPETITION; AVERAGE; MIN; MAX (nanoseconds)
1;1;12284535195;3159315918;29012805747
1;2;11951147801;1063476713;33384583027
1;3;11671311749;256811270;34485149789
1;4;11789683164;2841230869;43629139458
1;5;11590677277;269837437;30183346067
1;6;13453651710;2988763516;41061047424
1;7;11876158235;271461457;27551179968
1;8;11829778942;272965000;35791100475
1;9;12502729065;789431618;41636874379
1;10;11585769496;807560109;30277438054
1;11;11939650491;1595595180;28166720072
1;12;12357071039;1089796818;38389420862
1;13;11607757530;1603565607;41890110964
1;14;12190313721;272112796;33985009128
1;15;12058737977;781884360;36736701592
1;16;11482238854;272873578;31510862694
1;17;11647206209;829491527;28891023929
1;18;12095477896;801048597;33420593958
1;19;12023374654;256501035;32535530703
1;20;11667603017;1648364108;33094448806
1;21;13041234102;270156402;34972232015
1;22;11632451137;758280801;30427675584
1;23;11800381154;256861347;36127092340
1;24;12459648934;2976880092;42720598358
1;25;12980523281;1711454040;35657355195


THREAD; REPETITION; AVERAGE; MIN; MAX (nanoseconds)
2;1;803355599;3681544;918507729
2;2;769022730;3306077;952305461
2;3;767194985;3520001;883476461
2;4;763852523;3569728;863530560
2;5;798459787;3703893;1952904908
2;6;774889269;3515461;929739185
2;7;789579766;3551499;961071309
2;8;770176484;3547239;963397304
2;9;761844217;3664153;913254967
2;10;768921495;3315855;959117709
2;11;765992311;3159131;949216800
2;12;773146753;3652280;931647318
2;13;774466828;3450439;994634374
2;14;775661343;3247270;943037872
2;15;761644805;3602133;870131469
2;16;778192467;3546331;932884277
2;17;771620584;3398686;904703670
2;18;781552559;3644947;910645906
2;19;771053438;3818922;925067572
2;20;770682382;3625042;886269903
2;21;767933741;3594800;928706092
2;22;784024183;3496674;1597262850
2;23;775887225;3119600;959096198
2;24;779730891;3164718;932024321
2;25;777154835;3683010;1135778918


THREAD; REPETITION; AVERAGE; MIN; MAX (nanoseconds)
3;1;567359985;2789321;658310484
3;2;559750198;2721994;662877405
3;3;560390769;2804337;678173623
3;4;590696331;2643702;813427824
3;5;573520338;2779543;703454420
3;6;568209980;2775282;813855881
3;7;564442437;2907144;697418248
3;8;558393887;2772000;731037184
3;9;573663350;2829689;718593634
3;10;572777360;2846870;758043201
3;11;581385110;2927816;724136936
3;12;573148880;2999613;807931386
3;13;570759166;2759499;767473380
3;14;571426520;2903302;704662045
3;15;583942430;2847150;780722061
3;16;593314094;2879975;854134813
3;17;591855844;2917410;763943043
3;18;562898113;2936406;678138771
3;19;573783261;2830667;733916461
3;20;567361146;2798889;690512342
3;21;568918651;2876413;801836197
3;22;585293205;2864470;785553471
3;23;596008154;2877461;758995906
3;24;572351754;2872223;694496856
3;25;576333972;2846591;694415212


THREAD; REPETITION; AVERAGE; MIN; MAX (nanoseconds)
4;1;476896526;2773536;710511182
4;2;468393798;2805384;667596790
4;3;464467613;2790578;608052141
4;4;464476518;2747626;640561371
4;5;462646269;2789321;643175181
4;6;470804454;2671568;676468448
4;7;476589033;2534889;682286506
4;8;467295387;2804406;673446765
4;9;464810886;2902184;673962124
4;10;471124783;2747765;582075865
4;11;475408157;2777588;589710214
4;12;468306676;2447308;664480751
4;13;475511070;2751467;674646428
4;14;462959672;2814604;571395457
4;15;473592013;2677016;665651500
4;16;464264287;2844286;613075964
4;17;462993819;2554375;670859285
4;18;484805567;2489842;734155458
4;19;471376415;2785828;679869369
4;20;474840596;2751537;605627810
4;21;458535128;2719689;611984834
4;22;461448085;2559403;602949397
4;23;480433957;2828083;745508507
4;24;468858715;2658159;644634304
4;25;460820217;2581264;620896441


THREAD; REPETITION; AVERAGE; MIN; MAX (nanoseconds)
5;1;407891480;2635810;568656421
5;2;395504687;2575187;546971193
5;3;383573998;2592299;488692417
5;4;396702295;2547460;581735038
5;5;396545313;2428590;636184766
5;6;402521302;2467422;579483565
5;7;394452344;2613740;569041247
5;8;384080905;2513866;502329626
5;9;377430351;2517848;518283120
5;10;385470900;2588876;571522219
5;11;394284773;2529791;601997600
5;12;400317124;2529651;552532095
5;13;392892458;2204959;574921254
5;14;389886060;2545994;601081143
5;15;379638627;2454152;542093967
5;16;382783554;2505347;586826748
5;17;395907089;2650337;543288393
5;18;400962705;2572813;554111277
5;19;390823603;2422655;555858496
5;20;388117894;2542642;561205683
5;21;374127701;2596070;531436956
5;22;388619169;2596559;536147890
5;23;395898086;2570508;613707189
5;24;398059235;2442140;531988772
5;25;389473758;2662768;582618810


THREAD; REPETITION; AVERAGE; MIN; MAX (nanoseconds)
6;1;357006302;2521410;470037672
6;2;362578395;2411410;464521469
6;3;373992299;2518197;580383051
6;4;394411615;2342336;634046017
6;5;373087228;2486839;488669998
6;6;364065871;2533423;476267654
6;7;367397163;2524833;470635584
6;8;373335212;2380680;550669079
6;9;393695650;2531467;624767743
6;10;371967428;2471194;475183648
6;11;378130893;2501854;532019223
6;12;361778674;2194902;514342046
6;13;361137061;2516940;474564854
6;14;362923579;2431734;480450868
6;15;373908571;2424889;608838344
6;16;374705935;2190082;501376642
6;17;368500133;2527276;514632306
6;18;375213213;2392971;481368093
6;19;366045064;2502273;517238574
6;20;373653223;2545575;519818511
6;21;376720286;2433759;500616838
6;22;374773186;2433200;531423337
6;23;372412710;2495359;475870257
6;24;367518442;2512609;486326544
6;25;377313117;2383683;509542833


THREAD; REPETITION; AVERAGE; MIN; MAX (nanoseconds)
7;1;320121132;2459950;450450476
7;2;341072969;2365594;494014392
7;3;340243844;2342476;607872649
7;4;326794325;2281924;470515876
7;5;314834026;2404077;433297598
7;6;323697357;2320896;477469134
7;7;323951996;2528534;467216783
7;8;331777762;2384102;545548177
7;9;330423879;2373486;469921247
7;10;322750314;2405822;473232073
7;11;326169162;2481461;463310490
7;12;326245740;2505207;489713706
7;13;344353001;2492286;580078195
7;14;331016040;2322363;490434888
7;15;331099309;2332909;475990175
7;16;324895511;2441092;442698024
7;17;319505874;2506045;468058860
7;18;324323136;2358959;471119513
7;19;318586627;2524762;487189014
7;20;350151463;2403448;571993019
7;21;331452993;2265232;504449099
7;22;320334594;2337936;467458294
7;23;319540049;2507162;420207247
7;24;327275100;2303784;498648361
7;25;333059915;2469587;517896758


THREAD; REPETITION; AVERAGE; MIN; MAX (nanoseconds)
8;1;307269562;2361962;455985397
8;2;297847147;2287093;424870759
8;3;295641097;2437321;444932805
8;4;290798390;2278222;433550284
8;5;308102232;2314540;533734804
8;6;301652067;2381867;513439766
8;7;298973340;2383054;471035075
8;8;294006417;2328228;429265940
8;9;288517610;2370553;433122576
8;10;289300040;2190502;466836706
8;11;293667609;2321663;486181973
8;12;301257338;2293867;410536325
8;13;300921499;2320057;490752177
8;14;293135786;2391435;418553197
8;15;292840018;2386966;423418549
8;16;299528332;2525531;421895310
8;17;309463296;2444025;490306310
8;18;307076599;2365385;470026707
8;19;302162536;2317473;445402977
8;20;292598436;2352883;466520675
8;21;283364860;2389200;427014816
8;22;300129338;2432991;429699026
8;23;304145282;2442349;544057205
8;24;309907235;2323410;527960746
8;25;298903317;2403797;475608282


THREAD; REPETITION; AVERAGE; MIN; MAX (nanoseconds)
9;1;285108118;2215505;423615083
9;2;280497331;2380610;422843825
9;3;287782815;2453524;426104715
9;4;289633111;2189454;445717822
9;5;295173064;2423353;485210341
9;6;293439217;2398420;413620516
9;7;282220154;2190432;393035986
9;8;283925422;2448775;407508915
9;9;291846934;2337517;471610498
9;10;286493718;2363569;409015671
9;11;288154986;2335143;411844732
9;12;295222532;2446680;423734441
9;13;289742718;2290025;419753698
9;14;292587143;2467423;415095285
9;15;293193215;2412317;433803947
9;16;291241247;2356654;403997994
9;17;294211291;2398140;424076733
9;18;282774485;2393531;402566528
9;19;283279784;2393251;423454308
9;20;287840005;2333886;427631235
9;21;291659343;2394928;490908132
9;22;293446445;2447727;390830259
9;23;295831327;2357562;411168598
9;24;283259869;2373276;404142426
9;25;281549412;2354559;395118933


THREAD; REPETITION; AVERAGE; MIN; MAX (nanoseconds)
10;1;272679317;2460508;397545009
10;2;283423643;2462604;462255468
10;3;285491327;2386826;450839981
10;4;273453688;2328299;394091148
10;5;266167616;2349600;369293932
10;6;268965461;2375162;367200719
10;7;274767105;2484255;534900176
10;8;270866959;2412458;416132776
10;9;283558092;2379283;467429171
10;10;278111564;2308044;396636794
10;11;264974922;2379214;423340118
10;12;269766253;2349251;376659813
10;13;264986198;2400934;423440130
10;14;271059555;2364058;410741309
10;15;278375285;2325365;425404835
10;16;271515882;2401772;396914342
10;17;267500889;2388153;400486724
10;18;268441188;2400725;435115427
10;19;278813836;2408197;485444030
10;20;278540144;2408756;452291771
10;21;290006997;2348483;453571753
10;22;271175543;2262298;364854681
10;23;271525271;2221651;378617324
10;24;276029080;2369505;484698614
10;25;280011965;2429639;421850124


THREAD; REPETITION; AVERAGE; MIN; MAX (nanoseconds)
11;1;276107700;2468819;551615289
11;2;274325745;2507163;446179193
11;3;270766309;2429359;400908495
11;4;265407189;2381937;412092808
11;5;267237128;2438229;476320943
11;6;269240332;2409873;435198259
11;7;271399716;2406661;438411446
11;8;268295665;2419372;420534034
11;9;260982196;2458203;450415136
11;10;264533347;2465677;390999904
11;11;273601578;2407289;430622537
11;12;267439240;2466654;414864249
11;13;265224085;2412248;384476728
11;14;271881875;2473918;471040105
11;15;258033866;2362381;360611195
11;16;270197308;2353581;403025873
11;17;275495452;2393321;462650490
11;18;278611978;2345270;433866874
11;19;269185604;2435645;414879545
11;20;266767838;2440254;406660762
11;21;262414770;2431873;353138109
11;22;266880660;2460369;377338531
11;23;270391760;2447099;543104920
11;24;283202223;2332209;494598895
11;25;271208017;2501226;455007689


THREAD; REPETITION; AVERAGE; MIN; MAX (nanoseconds)
12;1;261277679;2454223;397094044
12;2;256955106;2506883;402200908
12;3;255985946;2508559;377490924
12;4;257812833;2502622;405245429
12;5;267805576;2398698;436063661
12;6;257562772;2443956;358955677
12;7;253434082;2461207;417246675
12;8;252807114;2512051;423764263
12;9;270549144;2551511;449869466
12;10;264989839;2338914;432331064
12;11;266771704;2388781;435956036
12;12;258976373;2350857;402765436
12;13;254062107;2454921;416770008
12;14;257215182;2522876;431353776
12;15;255433425;2418185;387819262
12;16;277384744;2362801;467304783
12;17;272318284;2565899;383523814
12;18;269573610;2177372;414603672
12;19;264606035;2434388;422325044
12;20;270015635;2424680;500318406
12;21;273859079;2463791;520023146
12;22;277981418;2404914;532013845
12;23;274273588;2419790;416485824
12;24;260393113;2489772;392279745
12;25;262043119;2509188;425762701


THREAD; REPETITION; AVERAGE; MIN; MAX (nanoseconds)
13;1;275959120;2717664;455892858
13;2;282221575;2421397;424880746
13;3;277263133;2669683;468501513
13;4;268106421;2545016;367159443
13;5;256529570;2425029;359671621
13;6;256664679;2532375;404398604
13;7;262613312;2435644;393858717
13;8;264872753;2548579;423006136
13;9;270520440;2623448;398701441
13;10;261736217;2563035;392770590
13;11;248473575;2611436;356398997
13;12;263801497;2761315;469616809
13;13;269298614;2692241;472059228
13;14;272322629;2650407;568583647
13;15;275785963;2492076;469268860
13;16;256663206;2462045;373273908
13;17;262672741;2537054;380610106
13;18;259865934;2484044;469243228
13;19;266975940;2660883;547436545
13;20;263785498;2558216;439429313
13;21;269601718;2533213;405552870
13;22;263678378;2559054;386703198
13;23;261452504;2568273;388802138
13;24;261678514;2420559;387683980
13;25;278454695;2617791;418242961


THREAD; REPETITION; AVERAGE; MIN; MAX (nanoseconds)
14;1;283989799;2542642;406956820
14;2;273419104;2669263;453114363
14;3;270388426;2735473;399476470
14;4;272353501;2788902;422779571
14;5;279544062;2777797;454629569
14;6;282496237;2442629;505128165
14;7;285682961;2921740;459262071
14;8;276549071;2688680;394187669
14;9;270748405;2758381;418932364
14;10;269268077;2652013;444014463
14;11;282575154;2770394;444641637
14;12;281695465;2831505;439522900
14;13;274125100;2644680;402782407
14;14;272395569;2423772;395052094
14;15;272633713;2857137;388116506
14;16;268955370;2810064;520995126
14;17;267395549;2737149;415761151
14;18;283910793;2650127;435665986
14;19;282149701;2696292;426105064
14;20;278985243;2700413;417535050
14;21;274362745;2733448;421407120
14;22;270458949;2634344;417329018
14;23;281171152;2715918;499659524
14;24;285730015;2469797;547576717
14;25;277834994;2588528;403489619


THREAD; REPETITION; AVERAGE; MIN; MAX (nanoseconds)
15;1;272373821;2880813;425421736
15;2;265580320;2826057;420262142
15;3;275436791;2904838;404211149
15;4;273001136;2997587;401494673
15;5;277162003;2683511;412535951
15;6;273108269;2752165;445391174
15;7;266820052;2843029;383554195
15;8;268573415;2725905;402965600
15;9;277443859;2720877;488017192
15;10;284193113;2958896;515567481
15;11;275420552;2618210;447978304
15;12;274392403;2800775;409551004
15;13;267854690;2958756;391523922
15;14;269377600;2832413;401350382
15;15;274733769;2820191;410197525
15;16;279158736;2794559;504576769
15;17;277027019;2566877;398935689
15;18;272354337;2842331;481637052
15;19;266828800;2932077;391691053
15;20;267367649;2868171;437641795
15;21;266557908;2662070;378309674
15;22;277385568;2895340;536381161
15;23;272958630;2868171;389306742
15;24;268815288;2826197;400054965
15;25;264098043;2963086;376697388


THREAD; REPETITION; AVERAGE; MIN; MAX (nanoseconds)
16;1;268897486;2563524;435951985
16;2;273313230;2429917;418888643
16;3;283167602;2817327;521675730
16;4;282346982;2887309;528510886
16;5;271406735;2611994;369089508
16;6;267151412;2851270;412817481
16;7;262430063;2849105;381279325
16;8;262618074;2925512;383667966
16;9;275498621;2925651;390261611
16;10;266326063;2797073;372408574
16;11;268855970;3040191;450616070
16;12;267031869;2843099;377184950
16;13;272625307;2821658;438081097
16;14;269854679;2799448;415009939
16;15;267389857;2682743;411927633
16;16;271966288;2992419;407645036
16;17;270378698;2854203;524640563
16;18;271771353;2904280;461641353
16;19;274226392;3141740;466616707
16;20;278264884;3031111;451452838
16;21;270980430;3036978;410282592
16;22;271974829;2976006;493547853
16;23;278155469;2982293;456959754
16;24;277697320;3150889;457793029
16;25;277326953;2857766;410500427


THREAD; REPETITION; AVERAGE; MIN; MAX (nanoseconds)
17;1;267949115;3099416;390505567
17;2;265929912;3145442;397071695
17;3;266575979;2955544;423581139
17;4;277667433;3257467;407102160
17;5;271898800;3047733;382825052
17;6;284270197;3117295;464966776
17;7;269479337;2914826;424665844
17;8;265967339;3046058;356384889
17;9;267420239;3221149;388357738
17;10;280301731;2850711;477729222
17;11;276495890;2998287;458192871
17;12;279431893;3119880;448509867
17;13;269546116;3025105;439366037
17;14;270702080;2484813;411615652
17;15;267805616;3181689;394552660
17;16;275868993;3135803;422581571
17;17;282329126;2888495;481405668
17;18;269092196;2762363;382835877
17;19;269563987;3072597;447035308
17;20;266753779;3160318;392680564
17;21;276019154;2633505;444264983
17;22;274476655;3219544;407824459
17;23;279009798;3020146;429483915
17;24;273177737;2679182;392835473
17;25;266448158;2902324;382206817


THREAD; REPETITION; AVERAGE; MIN; MAX (nanoseconds)
18;1;266448999;3225130;410126217
18;2;267754910;3217867;469258872
18;3;274302961;3239239;456849055
18;4;273944222;3138458;453678051
18;5;264737686;3281074;368658517
18;6;266612246;3349309;421554695
18;7;269662852;2825290;403794267
18;8;271070412;3101582;398166037
18;9;276396950;3249086;403787004
18;10;279179822;3226597;390020240
18;11;271476760;3187626;397297421
18;12;267816411;3221220;405000636
18;13;270809509;3217657;426737826
18;14;284145053;3432769;464961957
18;15;282529224;3274508;484520169
18;16;272435494;2988648;360877360
18;17;267602271;3173308;383048055
18;18;266578095;3167302;377049807
18;19;268028201;3207251;410214776
18;20;264054360;3318578;387947001
18;21;283793900;3403365;505737601
18;22;275719198;3164648;452824730
18;23;265832845;2790159;406749810
18;24;266376908;3019378;394184596
18;25;275164977;3306565;406876293


THREAD; REPETITION; AVERAGE; MIN; MAX (nanoseconds)
19;1;282693497;3304610;444533802
19;2;273768749;3208299;422995661
19;3;273665950;3031879;372618657
19;4;273863986;3392191;370746631
19;5;265531685;3239588;395777955
19;6;273287502;3346376;500027378
19;7;278428888;3316692;446061930
19;8;278713875;3140622;447846374
19;9;275788403;3323956;423195127
19;10;265407146;3111988;359505049
19;11;262265507;3232744;363030916
19;12;263898584;3344349;409136916
19;13;269421885;3495277;388872190
19;14;278027874;3146699;474049844
19;15;272903389;3112547;407990750
19;16;262832099;3251949;393317447
19;17;268469250;2821587;399088501
19;18;269797804;2795676;412938376
19;19;269350814;3093131;439622983
19;20;279896940;3500515;440539301
19;21;278658739;3517487;473776067
19;22;260972350;3001778;389359611
19;23;262163243;3239657;415450008
19;24;268797000;3029505;383890131
19;25;274345089;3381226;427048410


THREAD; REPETITION; AVERAGE; MIN; MAX (nanoseconds)
20;1;268677677;3611632;413460929
20;2;264545999;3418382;396915251
20;3;257729893;3525168;364697887
20;4;269787722;2815302;467044903
20;5;269739337;3265848;431005686
20;6;276235555;2834229;434766151
20;7;272490401;3282819;458268998
20;8;264522840;3532991;379505496
20;9;261712345;3056953;431262632
20;10;255661371;2578820;404921505
20;11;270234180;3473486;434096093
20;12;274666165;3321093;408328573
20;13;263680803;3522305;348763530
20;14;265692569;3121067;380056264
20;15;266286553;3224223;481548144
20;16;265420942;3103188;396950730
20;17;269999710;3522864;437856348
20;18;272705929;3299302;388928761
20;19;261920761;3430185;393605891
20;20;261741538;3338274;391493193
20;21;267328291;3086356;463396046
20;22;269824258;3547658;452176673
20;23;267433905;3242312;431790004
20;24;266018704;3472508;380203699
20;25;261250595;3341067;382751998


THREAD; REPETITION; AVERAGE; MIN; MAX (nanoseconds)
21;1;257078698;3517696;360515303
21;2;265026814;3605765;442344977
21;3;264851006;3489759;532421579
21;4;274266449;3681124;522494479
21;5;264612287;3615823;357857703
21;6;257421630;3302445;364398478
21;7;261418976;2879905;414127284
21;8;260540463;3078185;367228447
21;9;273935254;2937524;395476729
21;10;269383484;2638883;428541058
21;11;267043703;3716045;361234319
21;12;262973145;3410350;385153909
21;13;262158685;3534038;389122011
21;14;270079673;3483194;408861670
21;15;266108216;3473556;396106628
21;16;272784572;3607861;433203661
21;17;264284905;3312432;391895548
21;18;258932465;3266966;353542210
21;19;258099451;3604997;410255004
21;20;259779889;3390445;419190079
21;21;270949055;3429556;438711135
21;22;266248792;3711645;413502345
21;23;260355033;3537810;372128650
21;24;255425338;3360204;365155488
21;25;260931667;3247550;414083633


THREAD; REPETITION; AVERAGE; MIN; MAX (nanoseconds)
22;1;267573392;3393588;428760988
22;2;271347398;3424388;430159769
22;3;266150623;3821226;362286059
22;4;271093458;3522934;416331894
22;5;260669834;3512528;365355862
22;6;256662947;2876971;381922074
22;7;267050454;3678051;431392049
22;8;271098772;3290153;477151426
22;9;262512561;3844134;347752298
22;10;255518428;3817804;367243882
22;11;259933071;3382972;418708733
22;12;261102130;3560997;390013326
22;13;269363095;3877518;404857112
22;14;272453404;3293785;410011956
22;15;261586474;3774223;412608586
22;16;259772539;3118273;361376865
22;17;257410662;3402248;405871975
22;18;264605103;3832051;413827735
22;19;264536079;2786597;463843519
22;20;270715625;3750547;424057457
22;21;261855511;3651721;387062811
22;22;260451487;3736509;393709466
22;23;264971102;3773804;523329362
22;24;265063012;3929829;386772620
22;25;265750514;3076229;370424873


THREAD; REPETITION; AVERAGE; MIN; MAX (nanoseconds)
23;1;274808897;3929200;399252838
23;2;259505437;3159479;362707062
23;3;258550424;3986540;390518138
23;4;257053249;3832331;404995677
23;5;264251960;3893581;409033970
23;6;269855255;2992558;427133336
23;7;265707717;3048433;372178657
23;8;262846124;3883315;370266054
23;9;258704789;3027480;371531228
23;10;258567746;4170781;459197817
23;11;267024204;3486337;404666724
23;12;270592373;3894070;412998370
23;13;265971611;3648787;376765483
23;14;263363520;3802928;387380100
23;15;260542978;3873467;375210188
23;16;260312733;3886318;396045447
23;17;265919355;4015035;391445630
23;18;265236572;2823963;390338716
23;19;274228426;3025245;440676609
23;20;265099844;2969930;389694431
23;21;260702015;3781346;380195807
23;22;257521349;2559403;362904084
23;23;271388883;3061632;501115435
23;24;279585528;4161213;461539315
23;25;268335756;3369213;375552689


THREAD; REPETITION; AVERAGE; MIN; MAX (nanoseconds)
24;1;265350226;2971747;419354555
24;2;261921521;4049956;400258273
24;3;261827829;3586350;375067641
24;4;261737965;4092280;426173648
24;5;275325544;4313397;471500289
24;6;269665442;3255023;397259986
24;7;263885678;3305029;420506657
24;8;261460856;3573289;385859446
24;9;260792678;2923136;423364352
24;10;264564345;4384636;404426750
24;11;275555848;4051074;405830909
24;12;265056728;3277093;390158526
24;13;256715652;3662826;463721995
24;14;257374504;3792451;385430131
24;15;262447475;3969988;378471705
24;16;263582073;3508337;418483844
24;17;273871144;4084039;426827990
24;18;269339926;3199359;397502755
24;19;258479394;3357130;383993147
24;20;253761716;3248737;371649679
24;21;265551160;3508337;469840162
24;22;264730979;3994781;444042050
24;23;272005704;3396591;524000536
24;24;260513259;3512597;373403952
24;25;263369946;2719619;375325495


THREAD; REPETITION; AVERAGE; MIN; MAX (nanoseconds)
25;1;259447274;3887924;425704594
25;2;266510118;3210464;477214772
25;3;264887952;3339391;379419940
25;4;270613735;3653537;399226857
25;5;265593501;3655772;377529476
25;6;261747902;3580064;370586765
25;7;262726030;2777029;408812083
25;8;275498685;3718280;497053327
25;9;277069627;3235747;527085914
25;10;276257552;3451906;401084775
25;11;273950862;4132438;435247846
25;12;265388949;4063506;368962396
25;13;258838457;4169734;386637757
25;14;265038036;3221639;386943592
25;15;269345178;4104851;385706214
25;16;274799661;4473613;404402166
25;17;271318353;3017283;396994590
25;18;261390356;3735461;406077448
25;19;260193533;3832122;380054588
25;20;268500014;3875213;484614944
25;21;269722589;3909785;385515827
25;22;270873040;4108902;370185178
25;23;259423952;2978870;374343736
25;24;258983254;3900566;372223076
25;25;263563882;2986134;412696237


THREAD; REPETITION; AVERAGE; MIN; MAX (nanoseconds)
26;1;267721157;2533633;513619399
26;2;271034387;3583905;419591107
26;3;268519713;3820807;364711018
26;4;269229576;2533143;371189076
26;5;261249508;4205563;402641467
26;6;263551628;4157721;456385518
26;7;263943934;2906934;472911222
26;8;273907614;3989753;430922087
26;9;271096539;3789518;402711868
26;10;255206174;3186857;378563267
26;11;261218832;3491784;368534618
26;12;262833705;3822064;397124564
26;13;273286016;4340775;425709204
26;14;276683304;3570984;469742802
26;15;265554722;3597873;381872486
26;16;259530099;3833867;385945002
26;17;259700767;2621912;419967831
26;18;255927559;3944286;448624755
26;19;270690072;3387931;432487439
26;20;270960856;4149829;459547512
26;21;264986878;4211987;360837969
26;22;257509970;3990591;374124854
26;23;258180158;4202140;462454796
26;24;273733413;3392051;480206213
26;25;268186662;4208496;427672092


THREAD; REPETITION; AVERAGE; MIN; MAX (nanoseconds)
27;1;279544023;3615124;440640501
27;2;265379587;2967067;402251054
27;3;266221851;4035010;390600342
27;4;269521758;4216877;457173886
27;5;275061306;3346445;423091692
27;6;272767078;3898470;442236933
27;7;275937603;4601213;390262729
27;8;269354997;3482076;384282779
27;9;262794936;3954204;367072142
27;10;266910050;3403575;429675699
27;11;272199268;3623366;457587068
27;12;272401791;2830807;395603910
27;13;273387765;4132858;420547653
27;14;268159440;3312363;393311580
27;15;264674349;3120229;395795345
27;16;272336507;4098565;391810341
27;17;274886086;3988147;512929926
27;18;279713937;3523982;425246505
27;19;268174628;3349168;372305698
27;20;263039347;3961677;365701926
27;21;264799578;3814940;371625514
27;22;264506943;3849931;377632493
27;23;282376941;3433258;449963752
27;24;281604146;2911962;478157070
27;25;270875084;3996318;361206242


THREAD; REPETITION; AVERAGE; MIN; MAX (nanoseconds)
28;1;266780694;4677550;391907700
28;2;269877929;3654515;399190470
28;3;265836257;2827733;403807537
28;4;271249531;2744274;394045682
28;5;285622943;2442489;452219066
28;6;273097486;3037537;398829181
28;7;268882577;3905944;387498970
28;8;269350539;4614064;408657245
28;9;274164480;4433664;414579856
28;10;235506084;3627556;393358653
28;11;235435469;4129016;347284710
28;12;227293009;4283854;366412631
28;13;213247585;2542781;351614521
28;14;213868094;4151296;348281276
28;15;225146610;3644248;434851287
28;16;239692011;3421385;401957441
28;17;235651423;2922159;342393586
28;18;221758173;3986400;379433280
28;19;213442327;3536902;330721363
28;20;217434236;2479715;375460150
28;21;224499055;2493334;437517617
28;22;237061708;4349366;399667555
28;23;241612275;4170432;374056550
28;24;225668023;3049270;355732641
28;25;214900458;4103245;328798143


THREAD; REPETITION; AVERAGE; MIN; MAX (nanoseconds)
29;1;209545122;3452744;406377346
29;2;231770826;4040667;428759311
29;3;226593755;3752084;376152835
29;4;233340998;4002744;348148508
29;5;219414796;2635880;350695200
29;6;211543419;4333722;322727400
29;7;212830972;4066927;386267668
29;8;234253357;3868509;400204216
29;9;232733537;4121544;384961426
29;10;206389657;4137467;342030482
29;11;210247631;4222744;376972772
29;12;207195206;4370737;315282389
29;13;207054224;4433175;340280259
29;14;203422289;4336165;306935309
29;15;205650947;2538590;393995606
29;16;209866312;2674083;407082813
29;17;211673977;3287708;392240354
29;18;203008157;4215829;317142821
29;19;206623172;3863619;325860060
29;20;209303179;4240343;379753851
29;21;212552341;4333442;406318820
29;22;212769272;4438763;368891786
29;23;207640054;2761734;334418969
29;24;206661343;3754597;338230208
29;25;204993379;4095213;324202727


THREAD; REPETITION; AVERAGE; MIN; MAX (nanoseconds)
30;1;201946842;4268490;360536954
30;2;208608065;4488978;370940231
30;3;204921607;4407753;323586098
30;4;212541601;4652477;354345874
30;5;199602815;4489467;309491988
30;6;212005117;4445677;388110011
30;7;212918195;2784781;430707255
30;8;203628658;4682020;387668056
30;9;203260340;3814800;303293854
30;10;205159663;4489398;315396929
30;11;203437543;4287906;357351283
30;12;201366210;4420464;422852555
30;13;214302387;4432267;427181387
30;14;202557549;4200045;414817316
30;15;203809919;3867740;324673807
30;16;206317896;4237340;425821928
30;17;213534813;2476013;446309797
30;18;213537920;4360610;334805750
30;19;212355471;4720293;321758841
30;20;215710560;4169594;331867039
30;21;202820687;4288254;325617642
30;22;208301274;3367607;449299772
30;23;210855675;4387499;369803425
30;24;218312861;2391924;375175755
30;25;210741421;3552127;328393273


THREAD; REPETITION; AVERAGE; MIN; MAX (nanoseconds)
31;1;207307435;2974260;330536772
31;2;209290345;3305518;500124806
31;3;206497990;2757124;366125583
31;4;213921501;4792927;371054911
31;5;211434054;3554572;319538796
31;6;207013261;5018654;322701768
31;7;201237140;4661067;310089341
31;8;204415740;2533911;380609826
31;9;207235035;3812216;410755208
31;10;220031844;3188394;359589487
31;11;209781635;4305435;333510893
31;12;206596321;5131239;319303501
31;13;207765487;4913962;457566954
31;14;209138084;4913613;341533840
31;15;212366034;2739943;388898240
31;16;214484940;4447632;337868989
31;17;213391084;4536470;317849964
31;18;205857868;4899296;353207112
31;19;207519984;4821981;357316992
31;20;215695221;4489327;381595845
31;21;212966051;4771137;336647605
31;22;212256982;5142692;354005188
31;23;203097594;4710096;307169557
31;24;202876497;4247397;437132443
31;25;207332259;4683346;417809875


THREAD; REPETITION; AVERAGE; MIN; MAX (nanoseconds)
32;1;212682949;4263112;337293776
32;2;209382187;5400616;337193484
32;3;207630921;5167626;368130167
32;4;201340369;4661486;304317099
32;5;209906151;4842934;402676318
32;6;212711171;3063308;365457062
32;7;211516887;3016026;316334757
32;8;215252806;4820515;348481441
32;9;204868508;5189626;300522692
32;10;205624733;5029690;356623118
32;11;213762463;4979823;381408740
32;12;220223496;3033696;349285384
32;13;209045874;5444616;321519914
32;14;205061059;5021308;327233838
32;15;203876819;4963829;342162481
32;16;207518393;2475384;329218239
32;17;216029700;4109111;364086707
32;18;212745597;4701226;343322545
32;19;207051940;4674686;388537300
32;20;202855066;4277987;299863810
32;21;205628138;5141715;405187740
32;22;209598706;3051296;383933224
32;23;213645035;5225385;380014429
32;24;208763907;5265473;342546260
32;25;204916785;2463721;315644516


THREAD; REPETITION; AVERAGE; MIN; MAX (nanoseconds)
33;1;209180522;5249620;387698227
33;2;209051811;5107911;396692597
33;3;210181460;5173563;350493778
33;4;212962166;2533772;318633653
33;5;214305462;4045277;323361210
33;6;203135845;5227830;310778046
33;7;211741339;3522096;354693403
33;8;211131552;4775328;338069503
33;9;216377908;5273156;352194902
33;10;216942946;5492109;355158407
33;11;215751965;4975004;343584520
33;12;205717086;3851607;332668397
33;13;206126069;5036254;362416173
33;14;217201318;5359410;402715220
33;15;217185208;2808178;373636245
33;16;210168838;4935264;322297667
33;17;212388204;5113011;431719813
33;18;209466134;5361645;373831450
33;19;208116053;4549252;353115061
33;20;221922615;5327353;340448367
33;21;217107920;4118471;356034706
33;22;205257381;4983314;300089746
33;23;210238198;5229714;378521502
33;24;209491621;2437461;345355625
33;25;216412412;4752978;446946609


THREAD; REPETITION; AVERAGE; MIN; MAX (nanoseconds)
34;1;217069832;5572216;341267466
34;2;213679957;5439867;365414669
34;3;205843717;5290407;374941997
34;4;209195231;4760033;366576339
34;5;217737755;5600851;396107117
34;6;216595576;5259398;328751978
34;7;211554683;5603366;333419890
34;8;213012509;5214000;344419542
34;9;212786284;5385531;369026860
34;10;216568175;2608851;382077191
34;11;230627860;5673626;367173831
34;12;218739049;5841315;378736823
34;13;213374288;5400477;338014608
34;14;207319300;5126350;354004350
34;15;214120465;5274833;416719932
34;16;220790466;5250179;385940881
34;17;226080747;5438680;359449246
34;18;220793028;5293131;357847226
34;19;210267602;5273854;326266746
34;20;211271372;5018725;348582781
34;21;222122589;5149398;385742391
34;22;225761711;2859930;374016530
34;23;225843364;3670578;339055033
34;24;211418288;5557690;317297869
34;25;214509953;3591658;405485614


THREAD; REPETITION; AVERAGE; MIN; MAX (nanoseconds)
35;1;217684663;4849011;489630037
35;2;231031792;5765886;347593758
35;3;221765609;5771683;350814629
35;4;217193425;4461321;325437870
35;5;214049022;5176845;426591927
35;6;219994907;5654280;398103739
35;7;219439416;5859962;351986915
35;8;228495073;5442592;327765400
35;9;222050548;3702705;410505735
35;10;208091500;5527309;437334913
35;11;210773735;5131448;384529318
35;12;213606944;5042610;338214703
35;13;223264504;4959150;351036654
35;14;217980593;5529893;377350823
35;15;215462586;4172178;320323533
35;16;204066859;5217283;410615385
35;17;214729848;5472693;339760220
35;18;221304700;5955785;401115854
35;19;230701719;5918210;332983871
35;20;224559755;5638356;411592814
35;21;217082420;5759810;355517112
35;22;221667643;5289569;334532043
35;23;222403385;5655886;386910976
35;24;223675211;5629906;357193861
35;25;221638058;5314642;356754350


THREAD; REPETITION; AVERAGE; MIN; MAX (nanoseconds)
36;1;210096443;2958616;328588899
36;2;211805335;5514249;317194574
36;3;219060969;2523086;494358431
36;4;221971018;2942762;359804458
36;5;222225983;5264356;336921383
36;6;216888736;5776851;327029343
36;7;210417586;5786420;377802696
36;8;221404946;5871486;500416743
36;9;222082327;5790471;394031853
36;10;229548027;2872990;347807123
36;11;218092789;5723143;399302705
36;12;211860431;5746890;368379431
36;13;211778868;5644153;376049400
36;14;214115979;4048489;387668125
36;15;225874821;2974889;333003077
36;16;220121852;5467384;341384240
36;17;219831511;2854832;349546940
36;18;207926753;2538521;384018081
36;19;215736106;3543258;425285686
36;20;220088803;4584172;362227462
36;21;223653971;3160109;335919160
36;22;213993574;5677468;334165236
36;23;216273691;5849137;351068781
36;24;218942780;5678306;349969829
36;25;217314682;5734877;385708379


THREAD; REPETITION; AVERAGE; MIN; MAX (nanoseconds)
37;1;228908638;4861233;349478984
37;2;222367814;2846242;366537716
37;3;212614815;2549556;315476548
37;4;208452343;6013195;360108268
37;5;215267731;5949290;449942730
37;6;222973955;5591562;401682547
37;7;230964898;5969334;379507521
37;8;214870506;5459702;369535514
37;9;204446057;2953867;410514535
37;10;216991669;5534711;371637248
37;11;215680890;5728521;397664857
37;12;227818658;6447886;342163599
37;13;213766452;5759950;336758792
37;14;203802500;5753594;379309730
37;15;211502745;5894534;371225253
37;16;222285827;5602946;401818179
37;17;217090242;2817187;346178634
37;18;210993239;5876795;346320831
37;19;212498312;5766655;415023557
37;20;207586230;4869474;370891692
37;21;221397409;2429010;354525854
37;22;220073801;5467735;387001770
37;23;218087951;2739035;376106880
37;24;216356502;5324838;349572222
37;25;214160919;2508001;434362818


THREAD; REPETITION; AVERAGE; MIN; MAX (nanoseconds)
38;1;220994572;5303467;366514739
38;2;224757556;3826114;466569005
38;3;236175363;6297867;345428958
38;4;220366338;5859893;362048459
38;5;213894736;5980928;389421141
38;6;213560423;3867181;358536420
38;7;215399636;5745982;370474670
38;8;232746933;3116108;328788435
38;9;221595477;6119702;347099701
38;10;210302462;6120051;339855973
38;11;208747472;6100217;388144303
38;12;211054206;6205886;369565406
38;13;225562506;6392922;338770501
38;14;217069781;6116560;359556103
38;15;214963430;5689061;336643973
38;16;208901422;5674813;365820027
38;17;216122839;6062851;424676670
38;18;225837639;5922191;392696139
38;19;221726899;3086705;377425763
38;20;218064038;5846833;328430709
38;21;212965485;4361099;375376898
38;22;220203231;6084013;363954218
38;23;216762223;6001251;391194830
38;24;216146612;5868414;333661051
38;25;218992783;5771334;365811018


THREAD; REPETITION; AVERAGE; MIN; MAX (nanoseconds)
39;1;212517276;6244509;331875979
39;2;208248090;5543372;320315641
39;3;221587508;5115594;358850706
39;4;225863703;2800985;374437882
39;5;221486613;5929734;330396670
39;6;214565997;5692204;331935553
39;7;214002616;5929106;392383739
39;8;212769317;4013918;332831337
39;9;221866371;2934731;414127633
39;10;218640204;5700655;330667794
39;11;217298217;5930154;329564511
39;12;210304501;5859613;346097968
39;13;211304112;5863664;418085608
39;14;228265238;5847182;402336680
39;15;221343147;5088985;345686812
39;16;226431758;6124591;377011883
39;17;219111507;6297309;347163187
39;18;211877648;5362204;356972534
39;19;226339788;4459017;432449655
39;20;220538725;2251194;358058217
39;21;221916882;5140178;357456185
39;22;214180732;5014883;322783273
39;23;213912922;4943785;392951967
39;24;205711181;6065994;405434629
39;25;220263561;5999157;379541534


THREAD; REPETITION; AVERAGE; MIN; MAX (nanoseconds)
40;1;224082754;5619220;346727936
40;2;218643954;5557759;338497840
40;3;212984097;6191220;372144714
40;4;217000211;6224744;390248691
40;5;221607126;6145265;368301139
40;6;227753461;3241823;374116822
40;7;219809958;2469029;362248763
40;8;216329983;5030527;338026760
40;9;218646259;6354509;345822514
40;10;215233202;5953131;358039848
40;11;222921284;6471493;352000673
40;12;216508024;6250027;322009501
40;13;218498486;3510432;388199478
40;14;207244425;6003207;355867785
40;15;214082607;3550661;396611860
40;16;223058567;3042146;374105368
40;17;229000939;2907981;348458324
40;18;214525137;6136324;334244716
40;19;217941508;4369271;338557484
40;20;210121750;6509347;378346550
40;21;221530546;6046369;381319833
40;22;222998010;6590502;365269818
40;23;226848184;3733086;335354074
40;24;215875320;6385239;351903455
40;25;210432032;6443836;357370071


THREAD; REPETITION; AVERAGE; MIN; MAX (nanoseconds)
41;1;219224292;6326013;348020768
41;2;214987567;4739918;370789654
41;3;232180560;5516064;387076710
41;4;231768766;2884025;348767022
41;5;219589610;4889657;362042312
41;6;214211069;5322045;432091579
41;7;225350997;6613480;386094322
41;8;230830616;6447537;356897734
41;9;217258136;6197366;320089355
41;10;214229015;2579169;344082209
41;11;211570201;6327759;384528062
41;12;223156145;2409245;423280683
41;13;223458092;4842515;483389229
41;14;226202974;2500807;343127688
41;15;214766431;6166706;344343554
41;16;216823334;5639124;371303686
41;17;213183769;2386826;373829984
41;18;224722470;4493728;383582271
41;19;222493346;4712400;343256126
41;20;221819292;6581493;390706081
41;21;206613875;6035823;328015292
41;22;220359828;5919257;340604951
41;23;211310818;5760160;384136043
41;24;227424182;6500128;369317050
41;25;221954116;6343125;355689410


THREAD; REPETITION; AVERAGE; MIN; MAX (nanoseconds)
42;1;218208515;5597080;351205600
42;2;208130952;6032541;373132270
42;3;221747214;6779493;426114493
42;4;221155029;5420871;389181307
42;5;224203116;5434210;338415986
42;6;218835099;3735741;342645015
42;7;215956403;4688446;396843872
42;8;210676220;2405752;394915764
42;9;219796999;2359448;387940925
42;10;226909326;2509677;342721211
42;11;216436383;2299035;365626288
42;12;213388124;5456559;347976838
42;13;220763425;5232090;446095035
42;14;221322439;5595892;410532833
42;15;234936452;3483683;527653025
42;16;220600029;6557119;332340913
42;17;226099688;6451867;329755038
42;18;211602424;5452439;377011673
42;19;223782172;6252750;486281007
42;20;220761444;5242426;403257537
42;21;229476039;6849753;347927669
42;22;221709152;2386127;345008165
42;23;216126182;3847137;335299039
42;24;215933909;6228026;354994629
42;25;218149104;6592318;404034870


THREAD; REPETITION; AVERAGE; MIN; MAX (nanoseconds)
43;1;235420251;6084223;353028877
43;2;222752726;5913042;347057307
43;3;216788883;3146419;353110032
43;4;209045169;3115759;328541267
43;5;221447236;3835473;369366847
43;6;219011652;6808756;384431402
43;7;223175007;5243055;363924046
43;8;216572893;6739264;337643471
43;9;208174948;6626680;363785341
43;10;217203350;6805893;360503710
43;11;220580400;6405982;395080730
43;12;222622033;6712236;342994081
43;13;224266700;6200300;394635422
43;14;214468093;6748204;338206392
43;15;218512671;4098845;350287257
43;16;227290511;6803937;444171187
43;17;229123825;6723341;349598692
43;18;227679113;6044274;412792478
43;19;217916122;2479784;339310304
43;20;216420252;2719340;387814862
43;21;207355617;6704483;346934736
43;22;239169556;6416038;480411966
43;23;222058477;6703226;341321523
43;24;223769832;6568852;360166655
43;25;213419870;6800655;406267417


THREAD; REPETITION; AVERAGE; MIN; MAX (nanoseconds)
44;1;216680290;2835626;391840723
44;2;226854445;6858832;469296377
44;3;231317761;2934661;377341604
44;4;221190742;6396833;373658035
44;5;215977915;2321873;338736697
44;6;215508286;6822376;374286187
44;7;219796977;4767156;414173939
44;8;226872365;6683181;380114233
44;9;225092416;6573321;355539601
44;10;215329975;6866934;329361763
44;11;210629857;5849905;365101151
44;12;213730518;6720756;332313674
44;13;228348023;4808223;443913472
44;14;219572807;6358420;326949934
44;15;222127225;2798330;366122091
44;16;214575472;4923182;360582141
44;17;222018228;2945835;405824763
44;18;217287731;6910725;433212112
44;19;229770493;2707886;361002097
44;20;218340810;7152166;349798019
44;21;216427230;3888483;342283307
44;22;209218381;6738705;383631509
44;23;220773238;4560077;394055669
44;24;230199970;2845822;387578170
44;25;220090629;6222439;342511129


THREAD; REPETITION; AVERAGE; MIN; MAX (nanoseconds)
45;1;220483836;4983036;338356062
45;2;211150098;6826426;360651493
45;3;223035936;3461683;398678882
45;4;217426272;6527505;399962844
45;5;230004259;3161436;360737398
45;6;219937537;3636845;321173361
45;7;209182168;6914216;337919065
45;8;214083263;6719290;357959811
45;9;218943402;2460508;394608113
45;10;226868272;4840071;346793307
45;11;222383980;6126337;350592254
45;12;220382893;6254287;370357546
45;13;209057231;3232673;388675447
45;14;230343527;3276673;380432010
45;15;225426394;3056813;449290204
45;16;235707078;5416471;390422945
45;17;215336427;6651753;330944784
45;18;217615438;4240273;407268172
45;19;224879850;5053156;401127797
45;20;216059710;6163911;447710952
45;21;234279037;6659506;354763176
45;22;219257646;5913600;371929533
45;23;211595939;2836464;361801360
45;24;211139045;5743957;393202069
45;25;219264758;4023068;401009765


THREAD; REPETITION; AVERAGE; MIN; MAX (nanoseconds)
46;1;219251518;6990064;329467433
46;2;225169681;6908350;371592688
46;3;217585816;3528940;379056417
46;4;213056928;6705042;383693458
46;5;217523833;6121798;443812272
46;6;229815898;5576197;406189893
46;7;221651986;6602795;352327041
46;8;224106759;7369093;382982124
46;9;214028799;2240927;349985194
46;10;209146740;6674033;431808512
46;11;220545063;5936649;426298454
46;12;222154595;7189741;330511629
46;13;225863861;4499385;378596093
46;14;216840643;7169347;342688456
46;15;211741455;6616902;412956954
46;16;218927176;3266895;389874900
46;17;226489669;4692216;406650915
46;18;224864034;7389905;340780532
46;19;223239787;6543918;343095561
46;20;214720900;5327982;342829116
46;21;224005862;7027011;362954649
46;22;218498854;3096762;378755121
46;23;224657786;6600071;338869744
46;24;224798960;3122184;352706140
46;25;216200474;6151829;348287003


THREAD; REPETITION; AVERAGE; MIN; MAX (nanoseconds)
47;1;215822365;6464998;380400232
47;2;218718370;3404762;362881596
47;3;226159320;2644190;441387802
47;4;229391821;6661740;391039713
47;5;224565185;7098877;368561367
47;6;209274448;7049919;444697301
47;7;214248324;2733518;371668047
47;8;236428631;6275449;383409064
47;9;234841525;6696662;370092289
47;10;219297881;5736553;357605157
47;11;215966524;6441740;332297960
47;12;229952698;7267684;414634681
47;13;229573062;4908515;415570694
47;14;236250909;2966439;336790151
47;15;221161596;3965308;377066429
47;16;219779691;4663232;340810215
47;17;214646687;5856401;439693033
47;18;223440347;6964503;368928663
47;19;229006387;7237861;451845835
47;20;231303020;5171607;327888949
47;21;218838227;6593506;360740331
47;22;217704124;6764546;388857104
47;23;222676115;5297042;418207132
47;24;219463608;6317493;435298201
47;25;231187365;6846960;344713365


THREAD; REPETITION; AVERAGE; MIN; MAX (nanoseconds)
48;1;221737857;7241842;347676520
48;2;217771590;6958566;429950315
48;3;214610807;2515403;369932911
48;4;230426562;5396426;397196991
48;5;229416358;7359734;348274641
48;6;223167205;3603321;342101719
48;7;220617822;6555093;344255136
48;8;221993963;5323442;365078243
48;9;217222057;6099030;343383656
48;10;229772183;6764617;430506252
48;11;224612977;6718521;357200426
48;12;224128817;6491886;369516517
48;13;213518138;6921201;433940277
48;14;227067023;6913169;391498221
48;15;233902486;7747494;409751868
48;16;229525798;7554312;364663525
48;17;216701169;6012636;334297934
48;18;212067263;7184223;362342909
48;19;215148777;7618287;362243316
48;20;227787148;6452287;350793397
48;21;225530272;6911702;344698768
48;22;232153925;7619544;355468922
48;23;218987189;2461207;355558667
48;24;216566071;4582706;351837315
48;25;224387186;3200686;444218259


THREAD; REPETITION; AVERAGE; MIN; MAX (nanoseconds)
49;1;227016792;2618210;392811586
49;2;232287205;3301886;347208583
49;3;222336998;6478686;364043055
49;4;215385901;2299524;425279958
49;5;215770141;3414191;358526503
49;6;223770992;6394248;362786821
49;7;235254362;3997506;346686101
49;8;219157960;4902578;372105672
49;9;213971695;4640115;336949669
49;10;215474957;6886629;343941060
49;11;221582369;7248477;436599903
49;12;231902009;3914534;345388101
49;13;222046071;7297576;383279229
49;14;223474481;6275238;340507453
49;15;210742945;6713562;374451920
49;16;227689211;2788483;363787087
49;17;229967467;2405333;378125921
49;18;223910007;2695804;349280356
49;19;224939028;7079111;366943284
49;20;215989629;7192954;407974478
49;21;222574222;6868751;381369978
49;22;236258328;7221937;404063994
49;23;224432856;7879423;372426733
49;24;222277526;6756445;382457058
49;25;211440880;6679271;340217821


THREAD; REPETITION; AVERAGE; MIN; MAX (nanoseconds)
50;1;221187683;3274508;383338456
50;2;221588414;4628172;341760685
50;3;228616716;2769277;348383803
50;4;228941608;6807150;374510028
50;5;217487359;2357702;334251909
50;6;223281546;6860020;364938421
50;7;218838815;3901683;367977354
50;8;237126770;7376287;370489825
50;9;227468761;7892344;355612934
50;10;224337309;7534756;327684315
50;11;211317762;6800236;399268343
50;12;218118090;4723435;363718434
50;13;232249087;6013474;433223985
50;14;227446235;7265378;332713306
50;15;232381668;7770332;341530418
50;16;224387835;5895861;452190711
50;17;220799319;6318890;397006743
50;18;225385507;5207715;375997368
50;19;233765086;6750928;365948256
50;20;225582294;7927543;340920285
50;21;224102379;7260071;345526946
50;22;229143690;2530559;433167554
50;23;222601214;2621562;364928643
50;24;234554076;7292477;342132729
50;25;226736131;2946534;343184469


