THREAD; AVERAGE-REPETITIONS; MIN-REPETITIONS; MAX-REPETITIONS (nanoseconds)
1;19208144994;2588842886;42960601830
2;1296792938;4164518;2300809843
3;765860450;2826286;1000242271
4;587566088;2419793;786216820
5;492566794;2384437;702470014
6;490561403;2255051;640877147
7;393337520;2267209;597603664
8;444974599;2240832;615646611
9;399484168;2241435;564238535
10;378697515;2249221;527681828
11;378481344;2281999;563860962
12;389392539;2362710;563302199
13;398994844;2438145;555653531
14;386089131;2526821;559247990
15;382782762;2577333;554143945
16;372319605;2682651;539344640
17;369757945;2815028;549936285
18;362798647;2798576;530527371
19;347733948;2952389;519554074
20;346293638;3095435;537725853
21;338161053;3124860;534857078
22;343960534;3242373;520950249
23;335861546;3218763;511879333
24;335722237;3465697;532241776
25;336979534;3457324;540843903
26;335839068;3608193;530399318
27;337680623;3844633;542680499
28;335360743;4037680;533781463
29;336038448;4180693;542932171
30;324218260;4198315;514676158
31;330045091;4566504;521608615
32;327277559;4611854;515177314
33;323017023;4774897;495985593
34;333021125;4711610;524391764
35;324721698;5527314;522922195
36;329010528;4915392;547464859
37;328857798;4890291;529011505
38;328647818;5609011;520175952
39;324956363;5321503;493022185
40;324150748;5443351;534707204
41;326069468;5682317;544090343
42;319759139;5526291;510275297
43;326010320;6180394;510790019
44;325329193;5632333;543808620
45;322224684;5737609;515323824
46;321943722;5999726;502225025
47;325288980;6145239;506753791
48;328668575;5743981;521971404
49;329614876;6187512;512588577
50;324129675;6287874;554763831
THREAD; REPETITION; AVERAGE; MIN; MAX (nanoseconds)
1;1;18931304438;335684494;44362164465
1;2;18854329114;312902338;42278912962
1;3;20745730021;3783197655;49403346306
1;4;19343208519;2895372876;47432182582
1;5;19427614475;4862144072;34126174137
1;6;18141063757;1956444185;45081334500
1;7;17661574615;317471075;40358316908
1;8;20385738959;3134674379;37525730715
1;9;19129495354;3022882168;46336271579
1;10;20807318245;3783495458;50471788314
1;11;19338074537;2442618545;36702922927
1;12;19251254727;314889393;46903010019
1;13;20938952896;5054365848;44088475071
1;14;19647915350;3027723007;45279848836
1;15;19458571401;2741560868;52279933972
1;16;19044484392;314144535;45069584053
1;17;18055394521;3087650316;34794800526
1;18;19231469852;4022708473;43645694774
1;19;19578479280;3147136857;35817742548
1;20;18547464509;4013645309;48383896278
1;21;19404983090;3099716374;52460999233
1;22;18165013092;2742552894;43240193865
1;23;20107753675;2937129370;36909329886
1;24;17290684073;3053204178;36556064737
1;25;18715751959;317757495;34506326572


THREAD; REPETITION; AVERAGE; MIN; MAX (nanoseconds)
2;1;1867978143;10770363;3241167732
2;2;1439048233;5961581;2387724068
2;3;1412739662;4411943;2523046784
2;4;1207953792;3785467;2220467476
2;5;1261551447;3441429;2229457235
2;6;1177058751;3510572;2250053149
2;7;1313223973;3891207;2241285345
2;8;1335971494;4127200;2281786303
2;9;1219441811;3347981;2047767942
2;10;1376337090;3473346;2494663777
2;11;1208395687;3454419;2049573409
2;12;1255456682;4115258;2217192898
2;13;1240545549;4034521;2036794481
2;14;1243093323;3861595;2200651828
2;15;1419195536;3593823;2282412569
2;16;1157651065;3373822;2022789209
2;17;1304198731;4251099;2374231083
2;18;1343424502;4695988;2205779645
2;19;1315660029;3478794;2272667056
2;20;1260378853;3423829;2206495727
2;21;1173196167;3540604;2040609072
2;22;1137878671;3461613;2018646434
2;23;1230424057;4456293;2198827156
2;24;1211230906;3673092;2242850418
2;25;1307789296;3977112;3233305280


THREAD; REPETITION; AVERAGE; MIN; MAX (nanoseconds)
3;1;775393557;2733169;1586948900
3;2;769192145;2909657;1461527862
3;3;763545924;2836813;907806299
3;4;756929395;2694686;859841614
3;5;747299210;2891988;889127877
3;6;755224029;3019658;876117915
3;7;766083893;2810902;844762812
3;8;773716234;2749023;1498246984
3;9;768233480;2920274;942725123
3;10;761630547;2788414;894614190
3;11;767652889;2874039;903862223
3;12;763875197;2846101;844695765
3;13;770739328;2827874;1000004050
3;14;771626613;2792045;952070445
3;15;772503711;2836743;859974313
3;16;766933344;2711937;871036263
3;17;767443024;2806362;1467167476
3;18;767574340;2854064;976445330
3;19;746824710;2727442;871332111
3;20;762857805;2754680;888903967
3;21;777352248;2820400;898637676
3;22;782055459;2872013;993676850
3;23;761843594;2810134;907352541
3;24;766209227;2912032;890459541
3;25;763771367;2856718;918718650


THREAD; REPETITION; AVERAGE; MIN; MAX (nanoseconds)
4;1;602004535;2317683;796665498
4;2;601902934;2561289;797511136
4;3;588580411;2391644;825735324
4;4;600212547;2592019;743535700
4;5;573542126;2506045;718698117
4;6;584438844;2271588;878016479
4;7;586503220;2336819;960340769
4;8;587782116;2301060;812629888
4;9;578864431;2587549;699977581
4;10;591968445;2376908;707018421
4;11;583445380;2515193;835186455
4;12;580663667;2369854;810002389
4;13;594120502;2241905;849771968
4;14;585998911;2640629;693161771
4;15;586830899;2232406;712804211
4;16;587846618;2433689;830793928
4;17;588237721;2208101;911749049
4;18;590467621;2550464;847578044
4;19;586099690;2718572;718947241
4;20;586854010;2733169;693845307
4;21;571889418;2330185;738365980
4;22;588230577;2310699;845823213
4;23;589545271;2011009;827698144
4;24;581399540;2641118;691139795
4;25;591722779;2315238;708424115


THREAD; REPETITION; AVERAGE; MIN; MAX (nanoseconds)
5;1;488224153;2371251;719646351
5;2;491699547;2283530;670394422
5;3;492325252;2440464;680222626
5;4;487808458;2426984;623596924
5;5;486018279;2362032;674890175
5;6;491597541;2364476;769106968
5;7;499391311;2382635;723316161
5;8;493063589;2516312;738520887
5;9;497026003;2491239;668456466
5;10;486588822;2320616;610738306
5;11;486328753;2341149;776899787
5;12;495127156;2370971;850453549
5;13;499582896;2546902;718932085
5;14;496119869;2274311;619472447
5;15;489158153;2253428;661654833
5;16;489484697;2306718;748993726
5;17;493247233;2245537;694411929
5;18;499710458;2357004;820425151
5;19;495177562;2448076;626097940
5;20;492661642;2391784;635931382
5;21;495703298;2274312;763028961
5;22;490522492;2432921;751228997
5;23;499007381;2470356;639315122
5;24;491525223;2424470;728454105
5;25;487070096;2513448;647561073


THREAD; REPETITION; AVERAGE; MIN; MAX (nanoseconds)
6;1;488753537;2268444;594749263
6;2;480831823;2241905;577880848
6;3;487941046;2338217;728537706
6;4;486239367;2283390;607177867
6;5;489659884;2314679;599000502
6;6;490397040;2299245;637562595
6;7;499439804;2397232;687885122
6;8;487011029;2123385;681830722
6;9;495463085;2204400;643301873
6;10;485674512;2318451;571249838
6;11;491821539;2303505;741817396
6;12;489742248;2126527;678124105
6;13;489647627;2275917;741085389
6;14;490530030;2191270;558516585
6;15;488123686;2225841;584668652
6;16;491083168;2300502;586339744
6;17;497865883;2190083;739872596
6;18;488988079;2158654;658549411
6;19;495135391;2189315;617694427
6;20;498085394;2274800;581581667
6;21;497671339;2280877;634799465
6;22;490236578;2310978;679596988
6;23;491586232;2220603;710950344
6;24;488350507;2197137;609064281
6;25;483756260;2340940;570091310


THREAD; REPETITION; AVERAGE; MIN; MAX (nanoseconds)
7;1;423617246;2223467;620137266
7;2;391972178;2284229;569519310
7;3;393697597;2261600;663942624
7;4;388887179;2187499;609263398
7;5;390177127;2325016;561111469
7;6;387702042;2320337;627697445
7;7;386657302;2326971;541059897
7;8;386641925;2271657;610871564
7;9;383613355;2275289;649074673
7;10;423445305;2252032;616223990
7;11;390436383;2251683;582805985
7;12;389245472;2326064;599286153
7;13;387084432;2267048;515125107
7;14;387332202;2225353;544938114
7;15;418022951;2321455;566179291
7;16;384141778;2312375;655055321
7;17;391185429;2311257;680224512
7;18;389519764;2064089;587636906
7;19;387322891;2304203;573372384
7;20;388604613;2279689;566188510
7;21;404237637;2302038;625595362
7;22;384760869;2260972;604153950
7;23;397924685;2237086;704128807
7;24;382373511;2223118;543252354
7;25;394834133;2265721;523247229


THREAD; REPETITION; AVERAGE; MIN; MAX (nanoseconds)
8;1;437546032;2228775;569444511
8;2;444456194;2201048;598379752
8;3;452865207;2266908;691713262
8;4;443309408;2229752;572967724
8;5;439865025;2271169;550769442
8;6;439705440;2220534;560812897
8;7;452349106;2287722;690657891
8;8;447755045;2222909;635345624
8;9;455865476;2201607;550953752
8;10;447629621;2279270;621019711
8;11;430684293;2219766;646602292
8;12;444478880;2190851;718857704
8;13;450007838;2256921;776843147
8;14;445357624;2166337;595320774
8;15;441318504;2302807;558646071
8;16;441809308;2247492;553268083
8;17;445822830;2187359;647635873
8;18;443092064;2212153;666050503
8;19;449537800;2204610;554226654
8;20;444202117;2303994;561535056
8;21;442681086;2288630;537404195
8;22;451876555;2336051;786901687
8;23;450300234;2122058;645146730
8;24;442110679;2249797;540635891
8;25;439738628;2322293;560026064


THREAD; REPETITION; AVERAGE; MIN; MAX (nanoseconds)
9;1;396711468;2224096;543231333
9;2;402101558;2288419;670332123
9;3;405143730;2235899;651221803
9;4;388472467;2302387;526133070
9;5;400098856;2241067;538307382
9;6;399621836;2165219;601731435
9;7;397715509;2128623;535252106
9;8;400644064;2235619;542996037
9;9;402325941;2292680;539039808
9;10;402530526;2257689;518763698
9;11;396607481;2267188;496713409
9;12;402653789;2257131;570418168
9;13;401862066;2215295;532922061
9;14;401694567;2319359;501767682
9;15;392994998;2167873;504471518
9;16;398924086;2248120;528592740
9;17;403656218;2294775;616179640
9;18;396815057;2203074;504000928
9;19;401902354;2287512;525100746
9;20;402724628;2273194;501152451
9;21;395121162;2207403;532608754
9;22;388946614;2193226;841372786
9;23;404696665;2231359;680368105
9;24;402692831;2235200;565533608
9;25;400445752;2263486;537752004


THREAD; REPETITION; AVERAGE; MIN; MAX (nanoseconds)
10;1;373681813;2293588;512621296
10;2;369676786;2164940;507642522
10;3;372530383;2257060;577622505
10;4;376278833;2236248;493412292
10;5;377179547;2269492;493615459
10;6;369037812;2279969;472055387
10;7;372092553;2246444;570391139
10;8;382802446;2251613;565820097
10;9;386689028;2243302;515849430
10;10;382232507;2339823;492702005
10;11;372734454;2293099;514168421
10;12;379396634;2186940;532991484
10;13;385495174;2223677;547472304
10;14;392979350;2190642;517025907
10;15;378609379;2324388;520068262
10;16;381936845;2323409;634891515
10;17;383799538;2286255;541586920
10;18;377738274;2250006;492736577
10;19;383463885;2257340;487598773
10;20;378914414;2232895;514066103
10;21;374020116;2244139;577934975
10;22;371039698;2255175;539761478
10;23;382433940;2126458;528111813
10;24;384192649;2215645;525307336
10;25;378481824;2237993;516591704


THREAD; REPETITION; AVERAGE; MIN; MAX (nanoseconds)
11;1;375392399;2210896;495815948
11;2;375736661;2177511;648788813
11;3;389706482;2309721;554158908
11;4;378010559;2255524;514352802
11;5;376788244;2382914;524269565
11;6;377359898;2309232;659564903
11;7;375860901;2319917;500723625
11;8;383087596;2272216;515064904
11;9;377312647;2370971;493962431
11;10;369342127;2271658;560550573
11;11;378982077;2220673;614340160
11;12;380916993;2296451;633637027
11;13;380686593;2221163;523601603
11;14;389100855;2336191;533348232
11;15;373667736;2361194;655164763
11;16;378436345;2232756;556401302
11;17;376904897;2247213;610926669
11;18;385043129;2215924;535865732
11;19;377335026;2372229;544330425
11;20;375153337;2261321;645684228
11;21;360864082;2313004;497628679
11;22;385304797;2168083;694985675
11;23;388001423;2301200;513351558
11;24;381310381;2284090;543603936
11;25;371728423;2337937;526401610


THREAD; REPETITION; AVERAGE; MIN; MAX (nanoseconds)
12;1;391215910;2328648;588084589
12;2;388516959;2307346;513592999
12;3;386717787;2381099;526067978
12;4;377134963;2299733;495776698
12;5;384766093;2278223;507353448
12;6;386079609;2345130;536183090
12;7;395358826;2381518;549008673
12;8;403808496;2405962;553509803
12;9;377395027;2399117;538723847
12;10;393273663;2350089;633124391
12;11;395520063;2324038;670741184
12;12;376544359;2474965;510383093
12;13;383169475;2337099;545332368
12;14;384791453;2352114;500706445
12;15;394676307;2355956;617798980
12;16;394990753;2451289;557315734
12;17;396362040;2342197;533455509
12;18;387479899;2478388;549817853
12;19;386350328;2316077;523072765
12;20;390594663;2430128;665641513
12;21;389343991;2360285;629038118
12;22;391829242;2383054;539038901
12;23;401564749;2311677;539673967
12;24;384097942;2322502;719468466
12;25;393230892;2351137;539644564


THREAD; REPETITION; AVERAGE; MIN; MAX (nanoseconds)
13;1;398096286;2470286;571358651
13;2;392090323;2382076;526030962
13;3;393089019;2309022;516357386
13;4;402500575;2438229;534814830
13;5;406434762;2457575;554614553
13;6;402442889;2430267;517175087
13;7;396754252;2533423;518426504
13;8;361613971;2400444;513495290
13;9;415970279;2404426;684256030
13;10;411052793;2476223;586972157
13;11;407162463;2525391;632294048
13;12;384356062;2520153;516334757
13;13;398934432;2469378;506478268
13;14;410284202;2511283;537189853
13;15;407688463;2303574;513540129
13;16;386564298;2529581;602873969
13;17;382405795;2474407;515882675
13;18;395806244;2522039;544502583
13;19;404230389;2378235;607305538
13;20;407424063;2407429;614708923
13;21;401494009;2392413;611741995
13;22;392150003;2467633;511835862
13;23;393366842;2340730;532698010
13;24;405531234;2394019;535993192
13;25;417427466;2415391;584457033


THREAD; REPETITION; AVERAGE; MIN; MAX (nanoseconds)
14;1;402772237;2640350;536293929
14;2;374826017;2584616;512101957
14;3;383306866;2507581;518824250
14;4;408044325;2515124;600253175
14;5;389114785;2465048;550967232
14;6;333952726;2384520;625393940
14;7;374063221;2626172;525165838
14;8;361321705;2548927;516018307
14;9;386038288;2473709;608486065
14;10;413280209;2531886;534242410
14;11;397591898;2453455;640424341
14;12;381474560;2563873;521133762
14;13;371095369;2553607;516551544
14;14;414623101;2521829;603371029
14;15;413314975;2459111;619970345
14;16;385431714;2608990;657772845
14;17;384105552;2489213;510951322
14;18;375565671;2476432;520578872
14;19;368929569;2443397;524870898
14;20;405696501;2486978;567859253
14;21;403953319;2469587;577476467
14;22;380601910;2567994;555392026
14;23;389914033;2624356;506708604
14;24;406166751;2597607;528190594
14;25;347042990;2576165;602200769


THREAD; REPETITION; AVERAGE; MIN; MAX (nanoseconds)
15;1;346835600;2723461;679931528
15;2;347935129;2496756;495977561
15;3;383235161;2465397;531185109
15;4;403413996;2620235;549023689
15;5;400718532;2627848;561336777
15;6;397525259;2510166;628399210
15;7;374583059;2594743;526486327
15;8;364048475;2573651;528245490
15;9;409225267;2519035;569658644
15;10;389563706;2613112;599800673
15;11;362851160;2488096;518154472
15;12;347493348;2577073;495600349
15;13;357442164;2647054;531158359
15;14;400650329;2652990;563120173
15;15;398050534;2424190;545065923
15;16;391270968;2680159;611633252
15;17;380488216;2505067;537482277
15;18;386899855;2701670;507291290
15;19;413820274;2495708;592898818
15;20;397991525;2478806;542868577
15;21;361970549;2604381;629653000
15;22;376308269;2789181;500664610
15;23;386259351;2489074;517788853
15;24;409345809;2574977;542016304
15;25;381642526;2580495;548157377


THREAD; REPETITION; AVERAGE; MIN; MAX (nanoseconds)
16;1;354822948;2779264;573153571
16;2;372983722;2827245;533590442
16;3;384842393;2698667;507125696
16;4;388518154;2761664;520305724
16;5;373959299;2613181;508576439
16;6;363753092;2840515;525589705
16;7;351375913;2565969;541999192
16;8;347258730;2810623;549971435
16;9;386158904;2792184;562791640
16;10;375950891;2649708;585550677
16;11;361578178;2524064;493579352
16;12;383164479;2699156;517408078
16;13;345163863;2671639;489601821
16;14;407707664;2664584;714660383
16;15;376952185;2870966;558114578
16;16;369124813;2663747;639136887
16;17;338283331;2666749;490828723
16;18;366441456;2581403;564391424
16;19;380854986;2694197;520359781
16;20;384395490;2712077;544500558
16;21;369365033;2432013;503352801
16;22;389548555;2781220;515145360
16;23;383129369;2640140;502162076
16;24;389572882;2756915;516963538
16;25;363083814;2368388;504756122


THREAD; REPETITION; AVERAGE; MIN; MAX (nanoseconds)
17;1;350153702;2783594;488283008
17;2;341992573;2915175;481367604
17;3;352896145;2824730;502190781
17;4;365458879;2940387;542921307
17;5;361286176;2586502;558881716
17;6;365257416;2909518;528706023
17;7;366459708;2819492;485945630
17;8;383803907;2732120;507671506
17;9;389043474;2891918;567085342
17;10;375092736;2769067;555809817
17;11;347549272;2961201;508734909
17;12;368523440;2830318;493667771
17;13;377379743;2863562;517762871
17;14;385708892;2400165;720589698
17;15;388763274;2785340;649184115
17;16;350710445;3086147;499201645
17;17;356638101;2695454;498701511
17;18;372130196;2953588;550897880
17;19;383807180;2536984;549289086
17;20;372622040;2765924;613320687
17;21;364279485;2869429;517786758
17;22;371530980;2819632;495198691
17;23;385979180;2823963;662914002
17;24;386214534;2887867;614583348
17;25;380667164;2923626;637711427


THREAD; REPETITION; AVERAGE; MIN; MAX (nanoseconds)
18;1;349609759;2873270;517267208
18;2;357880246;2824591;507029385
18;3;376381957;2748463;498179099
18;4;367043130;2736451;532771065
18;5;346048799;2825988;508912515
18;6;353917353;2920273;507450528
18;7;362454815;2721575;505202267
18;8;389284395;2268166;612087290
18;9;366757285;2845404;528754492
18;10;366505376;2598794;695496145
18;11;364436539;2649778;476581521
18;12;365551234;2802172;483750100
18;13;398636650;2789182;550449010
18;14;385120729;2714242;616361297
18;15;355975724;2742737;619082872
18;16;342975040;2792743;502422165
18;17;357600941;3041518;503159689
18;18;340237500;2783524;482969833
18;19;349901707;2815302;505110147
18;20;356070508;2926141;539350672
18;21;367001103;3038515;542669948
18;22;360526816;2854553;492554011
18;23;359115712;2831156;518988656
18;24;372857918;2889683;529418683
18;25;358074958;2930191;487165687


THREAD; REPETITION; AVERAGE; MIN; MAX (nanoseconds)
19;1;337955946;2810343;488351173
19;2;348903104;3060864;499078654
19;3;371096942;3011556;525141952
19;4;381371029;2984108;552675200
19;5;361753499;2887099;519567221
19;6;345243651;3311524;517244999
19;7;329749121;2937175;508129106
19;8;322781465;2499130;472199748
19;9;348422260;2313981;556925392
19;10;345750334;2868102;529252461
19;11;346494711;3055347;532686766
19;12;349700910;3220661;518594612
19;13;358157137;3017772;490301491
19;14;344673749;2901556;502585455
19;15;352835158;2871943;513505766
19;16;336163912;3225130;521909698
19;17;327155962;3241404;500362825
19;18;368611770;3013511;496306095
19;19;370642905;3039702;584620951
19;20;371548289;2807480;603726800
19;21;329699159;3189791;540233325
19;22;312811809;2834648;435753567
19;23;323150808;2793302;516699958
19;24;358005469;3226877;526549883
19;25;350669620;2686724;536448766


THREAD; REPETITION; AVERAGE; MIN; MAX (nanoseconds)
20;1;325864395;2519733;499283358
20;2;350368151;3133708;482622512
20;3;368784921;3021124;490252113
20;4;354609210;3358737;591975796
20;5;363183459;3250553;484109084
20;6;330110305;3266546;478009635
20;7;310806711;2875296;462439221
20;8;345043940;2824312;565605475
20;9;313530538;2924115;538001617
20;10;329455602;3091105;544157847
20;11;323884528;3173168;455808979
20;12;327959242;3292458;470601710
20;13;383942727;3210184;638004690
20;14;383164730;3290502;613326204
20;15;359363621;2960990;658082382
20;16;349114339;3161715;512834663
20;17;330665074;3124978;470488148
20;18;372027326;3129658;633550074
20;19;372857409;2671219;598783924
20;20;345271235;3281073;598081320
20;21;317672054;3149632;462610123
20;22;328506253;3213258;479676188
20;23;362896510;3238261;573060053
20;24;360567837;2988578;573300866
20;25;347690834;3234978;568480352


THREAD; REPETITION; AVERAGE; MIN; MAX (nanoseconds)
21;1;327753939;3198032;473975114
21;2;346362984;2997239;476864308
21;3;338800716;2744344;675950575
21;4;326532744;2712566;537938062
21;5;316742556;3212629;463152789
21;6;334598089;3363905;475919146
21;7;311665843;3346724;447018127
21;8;315245955;2908750;598212762
21;9;326442113;3099067;582464252
21;10;338762948;3117016;472695762
21;11;328752621;3394845;510201017
21;12;359236048;3023639;558035099
21;13;350686943;3253766;641038246
21;14;331014982;3286940;617667190
21;15;340963180;3002547;500731937
21;16;347875934;3159130;509264795
21;17;344550851;3212000;535352538
21;18;349402493;3263473;547892609
21;19;329442613;3239588;581837776
21;20;346612708;3186369;484611452
21;21;356264200;3187765;492434234
21;22;377473482;2771581;718481469
21;23;346242532;3149143;520420473
21;24;344527218;3034254;481234416
21;25;318072651;3256210;468032809


THREAD; REPETITION; AVERAGE; MIN; MAX (nanoseconds)
22;1;325502464;3279886;487004284
22;2;342569623;3348680;502565619
22;3;346661686;3083004;516698630
22;4;322159683;3345328;525192447
22;5;322825420;3630070;513789951
22;6;350726136;3342394;496399124
22;7;365426945;3171981;621281965
22;8;342079829;3194749;599640737
22;9;349386609;3249855;504800959
22;10;317060393;3444781;488673490
22;11;336552672;3244057;516424713
22;12;355110944;3387372;563113957
22;13;350202060;3290292;551084426
22;14;347496367;3390724;509222960
22;15;339249762;3016585;486807122
22;16;359557328;3230160;501994458
22;17;357315520;3144394;526834416
22;18;350362708;2977054;565363405
22;19;343470144;2621493;520095152
22;20;343222645;3313899;472867711
22;21;340623836;3286451;475923755
22;22;353395332;3430324;509798801
22;23;354491063;3292947;631547376
22;24;323462784;3188324;458616807
22;25;360101408;3154521;478013965


THREAD; REPETITION; AVERAGE; MIN; MAX (nanoseconds)
23;1;343991033;3264312;499762958
23;2;353182084;3329962;562721589
23;3;355863577;3434445;581406017
23;4;333554419;2998636;463761945
23;5;335211520;3483613;467435107
23;6;348050750;3370959;502958826
23;7;363661672;3281073;487722392
23;8;351860845;3242381;666313316
23;9;338728366;3315296;569651660
23;10;337772043;3457842;514935976
23;11;360984395;3185111;471944060
23;12;309780237;3088242;489152881
23;13;332172700;3362579;466723704
23;14;312376750;2806711;449525987
23;15;330627234;2938013;491159980
23;16;329667036;3452604;609052477
23;17;326036441;3036279;595247720
23;18;329186558;2855531;450700368
23;19;319992277;3309918;459760598
23;20;321541584;3138877;459216814
23;21;345028365;3345607;534137648
23;22;340348686;2849663;467576885
23;23;319628664;2785969;541420698
23;24;324764162;3538997;463215926
23;25;332527267;3596477;531477813


THREAD; REPETITION; AVERAGE; MIN; MAX (nanoseconds)
24;1;329911100;3490667;498298038
24;2;346837643;3475302;533111401
24;3;339927369;3699912;482261294
24;4;332064331;3802299;458674915
24;5;327200804;3192026;501318673
24;6;349629309;3405112;606408705
24;7;327237003;3498979;460337207
24;8;335754942;3295251;691809364
24;9;333041595;3771499;513701252
24;10;343871577;3409931;485357707
24;11;353179915;3341975;729069826
24;12;343028443;3209975;619703342
24;13;341711118;3430744;556574509
24;14;334600076;3381575;477750315
24;15;323836886;3139505;485022887
24;16;360606257;3448833;508633779
24;17;339193991;3695861;585043700
24;18;343492880;3439124;653868159
24;19;318026857;2916712;468648739
24;20;309332133;3887296;466343557
24;21;322942163;3636426;480109692
24;22;333814826;3567422;572057621
24;23;322275444;3647041;509091170
24;24;330039091;3906851;463382288
24;25;351500175;2952121;499466273


THREAD; REPETITION; AVERAGE; MIN; MAX (nanoseconds)
25;1;358801813;3655423;556610896
25;2;330646146;3368655;476429686
25;3;336296907;3727918;501572266
25;4;345315218;3864248;494987701
25;5;353413310;3427950;482193547
25;6;338045726;2657670;681300277
25;7;350882291;3510642;666105818
25;8;345689304;3538718;648847689
25;9;331028101;3846648;508693703
25;10;337266974;3590330;536055001
25;11;343192028;3499048;508004160
25;12;347025765;3525518;581042004
25;13;338689888;3867810;557548865
25;14;342364626;3978019;552347087
25;15;333194784;3642642;478801845
25;16;339313415;3180781;507005849
25;17;317427091;3074972;553471530
25;18;327070528;3336038;628221254
25;19;327695760;3634400;487573910
25;20;332127760;3236095;452507162
25;21;326923424;3578667;599617200
25;22;345159214;3224851;530861045
25;23;325496736;2398070;593210520
25;24;322523823;3327797;475306359
25;25;328897725;3740210;462782211


THREAD; REPETITION; AVERAGE; MIN; MAX (nanoseconds)
26;1;338611210;3788680;479106702
26;2;332644121;3686223;504537448
26;3;337560400;3873816;505642756
26;4;336286601;3702495;465402936
26;5;337912081;3551150;503615055
26;6;349325399;3235188;766477722
26;7;350827138;3681054;562207767
26;8;321201040;3897493;798213111
26;9;321094506;3773385;485005776
26;10;334626351;3693906;503228622
26;11;335065667;3984514;546369860
26;12;331532778;3535086;517184097
26;13;333849708;3982350;502272566
26;14;335849386;3927385;506997817
26;15;343089873;3762769;521832454
26;16;346791148;3509873;501965893
26;17;334588686;3878286;470924866
26;18;322120145;3795874;459322763
26;19;341751952;2384730;533751007
26;20;332478159;2533632;458393594
26;21;346104640;3521188;702028819
26;22;349966836;3373613;485511497
26;23;324277995;3724914;501838502
26;24;335541802;3795873;468495298
26;25;322879096;3611353;509656046


THREAD; REPETITION; AVERAGE; MIN; MAX (nanoseconds)
27;1;345606149;3683359;537353840
27;2;343946244;3934788;616527450
27;3;323595968;4246839;433197096
27;4;328755512;3988566;498918158
27;5;341341923;3941563;478790670
27;6;341804730;3781765;489423516
27;7;330555541;3932552;665508955
27;8;330114859;3989404;465553374
27;9;320897816;3805581;521557908
27;10;332579496;3313130;489605173
27;11;346536229;3572451;541170665
27;12;336371867;3657239;638492393
27;13;333808482;4017410;486155294
27;14;336663218;3876820;470865221
27;15;345486504;3265848;593560495
27;16;350821370;3969779;760650096
27;17;338152291;4152972;510695982
27;18;333569106;3887365;519571621
27;19;341490385;3944356;467868611
27;20;345819730;3989962;695325593
27;21;321987557;4012591;560894751
27;22;352741197;3939606;561085138
27;23;330954909;3495835;499280216
27;24;342623482;4076006;530361261
27;25;345791023;3640057;534599020


THREAD; REPETITION; AVERAGE; MIN; MAX (nanoseconds)
28;1;333653898;4114070;695845212
28;2;351230778;4123220;767175367
28;3;331540448;4400629;443889446
28;4;346364039;3107099;522030384
28;5;335866664;4159537;619498079
28;6;338148672;3960908;583652601
28;7;336739322;3884084;593716241
28;8;329934007;4042972;456458782
28;9;338922220;4474731;457329703
28;10;331443342;3892324;550543645
28;11;321886606;4153949;520327933
28;12;329160758;3696071;618673253
28;13;327283945;4360191;488571103
28;14;332200545;4288325;481036067
28;15;338575278;3982141;517524015
28;16;327932768;4275404;523467996
28;17;333334882;4458388;526558264
28;18;327085094;4234197;466568866
28;19;337653884;4174693;511185919
28;20;350399634;4121194;512697354
28;21;343491187;2673944;534434544
28;22;330107633;4128109;487696061
28;23;338642515;4019645;465944694
28;24;339734615;4256267;480761172
28;25;332685850;3959930;518949895


THREAD; REPETITION; AVERAGE; MIN; MAX (nanoseconds)
29;1;336581615;4432686;497584749
29;2;324982150;4514959;657373842
29;3;325912420;4550649;467935450
29;4;336186618;4530674;478908562
29;5;338067412;4239086;695395155
29;6;330883617;3874376;592238469
29;7;337873566;3849582;634950950
29;8;337351062;4492052;486403859
29;9;341736127;4357677;487567065
29;10;355769082;4226375;664178967
29;11;333543215;4150458;547598578
29;12;330222327;4263950;530486347
29;13;342784295;2771581;455507054
29;14;331132105;4036826;459809906
29;15;342031570;4158490;691205168
29;16;347436336;4285042;589358354
29;17;334942668;3175893;558355322
29;18;337813297;4803753;500638070
29;19;327406534;4339308;470177006
29;20;332782758;4280641;533406131
29;21;340898627;4060153;617391317
29;22;328645567;4245162;473410727
29;23;328453530;4335048;460397620
29;24;336560454;4360331;463932637
29;25;340964258;4182584;559092985


THREAD; REPETITION; AVERAGE; MIN; MAX (nanoseconds)
30;1;333268544;4684604;644573891
30;2;331526697;2470775;457581410
30;3;329129695;3395124;462142046
30;4;322781118;4451124;445463040
30;5;328307204;4424445;674604943
30;6;320334555;4353905;466879240
30;7;328819247;3142857;446727517
30;8;319234127;4187823;445645397
30;9;343231588;4561124;480033286
30;10;337857111;4306064;680104036
30;11;317954106;4736636;544547142
30;12;317270111;4443511;504936940
30;13;319632707;2877390;551646020
30;14;315015600;4361239;499795505
30;15;313350862;4496800;657197772
30;16;316238000;4538706;519446746
30;17;320734894;4633410;439454736
30;18;317916862;4700108;492915441
30;19;316925937;3126096;470907126
30;20;326225124;4432896;466305564
30;21;334685460;4363334;624321318
30;22;326368731;4789436;428637509
30;23;315719075;4602261;430232823
30;24;323468207;4500642;438655891
30;25;329460943;4377581;594148627


THREAD; REPETITION; AVERAGE; MIN; MAX (nanoseconds)
31;1;327381503;4895524;525054162
31;2;326621690;3236724;474956245
31;3;330586904;5147721;539588551
31;4;336797002;5075505;495981263
31;5;322699870;4473055;603857124
31;6;327739430;3136991;475031603
31;7;336577291;5104140;528136118
31;8;320926900;4966972;452944369
31;9;318747216;4644026;495817904
31;10;329159866;2788902;526240137
31;11;325707599;4934984;547132945
31;12;322144316;4816185;447531390
31;13;326308186;4604705;529298906
31;14;326328413;4924578;553903499
31;15;321129902;4077752;494931548
31;16;327252248;4748718;507582947
31;17;323355675;4263810;427791800
31;18;337496641;4801238;506053353
31;19;335695769;4692566;568903380
31;20;341453411;4952794;550170273
31;21;340415600;4901112;581196353
31;22;328402811;5137035;473060892
31;23;333408549;4357258;433543509
31;24;346723457;4727766;724339616
31;25;338067045;4752559;577167489


THREAD; REPETITION; AVERAGE; MIN; MAX (nanoseconds)
32;1;325154881;3736787;570010015
32;2;329029593;4834413;485869503
32;3;327809845;5216864;480675826
32;4;339228747;2716058;591064996
32;5;332267530;5272528;541370622
32;6;332216422;2903860;525461197
32;7;329099144;4970184;459114147
32;8;323019646;5047708;507435582
32;9;325195022;5079557;568876072
32;10;330819759;4989181;517124314
32;11;321234925;5417658;440512691
32;12;324021698;3489201;480514982
32;13;329127884;5025010;443873733
32;14;328582638;4919271;533950125
32;15;327313389;5162597;539709516
32;16;318065400;2528534;437366062
32;17;330475641;5265753;573564028
32;18;324722576;5228947;509071754
32;19;334538891;5130540;575098092
32;20;326040569;5034997;475527337
32;21;321192022;2654667;500784877
32;22;335566348;5534712;466544840
32;23;323540484;5247804;495387123
32;24;320586971;4852921;631348468
32;25;323088953;5036604;529176962


THREAD; REPETITION; AVERAGE; MIN; MAX (nanoseconds)
33;1;321114594;5185436;420967190
33;2;316844283;5016000;430845610
33;3;310730432;3926198;422401730
33;4;318443457;5320998;576230638
33;5;326291635;2642165;628997261
33;6;314809326;5397892;430040480
33;7;321850670;5350959;486576297
33;8;322943127;3086146;488170424
33;9;320929154;5166719;561503977
33;10;312262851;4437435;482178671
33;11;315357462;5642058;433547979
33;12;317564593;5550426;531582227
33;13;324465035;5290687;521314511
33;14;326549638;5254858;527787051
33;15;320502865;4698083;468315666
33;16;328806939;5708477;454832528
33;17;332244008;4779448;443386171
33;18;319481404;2565759;422963253
33;19;318430656;5000146;485321459
33;20;333962424;5079835;493940361
33;21;325067926;3803975;460459639
33;22;323698551;5433652;462105379
33;23;332164689;5114477;480694962
33;24;339864545;5436584;742208926
33;25;331045332;4484019;543267441


THREAD; REPETITION; AVERAGE; MIN; MAX (nanoseconds)
34;1;329483096;4651150;470615259
34;2;343228120;5594915;489533446
34;3;323361277;5617823;523171032
34;4;341066325;5384274;480393457
34;5;321073739;5698000;602945975
34;6;322193073;5572915;461622287
34;7;329024765;5479328;460297048
34;8;345434326;5418146;679056067
34;9;335836162;2511352;465315563
34;10;330329056;4672731;679176963
34;11;340968538;3221568;495859460
34;12;327898128;3592496;497083777
34;13;329708634;5232649;503469715
34;14;331605742;5182013;474164873
34;15;335686964;5509290;552926280
34;16;325561549;3250204;466420732
34;17;327108429;5352007;444796056
34;18;347302403;5546515;537247820
34;19;341989812;4795652;509906637
34;20;337071583;2449892;564493183
34;21;328945203;5031994;471455800
34;22;321417107;3803486;458517982
34;23;341623270;3518743;681998969
34;24;334792816;5248782;591252031
34;25;332818031;5454325;548073708


THREAD; REPETITION; AVERAGE; MIN; MAX (nanoseconds)
35;1;324407324;4324572;469550181
35;2;326637471;5814356;484892074
35;3;315062637;5498954;558915100
35;4;320082523;5114756;466034510
35;5;320670188;5639124;535388786
35;6;323200498;6012985;534234170
35;7;322629963;5782019;429216772
35;8;323462381;5718464;501102933
35;9;319871529;5139131;539875947
35;10;327463145;5655886;677058955
35;11;331895084;5817569;500377352
35;12;327494990;5627042;455804928
35;13;328931436;5622153;454702553
35;14;339937305;5444896;582095978
35;15;326190197;5882242;659433601
35;16;328409765;6051677;504417321
35;17;327741044;5747518;490672557
35;18;334896718;5247874;473620949
35;19;316833291;5871836;562090224
35;20;324856658;5291524;486387516
35;21;326817081;5798083;488715954
35;22;321265715;5345721;531833585
35;23;312845510;4555817;573493070
35;24;319916289;5627392;558267462
35;25;326523716;5551264;554872407


THREAD; REPETITION; AVERAGE; MIN; MAX (nanoseconds)
36;1;323155581;6052166;508416433
36;2;324436671;4393086;450179631
36;3;325783275;5470877;518797711
36;4;323664422;5588700;681020842
36;5;327244039;5564464;559396516
36;6;320646982;3035790;493166101
36;7;322646964;5934833;440336621
36;8;333313202;2395416;594577942
36;9;331012811;5747099;735343948
36;10;331395876;5109029;562957932
36;11;325678150;6079823;512232421
36;12;324546737;2774864;489693243
36;13;341326315;5588978;577488968
36;14;333414002;5701214;558684344
36;15;340251216;5623201;598760667
36;16;325664045;5191163;485316779
36;17;330971608;3019029;507289893
36;18;321654538;2946324;487230779
36;19;326553584;2751048;489709027
36;20;336268387;5631023;562588611
36;21;328502819;5500001;479943121
36;22;333209467;5874141;543363611
36;23;327595092;5508591;574998777
36;24;339927796;5847252;712573456
36;25;326399621;5556712;562554110


THREAD; REPETITION; AVERAGE; MIN; MAX (nanoseconds)
37;1;328666938;6049931;476967254
37;2;329221272;2853156;489924418
37;3;331404677;5875956;565819608
37;4;332265645;2223816;512594617
37;5;322515787;3991638;530823960
37;6;331001057;3762070;505599944
37;7;324288414;2789111;457297226
37;8;331414005;5641080;596780037
37;9;327096581;5728521;762470300
37;10;320706023;5849626;568642383
37;11;321866628;6189543;510505525
37;12;324740823;5273366;442895046
37;13;329469534;5183830;459364598
37;14;335803204;5612724;490231859
37;15;331608704;5351378;535310493
37;16;330508073;3377385;444308355
37;17;335304498;4564896;525987591
37;18;329270900;5605740;544274901
37;19;328107547;6038337;585209853
37;20;330188591;2659347;608132668
37;21;323810563;5025918;534267763
37;22;327787608;5856470;450513892
37;23;335202308;5612654;473344098
37;24;324477721;5009086;468398707
37;25;334717861;6131715;685622544


THREAD; REPETITION; AVERAGE; MIN; MAX (nanoseconds)
38;1;324258186;6059080;451131289
38;2;329874351;5961093;437857814
38;3;335271579;5075226;771222948
38;4;327111384;4466350;462445227
38;5;325547318;5571169;538273510
38;6;332235921;5871347;452808108
38;7;330296276;5853956;455105188
38;8;324623957;6148687;576116447
38;9;333601765;5854795;633982881
38;10;328942386;6011029;597293022
38;11;322404304;5833213;496821174
38;12;321504230;5893905;477862130
38;13;335958787;5725239;502810763
38;14;342605037;3999879;582787337
38;15;329485522;6247373;517618091
38;16;323671460;6215315;484961636
38;17;329512407;6024299;495254565
38;18;331867293;2454851;550027308
38;19;326313420;5818896;517203863
38;20;328359376;6542591;506865328
38;21;330142266;5955296;466287266
38;22;331013508;5129702;489644145
38;23;331385191;5445175;550873924
38;24;323437679;5838661;541850291
38;25;316771859;6228166;447294558


THREAD; REPETITION; AVERAGE; MIN; MAX (nanoseconds)
39;1;327227794;5469550;492883104
39;2;321467954;5377289;466274275
39;3;310977060;5996712;465798028
39;4;327444728;3929969;541969929
39;5;328019067;5973734;438910532
39;6;329881642;6006769;494625295
39;7;322773880;6082547;441740500
39;8;327865153;5794102;501818039
39;9;327443528;3057022;516967449
39;10;323696465;2436832;476640187
39;11;326182123;6501385;460107639
39;12;326028006;6007537;468696999
39;13;327376167;5879937;520839031
39;14;333964607;6240946;493188100
39;15;321130157;6387544;435089026
39;16;325879461;5998667;462865252
39;17;337173410;5904102;549136273
39;18;311941346;5792985;531403293
39;19;323424689;5963817;515543526
39;20;323033039;6380769;466036955
39;21;316918983;3616661;489381402
39;22;327433703;3328007;485759154
39;23;326848572;4127479;561663005
39;24;325074380;4790552;605063493
39;25;324703170;5992661;443154158


THREAD; REPETITION; AVERAGE; MIN; MAX (nanoseconds)
40;1;318677783;6270978;441601237
40;2;310468348;6432033;411158331
40;3;324699695;5645969;575680708
40;4;323181105;6389359;623296816
40;5;328404333;4144522;455936299
40;6;326472746;5361855;518173120
40;7;331709747;6183258;547344145
40;8;323077417;4023626;566592960
40;9;327819483;5977087;573998511
40;10;326969247;6385100;519892891
40;11;317011353;6459550;458865652
40;12;332451797;6179766;459984649
40;13;327160693;4721620;800363524
40;14;332181798;2377886;569728694
40;15;322076403;2750350;519847704
40;16;319080029;6675290;561420027
40;17;312570944;2569391;579105235
40;18;323613101;6064877;588167351
40;19;324233807;5756039;552132604
40;20;323423540;6221251;446690641
40;21;316663463;6460458;437071262
40;22;326909329;6104337;593212894
40;23;330402488;3393168;609066864
40;24;330266405;6697709;511952358
40;25;324243665;6838299;446395631


THREAD; REPETITION; AVERAGE; MIN; MAX (nanoseconds)
41;1;317802190;6625073;540531967
41;2;315895705;6209518;637801801
41;3;321077713;3369702;548839098
41;4;316819865;5172585;692526843
41;5;320479001;6875665;458798744
41;6;317451696;6875944;542723447
41;7;313113184;5958928;523734581
41;8;333822723;6201138;519440180
41;9;331052555;3863899;646157263
41;10;329484126;2927257;531255369
41;11;326449676;6648331;447945199
41;12;330856687;6425468;528106505
41;13;329084056;6422814;447821790
41;14;331241489;5962280;564500306
41;15;334311860;4201372;546081206
41;16;326482280;6537423;419051653
41;17;324834559;4776724;676884842
41;18;334064165;6425398;482680061
41;19;338284497;6299753;617344523
41;20;322650233;6308903;479233465
41;21;326578559;6907721;458054655
41;22;334960185;6451658;726593184
41;23;315326250;3435841;551063473
41;24;325766512;6469817;520323952
41;25;333846958;4704718;494764488


THREAD; REPETITION; AVERAGE; MIN; MAX (nanoseconds)
42;1;324289704;5996293;462098395
42;2;318158621;6276985;484397389
42;3;332546700;3023988;464671697
42;4;334032474;6558864;478708607
42;5;329781345;6655315;451278515
42;6;313419164;6131156;448803899
42;7;315054705;6617950;576151369
42;8;317501974;7012973;468914904
42;9;317130065;6797302;462118579
42;10;312188967;6617112;540680729
42;11;318675942;6986503;512523658
42;12;311165799;5905429;635496480
42;13;312468926;6477708;523030790
42;14;320669186;6282572;535941300
42;15;312288324;6111531;439494894
42;16;315885925;6137721;495932444
42;17;313570331;5192490;650187804
42;18;322365339;6553906;530967553
42;19;324265302;3148165;617105945
42;20;323796598;3419429;501289479
42;21;314062988;3028877;445602933
42;22;316756398;3272902;516337133
42;23;318278027;3398128;512797157
42;24;327583055;6784172;530705299
42;25;328042625;3769823;471645488


THREAD; REPETITION; AVERAGE; MIN; MAX (nanoseconds)
43;1;327511862;6936846;474931590
43;2;331715393;4814718;508322566
43;3;320123513;4853620;557083861
43;4;322357727;4609664;491890799
43;5;316378503;6395505;471119724
43;6;316318658;6639252;509435487
43;7;322374556;6499360;563627081
43;8;322811834;7265100;506363309
43;9;327147433;6433919;516767495
43;10;319354215;6585754;466252485
43;11;320937292;6024788;503822064
43;12;329384618;6781448;514566027
43;13;325671987;6079823;499484222
43;14;332037919;6701620;479580784
43;15;337085359;6751486;517057056
43;16;329354985;6635410;587376887
43;17;328885413;4209403;563771373
43;18;328357481;6284877;665678668
43;19;323238026;6362820;526704022
43;20;322733912;6733188;460707437
43;21;330011687;6719919;517801145
43;22;331202532;6644211;453361810
43;23;327768285;4148572;452495987
43;24;323505417;7064794;485698741
43;25;333989406;6333766;475849863


THREAD; REPETITION; AVERAGE; MIN; MAX (nanoseconds)
44;1;342582895;6555512;559702281
44;2;325262930;7112706;578927838
44;3;333692757;6649448;606332159
44;4;322332272;4427658;461344110
44;5;323722757;2627499;439569205
44;6;325503310;3073924;596161803
44;7;326194155;5131727;747998489
44;8;327419205;5150655;531091731
44;9;323786049;3079930;496587695
44;10;324694339;3611074;456355836
44;11;317142774;7140363;532127896
44;12;328950617;6873220;581281560
44;13;329646618;3213328;594503911
44;14;315231363;6157905;457148534
44;15;324680044;6788013;506827823
44;16;329421917;4550648;521491139
44;17;332573005;6347315;571511393
44;18;331463338;6234451;532829521
44;19;329146098;6785011;576863051
44;20;328772104;6406890;501149028
44;21;324071064;6855201;451371612
44;22;314159830;6813924;614565678
44;23;319111004;6300382;760281614
44;24;315909199;6363099;413909729
44;25;317760185;6558445;505281886


THREAD; REPETITION; AVERAGE; MIN; MAX (nanoseconds)
45;1;317447943;5399150;511677112
45;2;313088827;5416749;569767317
45;3;314647473;6580515;496293104
45;4;319576348;5369817;464626649
45;5;321260599;3521397;494471225
45;6;319830680;6320147;451703429
45;7;313281139;6429518;656114395
45;8;321029661;6489861;613900580
45;9;321227044;6771181;498527467
45;10;317534668;6768319;462506338
45;11;312513148;5474928;518382853
45;12;316542039;2552699;622337686
45;13;329357322;6589455;599545403
45;14;323467739;5985677;439102735
45;15;325848948;7099715;440321955
45;16;335831654;6950325;672169158
45;17;328229244;6333347;563423284
45;18;325083022;6820559;519682739
45;19;326640781;6648401;460094370
45;20;326284567;2411130;451610610
45;21;323043577;7025544;427429604
45;22;338072548;5945797;527140949
45;23;318580825;6246464;457800782
45;24;323683642;2942693;488017960
45;25;323513671;5346839;476447914


THREAD; REPETITION; AVERAGE; MIN; MAX (nanoseconds)
46;1;308602846;6738845;408936192
46;2;325981382;6685766;606976236
46;3;322695310;3658705;532359978
46;4;315877690;6266089;453723518
46;5;319367181;7423919;451168724
46;6;310539418;4440020;627489457
46;7;316799000;5952293;471943362
46;8;313299428;5956484;580108296
46;9;320025758;6212103;480754957
46;10;324200664;7031550;454227493
46;11;316694134;6760636;477288594
46;12;315097773;2733029;502168432
46;13;324567044;6733467;473148333
46;14;327982429;6889842;462673608
46;15;320531674;6048674;490048386
46;16;315586554;6654197;518065564
46;17;333839951;7153423;562064592
46;18;327195299;6929093;612668091
46;19;328025637;7542019;473324054
46;20;330878921;2682603;474230594
46;21;332115658;6518146;462029671
46;22;316537829;5932248;505833213
46;23;328997018;6345708;518518555
46;24;329524884;7239956;495285574
46;25;323629587;3464337;460590173


THREAD; REPETITION; AVERAGE; MIN; MAX (nanoseconds)
47;1;324290686;2365175;571078028
47;2;310391821;7821734;424797565
47;3;321047246;7180591;511465703
47;4;324168178;6590921;491190780
47;5;334463449;7285703;481778830
47;6;334367842;7283607;479641407
47;7;323955025;6869518;557400033
47;8;328626417;6157277;554736775
47;9;328719021;7570166;467999075
47;10;330767281;5331754;516776433
47;11;322138965;6030026;505104769
47;12;330015245;7044610;562083379
47;13;325976902;3634122;471518726
47;14;326984503;7500325;489564735
47;15;328348295;4363334;487873878
47;16;335586787;6469537;544199263
47;17;334398182;7061163;505469480
47;18;319872932;7622477;448706051
47;19;315971901;6364915;422397120
47;20;319502097;3433817;538276094
47;21;327879870;7099995;620274853
47;22;320206964;4333302;537364456
47;23;322666627;7456813;483250734
47;24;319543868;6785010;461760992
47;25;322334419;3975086;534135623


THREAD; REPETITION; AVERAGE; MIN; MAX (nanoseconds)
48;1;327040431;4467607;535789535
48;2;334785176;7514782;527902988
48;3;317372425;6546782;434419249
48;4;318674106;4284064;472566067
48;5;321794726;6437830;645515701
48;6;330810743;7552916;506133112
48;7;331536916;7360083;711091983
48;8;322829508;7121227;459911875
48;9;327104864;6566198;471054631
48;10;326741672;6713143;651913791
48;11;334238734;3190140;567260015
48;12;336895754;7110121;497521054
48;13;328830373;3810680;465305297
48;14;329391681;2506743;453108985
48;15;334826895;6882858;634183605
48;16;326700786;2294076;443903135
48;17;325718465;3632445;503302933
48;18;328475873;6756934;507021703
48;19;323394149;7182337;455352775
48;20;337641115;4698851;576959711
48;21;334085838;6595811;479929363
48;22;333040393;7361341;622902771
48;23;327699831;3250552;479293597
48;24;329948696;6491398;486226113
48;25;327135234;7270617;460715119


THREAD; REPETITION; AVERAGE; MIN; MAX (nanoseconds)
49;1;335189663;7374470;514804396
49;2;331411698;3382902;435632182
49;3;331816803;3453791;497643835
49;4;325058057;7308890;482663509
49;5;336769358;6302128;566637240
49;6;322944930;6777258;567897665
49;7;325335032;7117036;506541335
49;8;328022830;7475670;482123775
49;9;325816384;6953677;472594771
49;10;341223778;2719620;503869207
49;11;333689803;7174794;507569328
49;12;332229803;7226966;465978427
49;13;329481790;7037696;516327075
49;14;328997470;7267125;435041115
49;15;324307378;7591258;601038890
49;16;335852010;7179055;632131458
49;17;323888724;3288407;424704886
49;18;317233118;6608033;545622768
49;19;328491810;6786756;476110651
49;20;341927165;3880451;714470065
49;21;327607655;7840941;500736686
49;22;325310622;7129397;532500569
49;23;324835331;4047442;448370254
49;24;330586751;7014648;500753098
49;25;332343960;5749404;482951255


THREAD; REPETITION; AVERAGE; MIN; MAX (nanoseconds)
50;1;324786293;4217645;672883146
50;2;321115691;3972642;500054546
50;3;321576216;7211531;452011149
50;4;332071225;6891309;673537629
50;5;319957243;7742604;578504461
50;6;325759472;6914286;519741405
50;7;321527840;2548019;541516031
50;8;315441724;6994185;448762134
50;9;327009206;7192884;746704190
50;10;317556524;7003125;546594679
50;11;322642991;7373423;494335453
50;12;331650467;7689175;531353845
50;13;329768632;7122134;530370829
50;14;326311021;7188343;571619088
50;15;319416681;7173189;647365727
50;16;327185692;6172921;551106635
50;17;324950614;8018477;515209405
50;18;327392482;3609816;512812941
50;19;329564685;7646642;477092899
50;20;328958426;6827893;582990575
50;21;326021134;6260083;626110441
50;22;324161939;5344115;472004194
50;23;322370830;3458191;449817715
50;24;309978307;6443487;528844587
50;25;326066561;6180743;697752088


