THREAD; AVERAGE-REPETITIONS; MIN-REPETITIONS; MAX-REPETITIONS (nanoseconds)
1;27230039900;3270498742;55595518201
2;14227851459;969048733;45683110263
3;3846904979;360643632;10257884309
4;891864325;2975378;1746346111
5;859097909;2775727;1243689675
6;763071519;2634767;1021245507
7;644630819;2547276;951519271
8;690474936;2484433;899397892
9;692166425;2385319;872933808
10;649420492;2400813;850943368
11;661675531;2416488;878124423
12;599658005;2418100;866254613
13;488603738;2514372;807608047
14;496903006;2559808;833917604
15;496308229;2640824;878402660
16;505598007;2765957;885310476
17;521629976;2888012;874441676
18;525798098;2936878;884575841
19;510903998;3055243;854012317
20;506180853;3137085;884850345
21;511403109;3310719;912748975
22;521854165;3389198;880855499
23;522786685;3541735;910278543
24;526341954;3727454;900772349
25;525831752;3711575;917643147
26;525898259;3923004;938999115
27;523613497;4169242;885570079
28;525177066;4386814;946621394
29;523617637;4384060;913555817
30;530761838;4706408;925150727
31;524123734;4915342;917780516
32;507881487;4925746;872380218
33;508769451;5319737;880585490
34;502099072;5306805;915726822
35;516784977;5416805;922879388
36;507105079;5536815;874896217
37;504775658;5828115;865780639
38;511447468;5846617;860584529
39;506127003;5933164;887613034
40;508756905;5861387;854470841
41;507783832;6153530;879862909
42;511769125;6238055;868167669
43;511185891;6434340;870485193
44;517392951;6403067;864839112
45;514038347;5952326;872035258
46;521871491;6526544;891594023
47;518312458;6680759;858751698
48;514462465;6904631;886324812
49;521825175;6382484;900671942
50;513851500;6318448;860579827
THREAD; REPETITION; AVERAGE; MIN; MAX (nanoseconds)
1;1;25375769576;417253030;58844251503
1;2;29865592207;430959032;53121218618
1;3;19974463103;6900272451;52392620500
1;4;30641705498;429667807;52370182803
1;5;31110958889;2275840366;58962456262
1;6;21668591119;2365917386;57818296111
1;7;28784959022;9344345161;58855786420
1;8;22804257908;2382053026;56383602734
1;9;30525849821;430421813;50962037563
1;10;28925737201;9614907761;58802384521
1;11;23599852081;5141084970;40261615862
1;12;29910301753;2277074531;58578273146
1;13;30209532063;6643406076;58140172843
1;14;20987896800;1442718907;57967873570
1;15;30851806450;1385941509;53915452662
1;16;21752679454;4854075309;57386784843
1;17;29018401736;1383901585;52838696399
1;18;29264944359;1390348215;57292104164
1;19;30951748012;429395915;58572232994
1;20;23406892652;473811895;57625369076
1;21;29420357595;429475325;55164574477
1;22;30273860095;6619810548;53798540458
1;23;23023181792;3296217117;58941928932
1;24;29136164911;6655290407;58801153219
1;25;29265493417;4748278413;52090345351


THREAD; REPETITION; AVERAGE; MIN; MAX (nanoseconds)
2;1;14628520349;1615739081;51627206042
2;2;15447423016;1272184802;49956809734
2;3;16883640363;225914676;50258601791
2;4;13420075223;1632651566;48110552738
2;5;14417041640;1914118623;39955719442
2;6;12476894952;1138365210;42044180266
2;7;13321828302;223449000;49041734494
2;8;13714657360;1563660885;37785614233
2;9;14818121328;1606070255;41614278281
2;10;15576303249;224458835;51814455748
2;11;12963796326;692971523;40247050114
2;12;13368343707;242186367;51967481482
2;13;13764909653;643918012;38857346464
2;14;14572557874;239381612;49099266527
2;15;14810976041;226965788;50741773325
2;16;14885144224;268062282;45900406058
2;17;16937026396;1227562092;50934072976
2;18;14143602982;255787118;45235381522
2;19;13248442142;238723288;44555233486
2;20;14116862608;1776441838;50217897107
2;21;16330154794;1558331017;50820157520
2;22;11525244910;2145619415;34704241461
2;23;12709593767;1506632267;40226114911
2;24;14277708915;238532481;43688820227
2;25;13337416372;1548490311;42673360650


THREAD; REPETITION; AVERAGE; MIN; MAX (nanoseconds)
3;1;3027460661;905004687;4661705887
3;2;5329159011;1238698215;20992598431
3;3;3734819044;176280016;12229293318
3;4;3004065514;577507197;4522353888
3;5;3372831294;1012350592;4383071731
3;6;3508660673;348842799;8558751950
3;7;5370867260;175655774;23083414582
3;8;3314183093;176141731;8707072897
3;9;4233088761;719500663;10364513088
3;10;4051640606;176225121;14725826537
3;11;6521554124;533665103;23457158312
3;12;3337012490;176797819;7961853880
3;13;3111930242;173820835;4499750807
3;14;3331381893;177865692;4423450117
3;15;3643502761;11926447;7303984794
3;16;3765433995;13187640;8160072509
3;17;2664755281;9919417;5229335922
3;18;3540958092;157126255;4474321178
3;19;3789538047;626796143;10000466679
3;20;5298825465;184010677;21431660657
3;21;3878397470;175007507;12083196677
3;22;2423724040;175796575;3750007892
3;23;3639680691;177545051;7254208077
3;24;3594866348;905202546;8473012143
3;25;4684287634;11216300;15716025780


THREAD; REPETITION; AVERAGE; MIN; MAX (nanoseconds)
4;1;872800472;3148934;1449957606
4;2;878205342;3045638;1969235755
4;3;903371544;2987950;2033557128
4;4;896746772;3358318;1773911698
4;5;907522086;2528044;1566916466
4;6;857583190;2843518;1397542215
4;7;884547277;2908889;2015578866
4;8;908914821;3085448;1981452461
4;9;916406638;3335061;1483044213
4;10;900307134;2496057;1468962257
4;11;880070805;2733867;2035298341
4;12;871091188;2894013;1623025203
4;13;900417714;2979429;1685686100
4;14;912220747;3142997;1571814505
4;15;868287418;2856997;1421372199
4;16;884060949;2898622;1966131450
4;17;902406928;2981385;2049141022
4;18;912826709;3102419;1584050627
4;19;898417447;2912591;1715480878
4;20;871298010;2740083;1601791848
4;21;879508082;2607315;1955833284
4;22;910284853;3135315;1513171855
4;23;890176186;3343791;1551248902
4;24;878972171;2929702;2095352971
4;25;910163653;3388070;2149094927


THREAD; REPETITION; AVERAGE; MIN; MAX (nanoseconds)
5;1;853017794;2933962;1413907074
5;2;863316588;2623937;1453215493
5;3;863787697;2964482;987449383
5;4;878331308;2935429;1375087686
5;5;876893712;2705232;1530477826
5;6;867019263;2673664;1256800934
5;7;853092736;2732540;998845244
5;8;861589295;2866077;988012024
5;9;865334451;2997867;1422380707
5;10;849343872;2799658;1124088677
5;11;827393194;2347504;1115195787
5;12;865109671;2751747;994295364
5;13;865932556;2524901;1129302397
5;14;868343976;2745600;1428908982
5;15;844538700;2818864;1112910021
5;16;813877770;2926210;1136900570
5;17;870026125;3067848;1379570936
5;18;868833949;2657531;1484761192
5;19;853042552;2623309;1149449441
5;20;860199454;2856648;1380535725
5;21;878758725;2806711;1251416312
5;22;869461634;2810902;1686426627
5;23;848145058;2860140;1336133503
5;24;853395185;2782477;994366602
5;25;858662462;2579937;961803386


THREAD; REPETITION; AVERAGE; MIN; MAX (nanoseconds)
6;1;774609022;2883886;1350768114
6;2;784507717;2519244;998049264
6;3;749229960;2210755;941133091
6;4;736147662;2600959;965148294
6;5;742453520;2426706;958612338
6;6;739225456;2510585;968133311
6;7;731173865;2810902;937246424
6;8;801457087;2561429;956867074
6;9;800614550;2366152;944823434
6;10;795714789;2762711;997580558
6;11;774655817;2670731;993389523
6;12;709149997;2731563;977911368
6;13;786471106;2671220;931753268
6;14;776486796;2773327;1394205758
6;15;781527918;2584477;1300350603
6;16;751903081;2724229;923098187
6;17;747263546;2686305;946504304
6;18;792857367;2743854;979165788
6;19;766502394;2607943;944934412
6;20;736093883;2779264;959388972
6;21;750231122;2543201;929386765
6;22;759654878;2613949;925109895
6;23;789857744;2639302;1305457049
6;24;761445986;2621213;1093046672
6;25;737552724;2825290;909073221


THREAD; REPETITION; AVERAGE; MIN; MAX (nanoseconds)
7;1;651141127;2616464;936447579
7;2;625550712;2723042;994986933
7;3;621665607;2611226;1281611489
7;4;658757313;2582870;1080487674
7;5;650559771;2339055;920959717
7;6;614239919;2658788;897284432
7;7;617169993;2314331;886890304
7;8;663529551;2507442;942633911
7;9;665502871;2522318;934422880
7;10;638283328;2383962;845484552
7;11;620311337;2665003;876249915
7;12;605694465;2476432;925935349
7;13;650251181;2562895;929964423
7;14;640734549;2593555;965020624
7;15;628705016;2638604;948141175
7;16;644270722;2433340;942376475
7;17;658240023;2697060;922993146
7;18;663622278;2675759;901111524
7;19;645084308;2450731;924078968
7;20;623278962;2663328;932843350
7;21;644214224;2581823;920874651
7;22;690954243;2666610;912455075
7;23;680807497;2579099;1086647116
7;24;636053950;2480693;937824360
7;25;677147544;2257480;940256164


THREAD; REPETITION; AVERAGE; MIN; MAX (nanoseconds)
8;1;643338206;2449473;873495934
8;2;696521232;2403867;926456086
8;3;704056646;2422165;865645075
8;4;688679577;2585804;882212822
8;5;650701282;2643003;872736829
8;6;671027286;2562407;886873891
8;7;690082493;2538172;919951977
8;8;702751221;2341219;889614532
8;9;678119155;2570229;879230461
8;10;623128768;2627219;860218548
8;11;675335451;2505207;905096808
8;12;711036647;2427404;979337248
8;13;701942614;2180933;927400550
8;14;712479347;2675410;893866818
8;15;688670779;2487048;945001739
8;16;729780284;2470425;919569805
8;17;756541559;2573372;882786849
8;18;741336548;2289536;911440421
8;19;709379712;2609340;889466957
8;20;700638994;2558147;894294107
8;21;620820136;2418603;904547784
8;22;663872404;2502832;870773032
8;23;677548343;2269982;926789090
8;24;704463417;2504368;894312265
8;25;719621310;2494661;883827693


THREAD; REPETITION; AVERAGE; MIN; MAX (nanoseconds)
9;1;673376416;2277664;840079815
9;2;688411466;2270540;958775557
9;3;693469545;2541035;873278796
9;4;686183558;2370064;825766892
9;5;692720956;2432013;843723365
9;6;685139430;2422026;826722251
9;7;683308150;2371251;867601538
9;8;693942414;2325366;852808597
9;9;700068600;2278362;902395346
9;10;674077810;2359868;880008353
9;11;684003836;2500178;933722652
9;12;690252327;2354978;854242159
9;13;693820262;2511980;850421004
9;14;700283272;2290794;912988592
9;15;689030673;2325296;931682867
9;16;688316215;2517010;857707334
9;17;691972594;2288629;835096360
9;18;705817103;2604312;879102931
9;19;690296764;2241835;834538189
9;20;694489937;2474616;905772242
9;21;707795046;2472451;888335599
9;22;688053647;2340032;818502352
9;23;699868817;2525880;900734101
9;24;707350677;2365943;891753980
9;25;702111130;2170876;857584344


THREAD; REPETITION; AVERAGE; MIN; MAX (nanoseconds)
10;1;645151888;2450870;803414819
10;2;639465666;2519105;837771561
10;3;656745242;2564921;962520307
10;4;647705651;2404495;797523358
10;5;669628590;2427333;838243478
10;6;640339997;2387524;814590053
10;7;660919955;2532864;943537866
10;8;652934832;2174509;879620176
10;9;639011375;2231778;788492044
10;10;633218537;2427264;811145550
10;11;646956398;2506324;941886678
10;12;652359573;2437112;849924292
10;13;630409167;2473638;811529119
10;14;657790266;2444864;901083099
10;15;650535938;2237086;880053121
10;16;658337604;2436064;825896727
10;17;645255682;2350927;784795693
10;18;651028143;2316775;824096568
10;19;657745473;2306718;857456045
10;20;653336109;2476431;833696601
10;21;656756294;2439486;839585269
10;22;646948564;2397651;943979053
10;23;659211118;2303576;842048151
10;24;653329149;2341498;819578745
10;25;630391100;2431524;841115840


THREAD; REPETITION; AVERAGE; MIN; MAX (nanoseconds)
11;1;659026238;2409315;880465184
11;2;673012430;2474197;937634042
11;3;668909922;2532375;871659387
11;4;654142158;2508070;846828368
11;5;654509707;2467842;811828808
11;6;661460631;2324038;885591465
11;7;661427346;2320895;946706076
11;8;673803672;2480413;821708555
11;9;662883101;2247632;818812866
11;10;664333854;2475035;856635131
11;11;663539133;2465956;838444900
11;12;659624820;2267327;816227761
11;13;648036325;2393740;819722897
11;14;657890998;2540687;1118179196
11;15;669417016;2222000;923172778
11;16;666125307;2351626;854180908
11;17;648174980;2472870;811404103
11;18;653915411;2481810;847320330
11;19;671402137;2349181;1134489300
11;20;655681009;2356723;807369722
11;21;664893287;2350997;841709491
11;22;649413261;2529022;813032033
11;23;667544894;2509886;853059676
11;24;669533616;2531816;916876657
11;25;663187028;2348762;880050956


THREAD; REPETITION; AVERAGE; MIN; MAX (nanoseconds)
12;1;577573689;2377328;990343605
12;2;606691975;2515683;859886312
12;3;634930366;2429988;827776924
12;4;598647292;2413086;861429246
12;5;578074982;2409036;849529550
12;6;638852937;2336330;969206002
12;7;585318936;2490819;825023851
12;8;571708121;2461625;828368130
12;9;656493502;2443049;971057984
12;10;610604159;2413435;873288365
12;11;619644106;2369015;825559185
12;12;561111309;2353092;855298299
12;13;561957318;2274870;836298468
12;14;606979873;2211524;814403785
12;15;607613779;2488165;859879468
12;16;549847092;2424191;822885241
12;17;614433477;2521201;818625132
12;18;602084850;2326412;909759062
12;19;606820897;2518127;858460782
12;20;590770815;2494731;853780927
12;21;628993037;2470146;862422458
12;22;589831869;2294775;917984339
12;23;594246606;2514566;851324680
12;24;594489749;2373975;848616864
12;25;603729393;2527346;865156675


THREAD; REPETITION; AVERAGE; MIN; MAX (nanoseconds)
13;1;494180552;2614648;919138885
13;2;513716193;2577631;1097986686
13;3;480126678;2421815;790558507
13;4;479194559;2566318;743233638
13;5;490494222;2554724;990738697
13;6;503104907;2296801;817817628
13;7;500468210;2390737;782541636
13;8;473623984;2658089;749330501
13;9;482896452;2358750;801947803
13;10;494138566;2475943;858144890
13;11;489726270;2522109;705939721
13;12;476128718;2576096;792327377
13;13;479305790;2400236;837540945
13;14;490044369;2350438;836610239
13;15;502715487;2645728;736051858
13;16;495372030;2720388;699737258
13;17;487085113;2527347;862986287
13;18;492303197;2406521;802850991
13;19;494704968;2556540;831960137
13;20;502941540;2436971;792090895
13;21;481567466;2517569;896555777
13;22;473089414;2607594;680647121
13;23;489806394;2598096;746248964
13;24;480626989;2600540;770481024
13;25;467731395;2477689;646733733


THREAD; REPETITION; AVERAGE; MIN; MAX (nanoseconds)
14;1;479708675;2433550;929275089
14;2;486039195;2558006;777857801
14;3;505259320;2592159;806495308
14;4;468192394;2599911;836302729
14;5;486816313;2470286;1196625479
14;6;493952603;2552140;854289162
14;7;517007090;2650896;773954650
14;8;450164962;2697131;733117477
14;9;481348242;2462464;842875072
14;10;522641941;2377537;810933234
14;11;516364390;2508140;736119535
14;12;457495500;2344083;715123291
14;13;517531556;2568763;805269665
14;14;517830609;2397302;706379861
14;15;546327252;2732889;796342273
14;16;461809057;2692661;735169064
14;17;481165251;2632597;875683013
14;18;532599937;2319010;921847540
14;19;506017528;2603124;746703701
14;20;470388752;2629244;681992055
14;21;480059854;2692661;932259617
14;22;523320669;2602635;961845361
14;23;555150564;2798610;864175196
14;24;491927039;2524692;914521329
14;25;473456468;2554724;892782602


THREAD; REPETITION; AVERAGE; MIN; MAX (nanoseconds)
15;1;514338730;2648451;1102654737
15;2;533417705;2757055;746172628
15;3;497441633;2756635;821007629
15;4;472598767;2561988;844095689
15;5;488821594;2595860;940124583
15;6;523611230;2748255;770621684
15;7;493716476;2538451;693772882
15;8;472061075;2478039;1176696200
15;9;482304476;2510305;945846540
15;10;514088358;2672406;892652208
15;11;526103171;2651035;895225930
15;12;452362276;2606336;693552533
15;13;488021177;2792534;907270757
15;14;495678919;2447797;970266193
15;15;530748564;2484534;777772944
15;16;483331839;2541175;846886266
15;17;470610538;2619257;827165533
15;18;490401950;2528464;906023950
15;19;504389924;2759918;801066127
15;20;477108433;2661792;895816926
15;21;473658377;2465327;796316710
15;22;498169544;2816140;1006658947
15;23;543575204;2909867;881852722
15;24;494885941;2583569;885214811
15;25;486259829;2885423;935331376


THREAD; REPETITION; AVERAGE; MIN; MAX (nanoseconds)
16;1;495553239;2608432;970048358
16;2;539591118;2735473;830330810
16;3;500902829;2877741;782588849
16;4;486793156;2846242;976578308
16;5;506852079;2899740;1101746801
16;6;529831622;2926070;846827809
16;7;546363973;2688191;848676507
16;8;487232063;2936337;949386305
16;9;516081118;2248260;928742550
16;10;530405104;2909099;870832675
16;11;512963038;2844704;931469921
16;12;464391280;2744482;787744462
16;13;476976261;2861607;838310595
16;14;533403667;2817537;817427145
16;15;543260152;2775912;847652216
16;16;458720735;2733727;721096885
16;17;468711767;2529861;666021240
16;18;534374068;2574000;831356429
16;19;531669505;2866285;898566997
16;20;497593279;2706140;916861990
16;21;478191329;2653550;869437176
16;22;521201061;2885912;1109251665
16;23;508248827;2846312;732199903
16;24;494223487;2807410;864752923
16;25;476415440;2825917;1194853396


THREAD; REPETITION; AVERAGE; MIN; MAX (nanoseconds)
17;1;515480271;2745251;918540834
17;2;550890269;3102071;903788121
17;3;525021346;2871315;855005804
17;4;490577757;3047175;918887666
17;5;511093987;2888076;917278104
17;6;549884701;2828013;912503684
17;7;530386105;3064355;876130556
17;8;488782947;2938991;839390481
17;9;495697430;2821727;891250634
17;10;550838622;2781080;863308675
17;11;540992736;2986343;900687308
17;12;527929223;3057232;866883919
17;13;496591829;2899950;752585664
17;14;552519498;2517918;855384134
17;15;530603726;2982921;863189596
17;16;488820583;2942553;815295939
17;17;506300583;2535517;901976928
17;18;536912165;2990603;939391878
17;19;530441446;2622890;863577913
17;20;525041289;3089708;772583177
17;21;508402307;2985924;861895576
17;22;529010618;2768299;890309942
17;23;534821032;3034884;909180776
17;24;519315832;2899600;894991613
17;25;504393108;2797911;877022987


THREAD; REPETITION; AVERAGE; MIN; MAX (nanoseconds)
18;1;533555103;2912241;878641071
18;2;545201802;3004502;888431071
18;3;518844289;2992978;906206166
18;4;529382530;3146139;942997504
18;5;537037899;3351963;1009614001
18;6;547735560;2768858;843004768
18;7;516368108;2468541;869423767
18;8;492893055;2966578;892230158
18;9;501935753;2750978;811317919
18;10;546391435;2952470;821086619
18;11;504159962;2816559;796863916
18;12;480362679;2909378;781987655
18;13;508925900;2779054;975936816
18;14;569361664;2897645;902929143
18;15;547826915;2881372;874529444
18;16;490938134;3059817;827900614
18;17;496643395;2950375;927722727
18;18;566354429;3019098;889950259
18;19;577179921;3135943;868703285
18;20;493083262;3076228;801242476
18;21;512626679;2700063;942227364
18;22;530050888;3015327;929536924
18;23;562040239;2544947;917566549
18;24;515237993;3101092;879428600
18;25;520814862;3219823;934917217


THREAD; REPETITION; AVERAGE; MIN; MAX (nanoseconds)
19;1;547152965;2770324;905869881
19;2;522696672;3361950;868234929
19;3;499140127;3126725;748544578
19;4;484098219;3240286;777943844
19;5;532144889;3202152;1174133235
19;6;527413466;3085099;807426502
19;7;498317529;2910775;885882913
19;8;499468310;2845124;888748151
19;9;508392764;2995004;864597804
19;10;527665804;2709074;816473462
19;11;485749621;3049480;743495682
19;12;482330627;2901695;821115253
19;13;531162851;2935359;824081971
19;14;537210662;2575187;875795597
19;15;516139752;3154241;852511981
19;16;485135742;3192724;812916865
19;17;512742477;3170305;927602041
19;18;521481158;3011346;793858577
19;19;525096578;3337994;885878862
19;20;467568117;3184413;736421528
19;21;504342463;3123791;840820412
19;22;514567603;3337366;898821079
19;23;542109221;2954426;911734173
19;24;521397313;3132172;866169444
19;25;479075042;3074064;821229165


THREAD; REPETITION; AVERAGE; MIN; MAX (nanoseconds)
20;1;522269296;3218705;773100423
20;2;537467976;3145511;856031492
20;3;515152697;3206902;910123213
20;4;458785380;3223035;924799032
20;5;498625529;2963924;1008447442
20;6;541500816;3369563;927699610
20;7;507581996;3548985;826168898
20;8;452632956;2666051;878518778
20;9;497915548;3387790;959010782
20;10;535986491;3469225;830773744
20;11;530083451;3219614;861961366
20;12;493041166;2855181;887739922
20;13;476540532;3075111;881788328
20;14;529526366;2857137;887902303
20;15;531967577;3286381;858280173
20;16;483780146;2917201;934650075
20;17;475464094;3191886;1001881663
20;18;511040513;3196635;1007916718
20;19;518634846;2998426;825235470
20;20;523547631;3199150;898512451
20;21;495264696;3035372;888240474
20;22;498951156;3130076;855771753
20;23;533794308;3237143;867161329
20;24;511634128;2936895;829677096
20;25;473332032;3091245;739866100


THREAD; REPETITION; AVERAGE; MIN; MAX (nanoseconds)
21;1;482853234;3192235;920363063
21;2;527051233;3083912;920235882
21;3;540475592;3550032;851538394
21;4;487400388;3388071;828052658
21;5;486445145;3098369;896293524
21;6;532351954;3369632;923389774
21;7;525716471;3293644;830513026
21;8;482830532;3606254;864576015
21;9;484526584;3418522;884411147
21;10;508996940;3415797;846881516
21;11;556675179;3282750;805596591
21;12;514320786;3019308;916754853
21;13;488413092;2908122;1205563556
21;14;497969088;3349867;846179124
21;15;550794916;3189232;898505327
21;16;530085237;3410001;878666703
21;17;483632430;3378851;1324259229
21;18;494516894;3479004;894601269
21;19;543696898;3590470;889132906
21;20;544436275;3271156;914593894
21;21;470545095;3413073;684980005
21;22;492274699;2906375;935651948
21;23;516532155;3334292;842541510
21;24;533849998;3524611;901883899
21;25;508686925;3294413;1113558567


THREAD; REPETITION; AVERAGE; MIN; MAX (nanoseconds)
22;1;524753170;3693695;837902233
22;2;562174526;3243638;938420735
22;3;518968611;3548076;873871679
22;4;530321982;3618966;978870569
22;5;512162078;3542489;923778791
22;6;553806622;2900858;895452634
22;7;542447180;3639918;895849543
22;8;495146007;3385905;830644468
22;9;497529680;3146559;889766088
22;10;541500564;3237073;868466174
22;11;528429941;3008064;872930778
22;12;534053117;3408115;886382766
22;13;468899150;3627835;871269743
22;14;498985699;3398337;859970122
22;15;565989050;3679449;926888543
22;16;530759051;3487454;881231274
22;17;503817097;3474673;916185786
22;18;490907378;3398965;892839872
22;19;546144451;3683429;844209320
22;20;532134409;3388978;891500596
22;21;506184761;3811587;837977522
22;22;488877602;3320115;936506525
22;23;550135102;3408534;809418655
22;24;529498146;2456039;848826177
22;25;492728764;3221219;812226903


THREAD; REPETITION; AVERAGE; MIN; MAX (nanoseconds)
23;1;498220569;3501353;707528890
23;2;511144114;3585372;960146541
23;3;547141835;3345257;868085050
23;4;522808470;3539905;887554144
23;5;519448748;3242172;1233657490
23;6;527799613;3597036;1000454317
23;7;538106717;3682450;921101844
23;8;541194793;3662337;893688584
23;9;486083825;3287010;931126930
23;10;506928543;3431232;1163429640
23;11;537010703;3742165;909597100
23;12;556273816;3676306;898042419
23;13;488037399;3609118;992077135
23;14;507190806;3268991;875468460
23;15;553534284;3358179;864810611
23;16;535682545;3764794;865627894
23;17;478116047;3012604;791646075
23;18;501564010;3718559;798434927
23;19;553617790;3642852;917789691
23;20;553501167;3566026;830710607
23;21;488845917;3858451;794889016
23;22;498665160;3828629;854018388
23;23;557417930;3721702;981213465
23;24;539748691;3518534;922344111
23;25;521583650;3382343;893520266


THREAD; REPETITION; AVERAGE; MIN; MAX (nanoseconds)
24;1;506035091;3251879;899795505
24;2;521973035;3986541;975844137
24;3;548888000;3493391;863099081
24;4;538409527;4045137;915282040
24;5;475508339;3518324;1166397405
24;6;515207289;3674349;873777114
24;7;545190751;4085435;829448855
24;8;556280766;3692299;882280010
24;9;499778159;3769403;838411307
24;10;498072840;3784070;841831783
24;11;519369518;3895188;812597761
24;12;556299348;3863340;851757555
24;13;497075378;3573709;884692398
24;14;513023934;3734343;814307894
24;15;547785774;3845671;996684983
24;16;573437770;4012731;878187870
24;17;512259074;3431721;849146051
24;18;486675584;3767657;1164207951
24;19;521065083;3675816;840132265
24;20;529756594;3631537;810670420
24;21;531706991;3534597;868078764
24;22;516681916;3877168;886629516
24;23;526825470;3751454;994370654
24;24;557119788;4001068;859307887
24;25;564122836;3289524;922369533


THREAD; REPETITION; AVERAGE; MIN; MAX (nanoseconds)
25;1;503635966;3542909;1215497500
25;2;501921971;3763188;1156333137
25;3;550477991;4401607;875221851
25;4;561582494;3705010;894997339
25;5;487773329;4077334;870363132
25;6;511116883;3483195;844688990
25;7;531203705;3717791;845850310
25;8;537871537;3840153;870329050
25;9;530276338;3825137;872311286
25;10;499824090;3695092;935742252
25;11;534427982;3555270;834467509
25;12;555783921;4060782;892186995
25;13;539993623;2404146;909633347
25;14;495568267;3316483;1236123376
25;15;513205780;3928433;857957645
25;16;579549119;4192502;875772061
25;17;535685790;3739861;871042898
25;18;511752631;3724635;961053011
25;19;499399277;3765143;808286319
25;20;556630619;3783581;887152626
25;21;532293590;3878147;904154369
25;22;481515626;3407906;800859118
25;23;487343027;3755714;892524748
25;24;551880726;3388350;907374191
25;25;555079518;3837010;921155622


THREAD; REPETITION; AVERAGE; MIN; MAX (nanoseconds)
26;1;494430592;4094864;876389108
26;2;508899631;3859499;924888010
26;3;517923015;3730363;1234630589
26;4;566856441;4162960;927462290
26;5;542408125;4204725;877729921
26;6;483065545;4082502;842128957
26;7;515043711;4057359;927116156
26;8;573177031;4077194;902735193
26;9;544670778;4000788;879967217
26;10;497170762;4076775;1206027162
26;11;504150001;3938140;882225813
26;12;552159128;3990172;906909397
26;13;532211724;3577619;888335249
26;14;471014925;3708921;665033336
26;15;498930790;4150667;1297446882
26;16;571154553;4110998;876181051
26;17;538830300;4226236;912903595
26;18;483733864;3546051;841553536
26;19;489856011;4292235;864999951
26;20;572475423;3982908;965447564
26;21;560681642;2822915;918163971
26;22;508215524;4031379;871124053
26;23;499588364;4090883;1140870907
26;24;534075095;4113930;924305952
26;25;586733523;3145023;920402035


THREAD; REPETITION; AVERAGE; MIN; MAX (nanoseconds)
27;1;519733196;4172528;858702084
27;2;485848159;4321290;839428195
27;3;530268755;3976832;937644658
27;4;551123993;4325550;946082044
27;5;543828914;4252566;934069345
27;6;482187307;4185657;838833846
27;7;494891555;4080058;697482501
27;8;570391547;4065670;884179344
27;9;544143524;4413760;903777296
27;10;481576168;4427379;657127582
27;11;494802003;4251937;953489201
27;12;578885334;4429334;862880478
27;13;544518825;4112463;901578483
27;14;479022921;4117912;804699410
27;15;500005521;4211988;869326828
27;16;556924179;4181676;968630231
27;17;559218243;4030959;891920551
27;18;510494524;3932902;879350589
27;19;486894940;4246001;971227278
27;20;505266654;4197880;845616692
27;21;553957168;4315074;864823811
27;22;497330659;4102267;905390070
27;23;512885885;4104153;1175114156
27;24;524079067;4060642;851236261
27;25;582058392;3714578;896641053


THREAD; REPETITION; AVERAGE; MIN; MAX (nanoseconds)
28;1;519930383;4914451;896831301
28;2;506026008;4480109;908209562
28;3;517387724;4641791;879338086
28;4;538474242;4353696;895274678
28;5;503582798;4562242;867907373
28;6;486289853;4282108;1145320705
28;7;513773376;4014476;881483750
28;8;563514899;4765340;911024306
28;9;521381511;4529836;832827496
28;10;502186465;4059105;1225775831
28;11;533557849;4388756;1205767283
28;12;560471611;4217785;893310881
28;13;524576194;4010286;904235385
28;14;494319006;4060013;953319695
28;15;499198459;4468724;896195745
28;16;573211081;4550578;896754895
28;17;554412686;4217086;891057802
28;18;517772345;4520337;1134494258
28;19;518076556;4736147;1282869191
28;20;557968130;4394623;848908660
28;21;538518102;4067765;831271363
28;22;508999847;4241321;843154787
28;23;482347255;4296705;825689228
28;24;534763652;4571321;905547983
28;25;558686625;4325760;908964618


THREAD; REPETITION; AVERAGE; MIN; MAX (nanoseconds)
29;1;523259571;4304807;803430674
29;2;491562541;4299709;935889687
29;3;557828116;4656388;878150784
29;4;531085131;4413061;870065749
29;5;496504589;4541429;866066986
29;6;486023313;4211010;1193843701
29;7;509528115;2935568;1189569066
29;8;550615079;4595626;950648057
29;9;548593539;4101359;897530413
29;10;479095162;4439950;876060365
29;11;515344636;4457899;932392734
29;12;544749935;4507137;851814127
29;13;522720856;4431709;925299864
29;14;519161610;4361936;1281337851
29;15;507644177;4537937;883641497
29;16;537411070;4582007;850825454
29;17;522521186;4269328;844229155
29;18;490709908;4636203;864123443
29;19;521804902;4368712;846818031
29;20;566275192;4405448;869885837
29;21;564076612;4648496;887123364
29;22;502224219;4632223;773600067
29;23;546012852;4575302;886261592
29;24;538185561;4473544;888437986
29;25;517503075;4214712;791848964


THREAD; REPETITION; AVERAGE; MIN; MAX (nanoseconds)
30;1;493022712;4798794;919089927
30;2;543534111;4798515;966717767
30;3;568913142;4810108;865054567
30;4;536172655;4118680;800800241
30;5;497861089;4588084;956298985
30;6;536248773;4593043;978403051
30;7;557226938;4573975;901886343
30;8;549192119;4565525;819455685
30;9;479924474;3918655;873136320
30;10;551868916;4924927;878410874
30;11;548548789;4867098;942025383
30;12;547495058;4717918;856271538
30;13;496710443;4561264;1201300445
30;14;550357640;4669867;902017296
30;15;543082948;4723994;904609245
30;16;496060938;4916477;813556471
30;17;504237723;4714706;844276717
30;18;561095449;5043239;1176406568
30;19;556159107;5247665;944251993
30;20;529285954;4548204;880858600
30;21;494673897;4835670;895734025
30;22;518800095;4842096;855684452
30;23;561121281;4928140;892847624
30;24;535961711;4570274;869026999
30;25;511489998;4783289;1190647065


THREAD; REPETITION; AVERAGE; MIN; MAX (nanoseconds)
31;1;511545425;5089753;785194068
31;2;568490089;5224338;888557833
31;3;538620612;4464184;865289024
31;4;507762689;4526343;725525381
31;5;492228015;3253276;1010174617
31;6;578323166;4571810;933124252
31;7;569876060;4585220;886255516
31;8;486239908;4959848;906953537
31;9;509271051;4958102;1176574468
31;10;543008206;5274483;878060201
31;11;532200961;4777703;892950781
31;12;513922733;4255498;959126299
31;13;501485882;5270362;859390300
31;14;587092344;5190953;908679875
31;15;526511034;5322953;881438423
31;16;496965507;4841677;830985711
31;17;488790104;4964737;1179128982
31;18;551298296;5360527;871221692
31;19;532829880;4986179;937977034
31;20;474636538;4997633;851083866
31;21;493716842;5109797;818602015
31;22;551511341;5383994;887443236
31;23;593512459;5214979;912364141
31;24;454391006;4891613;690466806
31;25;498863216;5407601;1407944865


THREAD; REPETITION; AVERAGE; MIN; MAX (nanoseconds)
32;1;548379989;4777353;913952401
32;2;570092012;4645283;900523041
32;3;503770564;4742922;805067684
32;4;480049591;5215048;797234705
32;5;519596290;3223245;881560855
32;6;556018167;5386020;864960771
32;7;518600894;5592540;912490903
32;8;483065757;5498115;851034140
32;9;484179318;5251436;821650168
32;10;527831495;5088496;963012827
32;11;514711965;5136128;874120873
32;12;462358969;5262051;824329837
32;13;474415048;4617138;783906544
32;14;572213343;5718953;910789639
32;15;550966814;5028292;887315636
32;16;468163566;5271481;856364357
32;17;479013060;5286217;960609310
32;18;550001162;5462147;933823363
32;19;537732247;5336572;923058796
32;20;447350825;5143182;729891509
32;21;491027128;2947581;924002772
32;22;523686399;5366115;937423402
32;23;498889585;2759219;867855621
32;24;454750341;5143811;736680290
32;25;480172649;5244312;947846026


THREAD; REPETITION; AVERAGE; MIN; MAX (nanoseconds)
33;1;537195358;5559017;906561937
33;2;531221744;5352356;924053267
33;3;487104401;4603518;823675146
33;4;472820367;5239632;915344758
33;5;538042618;5684521;865485837
33;6;553579689;5633118;908829264
33;7;473715016;5614610;663545995
33;8;463453173;5288940;825916702
33;9;516284484;5101766;855496299
33;10;530933108;5523467;945823002
33;11;500548656;5396566;818810841
33;12;460764233;5246895;925665693
33;13;533218419;5800039;871872612
33;14;544616582;5537086;960767501
33;15;505946011;5362623;809874858
33;16;476126842;5421987;841818722
33;17;506621665;5491969;874662981
33;18;541301929;5219797;885547185
33;19;477843499;5314991;862735976
33;20;489401408;5289430;1272875742
33;21;483861430;3915791;826816536
33;22;587542660;5377778;890477420
33;23;494212814;5346280;754888051
33;24;477698966;5539461;904022090
33;25;535181210;5131797;879068848


THREAD; REPETITION; AVERAGE; MIN; MAX (nanoseconds)
34;1;553694065;5827067;923143235
34;2;499157242;5670134;791019669
34;3;463185061;5193677;988192285
34;4;499064929;5615518;993866189
34;5;556537892;4092000;904280781
34;6;488743800;5621035;898653041
34;7;477688584;5520674;992862221
34;8;497925838;5257862;968789259
34;9;556887832;5887900;883597077
34;10;533045018;4374229;877870720
34;11;468734455;5471715;1305306261
34;12;473924440;3851677;987424449
34;13;534741776;5426178;832584379
34;14;523288635;5552731;886982214
34;15;463027559;5536458;900809740
34;16;473417735;5025639;828733680
34;17;531058541;5890832;859661982
34;18;510751306;5842013;902771092
34;19;462750162;5363741;835013039
34;20;475369005;5484775;889294379
34;21;517210438;5531779;935244004
34;22;553911931;3943867;877285381
34;23;474362103;5334128;855274972
34;24;456648049;5521651;895441389
34;25;507350416;5832865;879069127


THREAD; REPETITION; AVERAGE; MIN; MAX (nanoseconds)
35;1;542101233;5243334;909746280
35;2;499828205;5455931;845279079
35;3;491795618;5499303;804956775
35;4;568950227;5725378;1245983148
35;5;545362882;5853118;908742173
35;6;508451432;5578922;867919456
35;7;484501371;5702470;965554421
35;8;495067609;5616705;881573636
35;9;542075570;5612306;930772556
35;10;516795128;4717360;876174695
35;11;461210558;5653581;847418317
35;12;507700762;5045962;918662637
35;13;532614603;5743817;894284469
35;14;496728024;5133125;912299049
35;15;478867422;5712108;1191175136
35;16;513243643;5514667;908852033
35;17;579769259;5621874;853109124
35;18;528899744;5848927;890363370
35;19;503900491;4050585;941156278
35;20;514630924;5704426;925182531
35;21;534171416;6076331;884655173
35;22;543186818;5492179;877427578
35;23;463067440;5315690;973826282
35;24;510900832;5639683;900973099
35;25;555803234;3862362;915897411


THREAD; REPETITION; AVERAGE; MIN; MAX (nanoseconds)
36;1;533061116;6020598;928062995
36;2;465620723;5889366;848448825
36;3;489960971;6276007;925571406
36;4;536424255;5734597;878745762
36;5;492624573;5534363;858102286
36;6;491953535;5400058;926963553
36;7;481875180;5889924;811864427
36;8;552981162;5975690;933187039
36;9;511586469;6207702;849668324
36;10;453345930;5960186;833509287
36;11;470120608;4332743;773809451
36;12;554915581;6229632;882004766
36;13;518904567;5939024;920490942
36;14;490867376;3310407;784987477
36;15;513503569;2900998;913814046
36;16;546378903;5731944;878453407
36;17;515969506;6101544;880548086
36;18;475312416;5843690;949031720
36;19;497455316;5568026;874460790
36;20;545170255;5891252;841394647
36;21;519800363;5704985;893858507
36;22;478081843;4553023;867913939
36;23;493548901;5620617;912841576
36;24;538787453;5894394;883842988
36;25;509376421;5909620;820829183


THREAD; REPETITION; AVERAGE; MIN; MAX (nanoseconds)
37;1;474239028;5908363;854367664
37;2;475692186;5621595;903372217
37;3;545409607;6194084;894459911
37;4;507156640;5590514;909689849
37;5;474767398;5616217;813644891
37;6;491742572;5598616;814313272
37;7;534813580;6012216;878190733
37;8;522720272;5871487;924528536
37;9;472957156;5547423;882623490
37;10;478782861;5837963;812008160
37;11;549070707;6073677;918501933
37;12;525190648;5940141;854575302
37;13;481967199;5999715;1215382611
37;14;475810294;6215525;918205247
37;15;555203901;6245277;959226801
37;16;522961448;5408928;888426811
37;17;467546528;5936369;677144442
37;18;478289716;5882242;760974090
37;19;551052169;6280267;948514755
37;20;533019305;5754852;861818821
37;21;463880106;5921004;643136208
37;22;478808975;5606439;781865013
37;23;520950566;6081150;847401206
37;24;550387926;5769448;898529352
37;25;486970662;4789366;783614677


THREAD; REPETITION; AVERAGE; MIN; MAX (nanoseconds)
38;1;491365373;5688851;784149451
38;2;561204680;6656921;926790695
38;3;533899842;6126826;856000274
38;4;468437692;5869112;848450431
38;5;482335630;6060407;789365688
38;6;549097832;4596115;988344329
38;7;546917235;6204559;872761622
38;8;464554270;5187181;784275096
38;9;490403380;6097074;929742258
38;10;539403743;6694985;904427099
38;11;552651075;6216502;879050899
38;12;482319015;6060476;784631915
38;13;492977201;4826940;898395885
38;14;544122937;6430147;883477091
38;15;528317251;5712877;869626796
38;16;474880670;3488782;765948186
38;17;469256396;6063200;750618375
38;18;534805786;6206516;864835893
38;19;555214465;6065366;920265355
38;20;499027395;5779086;868456396
38;21;492590077;6523245;871664975
38;22;540615499;6141493;918125976
38;23;538651240;6183118;862144280
38;24;480768478;6009773;861518922
38;25;472369558;5275880;831545350


THREAD; REPETITION; AVERAGE; MIN; MAX (nanoseconds)
39;1;549743300;6112648;1321333298
39;2;546342356;6608382;887829109
39;3;483400005;6279988;851175568
39;4;467889843;5590585;855920934
39;5;518357094;6540147;920476834
39;6;552544003;6104547;951054464
39;7;479753356;5857309;884320703
39;8;476854284;5757017;833081998
39;9;501395616;6580934;780595369
39;10;565866318;4046743;928199533
39;11;522851323;6231798;866189069
39;12;485645340;6295074;790826976
39;13;489175221;5566839;797473073
39;14;578827405;5539182;870075248
39;15;508313568;6173480;841568482
39;16;461997762;5964446;916295227
39;17;484900633;6267277;870641102
39;18;522040330;6113207;975824930
39;19;521652494;6283620;873339279
39;20;446594089;6338864;748239929
39;21;471103724;5279652;726687819
39;22;529622950;5817081;854130552
39;23;535572280;4655270;883010480
39;24;464161458;6428052;836152570
39;25;488570347;5896979;1125883317


THREAD; REPETITION; AVERAGE; MIN; MAX (nanoseconds)
40;1;537348481;6442648;883690594
40;2;510270508;6761334;864066383
40;3;464958281;6149804;817621234
40;4;491415922;3757390;886716887
40;5;545010750;6515913;848196837
40;6;558244381;5879937;892586348
40;7;460942477;6095257;812536021
40;8;467016570;5859124;846570933
40;9;504223696;6381747;888507198
40;10;542428266;4441277;928412899
40;11;468406841;6427284;780197553
40;12;485566090;5162248;714066382
40;13;558666297;6512699;920811793
40;14;524942535;6122496;966787818
40;15;456574158;6387962;776027889
40;16;502516646;4173785;966197659
40;17;543571350;6278451;863967138
40;18;539294794;6724039;994377917
40;19;494561547;6158674;724623660
40;20;483128673;6199950;815736288
40;21;530546236;3334781;818067380
40;22;533205162;6269024;890282773
40;23;476604694;5879658;736733998
40;24;492356196;6067671;847870400
40;25;547122083;6551531;877117064


THREAD; REPETITION; AVERAGE; MIN; MAX (nanoseconds)
41;1;528763818;6457385;882723782
41;2;456561940;6529322;636628818
41;3;460530288;6208540;858753906
41;4;543839572;5542883;931761369
41;5;525155780;6800585;869756701
41;6;482784812;6325316;790505846
41;7;486160618;6315956;933934480
41;8;532001533;7142668;896510869
41;9;512511069;5924427;804191245
41;10;482409920;6551112;815874992
41;11;505354228;6624305;902695035
41;12;524114324;6342147;959932478
41;13;562904406;6496077;880098308
41;14;493842939;5669575;825105076
41;15;499410850;6460597;876993794
41;16;512773212;6734864;882370734
41;17;509471236;5896699;886222341
41;18;511920044;6090020;873680244
41;19;462231998;3752293;1167293748
41;20;501958416;6550413;853400084
41;21;546667149;6483645;914481170
41;22;507012166;5875537;881851465
41;23;487098566;6144356;900313587
41;24;494521857;4153600;899513695
41;25;564595064;6765944;871978981


THREAD; REPETITION; AVERAGE; MIN; MAX (nanoseconds)
42;1;525217992;6503480;942367465
42;2;480807671;6065506;912750503
42;3;488702106;6774884;889255757
42;4;559680760;6607335;873111387
42;5;539528180;6171594;933628715
42;6;490004435;6719150;903913765
42;7;499824681;6323988;864119043
42;8;555168656;6288928;932361725
42;9;528187011;6890192;892665897
42;10;464269054;6679760;759509938
42;11;483321299;6884605;835179331
42;12;539130526;6188566;867838161
42;13;556176414;6518635;890966449
42;14;450066918;6011099;569151597
42;15;483351039;6282782;944054272
42;16;537633635;6633245;875212911
42;17;531690520;6541823;947933117
42;18;470908419;6715448;864086917
42;19;482968150;6550204;670727145
42;20;553296602;5922750;950821124
42;21;540794582;3149283;944479187
42;22;475992795;6097423;856281036
42;23;493383800;6523733;772448942
42;24;529362799;6360515;873646511
42;25;534760098;4546458;937680837


THREAD; REPETITION; AVERAGE; MIN; MAX (nanoseconds)
43;1;479048630;6536725;804041156
43;2;493537171;6661601;862474421
43;3;535259244;6807709;960580326
43;4;542029955;6915684;882621954
43;5;491372645;5372820;831548353
43;6;487640729;6641347;882113369
43;7;529469679;6856597;959563995
43;8;543631437;6351366;873402346
43;9;484040349;6723899;850243396
43;10;495055400;6332160;801868883
43;11;503602388;6101613;847675962
43;12;546415674;7131144;950368203
43;13;504795813;6578141;853349448
43;14;473232883;6365893;803819410
43;15;515893108;6646376;869980542
43;16;540242039;6910725;816985190
43;17;522364923;5582902;936532507
43;18;488723530;5598616;857138198
43;19;509800066;6300661;929647833
43;20;535450352;6566128;841602913
43;21;507277541;6640648;856028769
43;22;490426674;6319308;877192003
43;23;515509140;5773499;869504783
43;24;545710230;6670051;883480861
43;25;499117678;6472890;860365005


THREAD; REPETITION; AVERAGE; MIN; MAX (nanoseconds)
44;1;476697849;6483505;771224695
44;2;503643020;6446000;937866404
44;3;563214991;7371049;899931276
44;4;507971328;7003055;923246041
44;5;506917933;6457316;856112857
44;6;539891811;7116757;809026776
44;7;562914641;6360724;943855714
44;8;511002433;6884813;893227561
44;9;476947801;6365264;722249266
44;10;501645115;5843480;823716841
44;11;559780130;6411150;917921482
44;12;542376278;7018979;886240779
44;13;474488503;5935043;905181734
44;14;484108807;7063956;885896462
44;15;537162895;6147080;858960357
44;16;567108322;6710210;909361315
44;17;475263327;5868204;832584379
44;18;502606919;6678432;890426437
44;19;553536533;3623295;906901785
44;20;578412607;6520801;906356115
44;21;479872662;6072978;847981517
44;22;487654370;6503899;859276109
44;23;553339425;6536166;858089157
44;24;523218194;6414712;848012736
44;25;465047886;6239830;727330009


THREAD; REPETITION; AVERAGE; MIN; MAX (nanoseconds)
45;1;484210427;4126920;917638485
45;2;543015948;4526344;849322050
45;3;543904614;7048592;894564603
45;4;468934350;3452953;835099992
45;5;482336844;6529042;892340576
45;6;537332646;6377347;884842208
45;7;539511808;7038744;884603211
45;8;490686594;6545804;830688537
45;9;490113121;3460356;916227341
45;10;524020306;7060604;886258170
45;11;543017920;6079824;938784747
45;12;503204771;6579747;875109895
45;13;483395302;5730337;806205257
45;14;503740478;6638623;836991502
45;15;554655305;6998306;859769189
45;16;509768485;4600724;984106290
45;17;486706542;7054248;649538209
45;18;530870040;6451378;880182608
45;19;555744951;6969741;861364364
45;20;500278158;5400757;848897485
45;21;495101855;6345499;920678257
45;22;509662006;7092522;956444884
45;23;564299291;7373353;883176493
45;24;515493305;2782197;921017406
45;25;490953608;6544197;787029706


THREAD; REPETITION; AVERAGE; MIN; MAX (nanoseconds)
46;1;510994955;6711607;938963891
46;2;535615876;7406808;937529840
46;3;528748093;7061722;833756944
46;4;499047116;4581797;934387681
46;5;512880043;5662172;1256690515
46;6;560634845;7102649;879024569
46;7;512812583;6487067;829206016
46;8;504415539;6451239;914939399
46;9;504046554;6200789;800769651
46;10;574522543;6786407;890944799
46;11;559095746;6444884;943778818
46;12;484910317;5179429;810889164
46;13;501141178;7432229;902278223
46;14;565142622;6322941;883523884
46;15;548215536;7342832;898940298
46;16;490679544;7336476;988231116
46;17;488737247;6103290;881492410
46;18;556667412;7525957;872042536
46;19;549144194;6306598;881110029
46;20;480394130;5643176;795371828
46;21;494967009;5895931;740250646
46;22;542839635;6195551;907989842
46;23;570000182;7115499;914526916
46;24;485515040;6284947;673324054
46;25;485619353;7581620;979887528


THREAD; REPETITION; AVERAGE; MIN; MAX (nanoseconds)
47;1;559596035;7131214;871777488
47;2;589731582;5586185;899271066
47;3;473869512;6554953;846131212
47;4;498700124;6776001;788869885
47;5;535545718;7677163;942931923
47;6;533065848;7289962;901078559
47;7;472281147;6996699;871428771
47;8;504852578;6416318;764424878
47;9;527186720;6932166;839934265
47;10;544536127;3276883;904190267
47;11;492858136;6198065;734376506
47;12;476654238;7220261;878503763
47;13;554543102;6829220;972769374
47;14;533251031;5066775;922101762
47;15;479399348;6993138;801708109
47;16;497721449;6373226;827356969
47;17;552007840;7576382;895923434
47;18;570512067;7119201;892346793
47;19;490230462;7019398;840184786
47;20;486431179;6887257;880922855
47;21;517408796;7065842;882043737
47;22;562949105;7246661;843919339
47;23;505785725;7233182;842779739
47;24;480377666;6992579;720090961
47;25;518315930;6560261;903726032


THREAD; REPETITION; AVERAGE; MIN; MAX (nanoseconds)
48;1;545987077;6976235;948808088
48;2;512923005;6892566;886073928
48;3;480866447;6121029;866538973
48;4;502742021;7990052;802243093
48;5;543950383;7962954;885862169
48;6;500057164;4940014;912740237
48;7;492402624;6935239;931342252
48;8;514721830;6881461;862829704
48;9;554725520;6569760;934976303
48;10;492724917;6299892;931232041
48;11;465135202;7298204;864133431
48;12;521243805;7387600;861050706
48;13;549282746;6763430;905075994
48;14;491229419;7141829;855515575
48;15;493549291;6657341;773894517
48;16;492493419;7415607;905027035
48;17;561396213;7555709;907626038
48;18;513267419;7585391;886776043
48;19;480363233;7047125;957497461
48;20;528772593;7125696;939009638
48;21;546286800;6751766;811386572
48;22;512511867;6757214;802862445
48;23;476974385;6408147;909569373
48;24;520815674;6534560;946378869
48;25;567138592;6616973;869669818


THREAD; REPETITION; AVERAGE; MIN; MAX (nanoseconds)
49;1;527521967;5700724;903918165
49;2;510113146;8035239;889542945
49;3;542540392;7687848;888265827
49;4;585097468;6685347;972120269
49;5;505794221;6348222;892732038
49;6;467996190;7255112;896759923
49;7;503754696;3733925;873366307
49;8;552696538;7579036;839244932
49;9;521037227;6861626;948900488
49;10;485927528;7228642;890093992
49;11;501402038;6609220;911725862
49;12;549249292;7059277;903957696
49;13;520010065;7384458;894944749
49;14;470698519;5908642;894926869
49;15;518747349;5341391;847736445
49;16;568816845;7746864;911578217
49;17;512801780;4218343;845611943
49;18;461761047;6562426;836672329
49;19;534042630;6839207;947487111
49;20;595100989;2652363;925956582
49;21;527230140;4279874;920450225
49;22;482578488;6398439;946821244
49;23;517222461;6778376;948740901
49;24;559802773;6859182;892311732
49;25;523685606;7808325;892931783


THREAD; REPETITION; AVERAGE; MIN; MAX (nanoseconds)
50;1;462827468;7291290;745328177
50;2;513343681;6099378;897844070
50;3;550168987;6057194;898731752
50;4;527920313;7085118;896001447
50;5;483575205;6012705;782262480
50;6;485156170;6093651;806468490
50;7;576923279;4604914;915785735
50;8;510279032;5481493;870727076
50;9;488037048;7583506;998920952
50;10;488042429;6496287;830941154
50;11;552644411;7472597;904224001
50;12;545302286;2923765;951951226
50;13;459974488;3009251;756147150
50;14;496619126;6949766;860441760
50;15;559717227;6440763;910888954
50;16;539066319;7891017;920343298
50;17;479752286;6821817;752064299
50;18;485692491;7022680;999537302
50;19;566605729;4905791;955753454
50;20;546213311;7432089;890611517
50;21;479117612;6134788;626524111
50;22;493763073;7153562;836511274
50;23;539401197;7417563;857579525
50;24;541303714;7101043;923395641
50;25;474840641;6479175;725510854


