THREAD; AVERAGE-REPETITIONS; MIN-REPETITIONS; MAX-REPETITIONS (nanoseconds)
1;420923940;5960363;588164146
2;220153570;3517743;301091233
3;154744723;2843593;221179574
4;115548135;2706715;180176379
5;89583563;2535609;156705301
6;73852599;2479063;137981411
7;60570659;2442134;127909575
8;52548863;2419109;112073272
9;49073499;2441556;108525821
10;44047664;2447634;106081488
11;42524806;2434169;104410398
12;41862338;2503234;102520395
13;42532838;2579296;104780241
14;41161082;2729665;104338065
15;41987751;2875334;106888844
16;41540985;2997135;101824994
17;41960925;3053474;105148637
18;42176320;3164424;102775590
19;41909430;3163458;105355870
20;41500678;3282587;99308185
21;42397761;3464339;105515589
22;42664451;3416367;102889870
23;43079171;3627304;99934768
24;44175576;3809822;101905580
25;43904893;3687281;103401675
26;43344483;3666002;101970744
27;41621130;3670483;100551313
28;42799876;3995261;96772533
29;43380964;3972884;100389820
30;43866441;4013024;95147455
31;44413792;4400260;100868389
32;45395836;4389368;98431680
33;45771796;4227693;95949678
34;45996173;4636617;99270005
35;46515325;4474197;103559731
36;47600545;4005196;100884321
37;47366946;4449970;100622769
38;47732281;4506368;98413865
39;48069920;4802107;104626347
40;47623243;4230939;100282298
41;48443276;4322387;98323348
42;49239399;5433774;99208279
43;49372652;5369201;99086294
44;49569862;4882274;97281995
45;50471248;4926447;102761641
46;50585533;4832396;102647691
47;50825490;5105104;97814638
48;50415331;5439096;99678920
49;51283645;5477958;102223475
50;51791479;5272399;101476195
THREAD; REPETITION; AVERAGE; MIN; MAX (nanoseconds)
1;1;418997555;6016128;532624188
1;2;423631261;5989588;584923922
1;3;415772433;5989378;525723311
1;4;420077288;5858077;713366085
1;5;409020071;5830629;511512427
1;6;410338443;5967239;526962645
1;7;418880538;5945239;555735017
1;8;423022825;5979950;568422244
1;9;420700271;6024159;559020210
1;10;426149750;6051886;565713170
1;11;433479059;5958089;613587341
1;12;420947473;6010820;675801883
1;13;420911242;5971150;627845229
1;14;413425422;5820991;555801784
1;15;407909494;5786420;554255010
1;16;423288088;5980019;609750960
1;17;425568081;6033448;702498572
1;18;431779674;6007677;570543673
1;19;435723141;6026604;706418553
1;20;423670778;6060058;535472455
1;21;430092857;6011728;552506254
1;22;420827731;5976877;725202574
1;23;414808618;6063131;534521147
1;24;416622229;5807372;538086265
1;25;417454188;5842432;557808743


THREAD; REPETITION; AVERAGE; MIN; MAX (nanoseconds)
2;1;212841535;3589842;292159409
2;2;224918129;3567911;322985812
2;3;219459390;3390794;293009866
2;4;228096321;3733226;299257866
2;5;226918795;3774152;299811289
2;6;218568510;3733645;311170763
2;7;221439199;3602203;292969009
2;8;212220572;3238680;283093172
2;9;215660557;3564559;283837681
2;10;212818516;3361460;282234334
2;11;219084702;3525937;303120718
2;12;219472795;3403296;293857110
2;13;219849943;3154661;293789923
2;14;231059688;3321232;329178849
2;15;221610835;3327727;298104159
2;16;221885156;3838826;308305595
2;17;218807603;3613937;286687065
2;18;213318324;3484172;297860133
2;19;216938443;3636286;319713679
2;20;215208746;3604648;316555875
2;21;211429239;3098159;293222114
2;22;226985380;3569728;305412769
2;23;223838739;3747404;304859975
2;24;225322176;3712413;312326916
2;25;226085978;3348680;303756762


THREAD; REPETITION; AVERAGE; MIN; MAX (nanoseconds)
3;1;151286521;2647334;203141530
3;2;158631676;2801962;243166031
3;3;153388608;2825359;229922378
3;4;153590044;2759639;214662688
3;5;150657867;2798471;240026037
3;6;156677329;2860629;232742429
3;7;154032248;2816559;223996416
3;8;154096990;2869987;216769520
3;9;163041624;3094806;221235520
3;10;157356906;3073226;237774633
3;11;152531229;2683930;210621042
3;12;154430015;2823683;219119679
3;13;151764378;2780800;225745172
3;14;149136288;2847639;209724281
3;15;154502926;2801194;219248256
3;16;149174919;2884025;197625676
3;17;158447816;2759080;226013991
3;18;164620259;2873829;216405576
3;19;152573186;3081257;198078666
3;20;162024539;3107518;221213590
3;21;158909179;2796305;260832732
3;22;153755296;2866775;217010611
3;23;147368873;2790718;195053492
3;24;151276636;2686654;203480610
3;25;155342747;2758451;245878806


THREAD; REPETITION; AVERAGE; MIN; MAX (nanoseconds)
4;1;112568452;2759848;185642658
4;2;115756512;2753702;174994936
4;3;118633793;2514635;182349363
4;4;118359787;2874039;169849939
4;5;117502263;2809016;190356386
4;6;118724823;2661232;198300412
4;7;109670798;2687003;169408681
4;8;113120265;2726883;177082352
4;9;115026281;2658299;203084400
4;10;110266853;2544387;168867831
4;11;122058508;2689099;192596057
4;12;115751614;2715918;186231211
4;13;118133649;2807479;186898265
4;14;116889384;2851200;182333719
4;15;114901127;2845753;165595907
4;16;110505246;2534400;179365604
4;17;110110482;2429149;169803983
4;18;110350045;2772419;170269546
4;19;114131009;2652781;181208575
4;20;114959187;2731423;181613096
4;21;116720934;2734077;182738030
4;22;121853855;2700552;181658214
4;23;118211334;2538381;169210193
4;24;117743748;2890800;187279808
4;25;116753437;2785410;167670332


THREAD; REPETITION; AVERAGE; MIN; MAX (nanoseconds)
5;1;86988610;2589854;142199637
5;2;87305201;2486210;189900393
5;3;87711701;2607594;149772876
5;4;90112292;2522248;162799601
5;5;88107147;2492495;145192126
5;6;89587494;2664934;139393833
5;7;89118831;2510864;142212768
5;8;95835060;2577003;146881307
5;9;92570888;2504648;157185759
5;10;91939474;2667029;145975955
5;11;85252035;2581893;132640252
5;12;90276648;2526508;189662373
5;13;86117976;2659765;157228572
5;14;88203944;2524762;165300548
5;15;93674816;2534470;188780138
5;16;89562002;2576863;138123421
5;17;92890805;2469448;196558641
5;18;86180705;2426775;136408678
5;19;92747372;2348902;150715035
5;20;89426005;2513937;149408304
5;21;90378695;2573791;160780141
5;22;88637826;2525111;159234554
5;23;87570884;2627569;146011435
5;24;86385837;2435296;157340319
5;25;93006846;2442280;167925881


THREAD; REPETITION; AVERAGE; MIN; MAX (nanoseconds)
6;1;75995834;2553536;137355097
6;2;74826690;2456248;132631732
6;3;74677827;2444445;141033148
6;4;79392624;2386476;144686965
6;5;70350199;2394787;119959589
6;6;74942675;2570159;157890877
6;7;72357394;2268444;139640722
6;8;69102612;2329486;122994124
6;9;71602834;2489563;146580362
6;10;73722015;2564642;120792167
6;11;76721861;2665004;148242304
6;12;79763250;2556191;145354996
6;13;70232018;2512820;123083451
6;14;75622762;2506604;137714151
6;15;68590764;2366362;133462353
6;16;71874877;2515892;152418813
6;17;70036904;2512820;141212710
6;18;69136692;2540127;132185794
6;19;79678496;2535797;147739518
6;20;71458039;2589156;135637351
6;21;79244032;2428661;139495522
6;22;75496877;2594603;134188982
6;23;76981243;2376838;140197637
6;24;73777239;2430197;137963904
6;25;70729227;2387734;137073007


THREAD; REPETITION; AVERAGE; MIN; MAX (nanoseconds)
7;1;61375682;2463721;130078823
7;2;58566364;2581683;120718066
7;3;60952623;2412877;173974066
7;4;60001232;2557867;124173603
7;5;65605698;2460858;138128589
7;6;61948423;2331092;110110084
7;7;62556560;2412806;111879792
7;8;62274363;2371600;142089288
7;9;61192458;2392902;129567934
7;10;60969998;2426774;181565953
7;11;58033143;2385848;115744669
7;12;59396514;2458762;135393604
7;13;60033311;2422654;112378389
7;14;61267337;2456108;120652276
7;15;62015470;2490610;120962790
7;16;66294293;2693918;122332307
7;17;62225397;2420908;114499608
7;18;58039090;2543968;105559785
7;19;58199589;2450940;129300582
7;20;55281411;2230172;118398986
7;21;57750434;2471054;135832278
7;22;55917375;2425797;124287654
7;23;57458090;2395347;112334668
7;24;64867005;2445074;134651401
7;25;62044629;2350020;133124182


THREAD; REPETITION; AVERAGE; MIN; MAX (nanoseconds)
8;1;54557993;2451150;104172807
8;2;54095582;2405263;103114851
8;3;51984467;2386476;111517246
8;4;50662539;2489283;107445989
8;5;51124997;2442839;125888346
8;6;50032833;2419790;127416963
8;7;50741768;2389060;99179923
8;8;51043303;2479854;116630536
8;9;54880180;2447867;106876363
8;10;55215762;2282063;123763355
8;11;53239578;2406451;117719571
8;12;50572982;2313912;99883575
8;13;58236173;2291492;118194421
8;14;50200362;2356026;108259290
8;15;51176294;2349530;120637539
8;16;50336899;2353791;124249661
8;17;50948928;2457785;110735931
8;18;53191217;2507232;110229233
8;19;58895334;2457086;127837826
8;20;51963150;2490680;96133517
8;21;53158106;2349810;101213911
8;22;57562241;2480413;121468301
8;23;50802573;2470426;93791111
8;24;49485560;2504718;118539717
8;25;49612755;2494730;106931817


THREAD; REPETITION; AVERAGE; MIN; MAX (nanoseconds)
9;1;49168657;2433549;131679236
9;2;47061440;2516102;101633866
9;3;48269529;2578749;94481701
9;4;50938353;2607664;112972808
9;5;52285150;2484882;113401704
9;6;54295482;2416788;115055056
9;7;48687897;2445353;109466916
9;8;47741918;2441581;105326445
9;9;47512498;2434806;101287663
9;10;47368918;2374534;126848733
9;11;48376452;2455759;98810743
9;12;49612620;2511981;109019093
9;13;53194202;2425518;113473849
9;14;46187311;2497035;97022108
9;15;53923951;2430756;130678759
9;16;46759866;2366782;94482399
9;17;51645966;2484533;121760238
9;18;44754809;2269283;90395288
9;19;46314740;2431594;128797165
9;20;46438148;2307207;96642031
9;21;47119582;2376349;107044471
9;22;50104871;2440324;106475613
9;23;45803377;2582591;92274158
9;24;54307191;2368458;113755380
9;25;48964562;2356725;100360102


THREAD; REPETITION; AVERAGE; MIN; MAX (nanoseconds)
10;1;41584770;2422305;104623283
10;2;43762347;2452406;95806660
10;3;42501696;2300013;104417251
10;4;43138690;2546552;117816580
10;5;43284875;2400095;101135620
10;6;46599270;2441721;113320199
10;7;42139968;2501785;86911675
10;8;44364270;2521200;88990570
10;9;45604358;2413645;99754368
10;10;45310427;2316006;109146554
10;11;41737044;2422166;92448971
10;12;42547411;2439137;111564529
10;13;41533954;2451987;107811189
10;14;40543481;2449822;96889129
10;15;47978514;2489003;118397450
10;16;46904992;2532025;96032527
10;17;46224663;2482509;151153219
10;18;45510674;2451499;128732213
10;19;47208898;2549975;119147126
10;20;44034396;2392902;115958522
10;21;46722855;2352603;98907891
10;22;43345852;2452686;93749694
10;23;42723033;2501505;91541104
10;24;44044556;2451568;108296516
10;25;41840624;2455759;99484362


THREAD; REPETITION; AVERAGE; MIN; MAX (nanoseconds)
11;1;43837039;2450172;108486972
11;2;43620431;2616464;125649279
11;3;42336981;2533981;85036296
11;4;44699285;2269283;102877042
11;5;39704871;2425029;90746101
11;6;42958290;2398279;117032961
11;7;41341735;2481251;111153512
11;8;39836307;2473988;89808551
11;9;42271669;2411270;114709341
11;10;42069828;2502622;105621035
11;11;41927344;2466445;98265841
11;12;45937095;2421467;119153831
11;13;42550713;2488515;85936411
11;14;42619398;2381308;103487525
11;15;45467000;2356375;135033922
11;16;42578193;2456528;113554028
11;17;40817705;2415251;107119759
11;18;40850641;2492425;88085497
11;19;41644578;2447728;95520869
11;20;40128842;2242534;99592267
11;21;43589176;2453035;98444285
11;22;40694559;2394648;87423891
11;23;43814790;2453105;105369607
11;24;46509590;2381798;130005909
11;25;41314101;2440743;92145230


THREAD; REPETITION; AVERAGE; MIN; MAX (nanoseconds)
12;1;39961007;2474825;106991671
12;2;40313647;2393321;97306571
12;3;41249929;2599562;107525467
12;4;40027216;2476223;98968863
12;5;42820515;2650057;113342478
12;6;41483502;2430616;96150977
12;7;46569842;2630013;102250635
12;8;39383505;2537264;86374875
12;9;48718925;2549486;133567395
12;10;41578351;2483836;98522508
12;11;38801029;2489143;91835066
12;12;40058740;2459810;94339644
12;13;40496840;2498013;93672171
12;14;41483296;2469518;94602876
12;15;43480969;2402330;132269395
12;16;42471277;2516311;91223675
12;17;42846504;2671150;99643111
12;18;40724161;2422933;91206913
12;19;41571764;2501505;121941406
12;20;39894779;2506883;97019035
12;21;42717054;2349880;119322568
12;22;41428860;2521270;93701853
12;23;42256801;2475175;103335760
12;24;43191569;2572045;99788870
12;25;43028392;2499689;98106114


THREAD; REPETITION; AVERAGE; MIN; MAX (nanoseconds)
13;1;49249378;2632388;110165398
13;2;42172229;2519803;99208280
13;3;43523887;2583708;120976828
13;4;42017663;2596699;101184997
13;5;41516916;2582382;101736534
13;6;40346729;2590203;92692507
13;7;41266721;2752933;97230933
13;8;40900680;2596070;87892805
13;9;42308479;2545645;94758551
13;10;44963015;2550463;145625840
13;11;51216437;2436343;125745660
13;12;42064866;2731352;90333408
13;13;42827444;2492984;112830751
13;14;39446424;2572534;89071027
13;15;43197703;2529162;113337310
13;16;39885493;2495080;99063708
13;17;41123801;2497454;115607780
13;18;42086796;2667867;109320040
13;19;43018675;2640699;98975569
13;20;43616099;2552978;132157020
13;21;45391182;2565340;109968585
13;22;40693111;2566038;85486354
13;23;40973131;2608571;95501244
13;24;41488305;2584477;105300604
13;25;38025787;2591251;85334309


THREAD; REPETITION; AVERAGE; MIN; MAX (nanoseconds)
14;1;41538060;2782406;125141114
14;2;38067981;2795257;82347896
14;3;42665804;2608782;111840332
14;4;38696339;2685258;101939073
14;5;41910487;2717664;104823728
14;6;39796870;2733657;89944323
14;7;40365875;2653898;91062063
14;8;40485959;2954845;108751810
14;9;39153420;2768509;103591448
14;10;41199131;2696083;132344614
14;11;38867739;2627149;92302932
14;12;39934699;2798400;115331208
14;13;42986917;2776819;141042576
14;14;40954308;2690914;86772062
14;15;42609890;2587409;106686674
14;16;42669882;2827175;109914180
14;17;39397352;2577492;86886811
14;18;41257363;2705511;90236398
14;19;40357527;2730794;91680996
14;20;38802689;2696223;91415738
14;21;40113453;2624076;100146178
14;22;47163397;2922508;138640176
14;23;41746887;2748394;91812925
14;24;43928317;2834648;101164464
14;25;44356706;2697759;112631913


THREAD; REPETITION; AVERAGE; MIN; MAX (nanoseconds)
15;1;41445112;3065264;97178692
15;2;44590388;2803080;143622164
15;3;41159609;2613041;101014445
15;4;40010284;2923696;99843067
15;5;42966003;3071061;168888853
15;6;40869285;3021822;106568922
15;7;40767900;3117924;92109402
15;8;51251449;3053880;148861238
15;9;40614545;2916362;105732223
15;10;42430968;2600610;97333669
15;11;42600531;3180502;103282540
15;12;40910672;2729258;102435785
15;13;39309918;2600890;116324701
15;14;42773839;2945695;111342293
15;15;40000464;2971118;104138584
15;16;41085367;2899461;94072012
15;17;41517615;2808597;102277175
15;18;41887234;2922298;91554513
15;19;46707645;2793023;108564845
15;20;40833997;2754401;84109921
15;21;44397704;2629175;126876111
15;22;41024608;2839816;89199186
15;23;39936831;3164788;90747078
15;24;37863365;2871105;87210945
15;25;42738451;2586502;98932755


THREAD; REPETITION; AVERAGE; MIN; MAX (nanoseconds)
16;1;38539544;3200896;89654062
16;2;45828773;3106470;115778262
16;3;40068983;3185530;80680506
16;4;41997883;3099766;99749689
16;5;41286895;3168350;101575759
16;6;41561721;3029295;128876715
16;7;40713542;2587200;100576610
16;8;42785838;2741340;111867640
16;9;39901223;3021683;86467973
16;10;41574095;2933194;104508045
16;11;40195471;3107587;87477319
16;12;38774240;2963086;96420006
16;13;44451192;3036210;101277327
16;14;41083367;2621353;96352400
16;15;39549402;3101860;83375261
16;16;48005377;2831645;147774787
16;17;41853540;3119182;104250261
16;18;41589812;2896598;123875102
16;19;39623031;2911474;89405078
16;20;42414358;3019308;110075722
16;21;41826721;3385486;97209771
16;22;40444509;2999054;93259059
16;23;39939135;2912381;89985738
16;24;43388849;3167302;98544997
16;25;41127148;2782127;106606776


THREAD; REPETITION; AVERAGE; MIN; MAX (nanoseconds)
17;1;40430064;2711937;90715370
17;2;42420201;3114990;124603476
17;3;40778293;2889892;105433163
17;4;41919324;2875365;127834333
17;5;41668887;3009391;98912711
17;6;41013496;3239937;101590496
17;7;43168167;3120089;97173314
17;8;47913575;3204039;114779392
17;9;41436283;3389467;92313408
17;10;43316897;3106260;121367241
17;11;39748576;3152706;88402786
17;12;41107171;3317810;93584310
17;13;42766716;3014420;106751207
17;14;39552346;3021823;87454062
17;15;41011771;3505404;111524929
17;16;46078884;3035372;120283863
17;17;41214542;3366070;103036768
17;18;45354648;2571486;110822256
17;19;41607166;3073436;84907369
17;20;42363746;3292318;112171030
17;21;42440838;2648661;113045234
17;22;39474758;2872991;106959404
17;23;40658165;2869080;127090803
17;24;41300450;2875505;94482749
17;25;40278166;3058419;93476266


THREAD; REPETITION; AVERAGE; MIN; MAX (nanoseconds)
18;1;42216472;3170933;88934628
18;2;47625406;2784153;111952496
18;3;41113361;3341626;86024830
18;4;46796058;3515879;112951856
18;5;39993574;2955962;83009922
18;6;39813284;3169258;91081269
18;7;40746612;2833111;109410903
18;8;39426375;3226597;84886417
18;9;39876447;3126934;115213386
18;10;43436355;3347492;106518985
18;11;42596107;3438216;109271220
18;12;40255302;3256280;95575415
18;13;45824150;3182458;132388544
18;14;42191179;2751257;106410172
18;15;40304779;3569099;102367829
18;16;38793044;2683721;105382318
18;17;42795385;2512540;111695412
18;18;41172436;3288756;103634820
18;19;42359332;3090686;118842129
18;20;44732039;3404623;107263423
18;21;42875895;3417822;101132058
18;22;44004419;3511201;100583315
18;23;43321112;3397988;101372521
18;24;41187852;3095785;91070164
18;25;40951035;3038236;92415726


THREAD; REPETITION; AVERAGE; MIN; MAX (nanoseconds)
19;1;43024759;3111010;139577726
19;2;40207291;3149562;94997479
19;3;44112595;2782826;102303156
19;4;39537316;3409442;96340457
19;5;40648088;3583626;104315842
19;6;43164162;3243359;92594310
19;7;46830026;2766902;151138064
19;8;41293380;3555899;103342674
19;9;42625263;2598864;88031649
19;10;42379127;3427531;122212879
19;11;40222288;3297207;94740812
19;12;41527268;3133639;106204350
19;13;39944694;2824871;93392038
19;14;43643629;3123372;123525546
19;15;41047320;3143206;97767314
19;16;44284955;3346375;125685108
19;17;41950759;3535505;100478622
19;18;43270500;3208508;91069885
19;19;44112891;3364255;100946210
19;20;38962362;3280724;100215809
19;21;43432257;3377804;114717723
19;22;39588504;3184134;85835560
19;23;42375952;2929423;111290401
19;24;38458945;3147956;83032620
19;25;41091441;2560452;110140535


THREAD; REPETITION; AVERAGE; MIN; MAX (nanoseconds)
20;1;42605391;3483822;109397563
20;2;40699649;3769195;104282807
20;3;44730366;2927048;123025831
20;4;41740704;3230997;90691764
20;5;42374078;3089848;119354834
20;6;40867374;2755308;135357008
20;7;40532465;3866972;97630774
20;8;40433376;3391911;98534451
20;9;42065541;3083632;86012677
20;10;41366190;3548146;97476355
20;11;41572774;2957498;96168088
20;12;39001019;3237841;79933902
20;13;42459776;3541371;88328545
20;14;40303471;3036210;97147682
20;15;40788152;3809352;94263237
20;16;41229187;2652013;92383389
20;17;41952531;3489410;99844184
20;18;41172770;3430464;80775210
20;19;42062208;3161435;93622443
20;20;42511883;3196915;87616443
20;21;41817774;3285823;97666673
20;22;42426854;3784279;101675562
20;23;40732920;3751874;78816651
20;24;42316748;2389340;119754117
20;25;39753773;3193981;112944453


THREAD; REPETITION; AVERAGE; MIN; MAX (nanoseconds)
21;1;41041457;3537042;93727764
21;2;39967190;2841981;94334127
21;3;40558936;3714997;93557700
21;4;44602600;3236375;124292124
21;5;40823607;3572033;95162164
21;6;45712579;3759068;119770389
21;7;42670419;3562534;117961081
21;8;45717206;3713949;141561567
21;9;40271660;3767588;97200761
21;10;39798363;3151727;97730508
21;11;41531246;2977334;114434795
21;12;42473018;3775340;107836261
21;13;40048842;3124768;96414628
21;14;43160469;3602692;89789345
21;15;43855208;3074622;104849219
21;16;41819749;3603600;91949815
21;17;47112773;3668483;111524649
21;18;39401838;3575525;85229896
21;19;42911733;3549403;136618481
21;20;40879135;3707734;104409429
21;21;42063652;3628464;122181451
21;22;40837030;2671359;101288362
21;23;40057942;3371308;96234997
21;24;49485624;4008610;120978714
21;25;43141754;3411956;78851502


THREAD; REPETITION; AVERAGE; MIN; MAX (nanoseconds)
22;1;45587291;3583696;99827701
22;2;42510042;2605569;91790717
22;3;43236062;4433245;99609378
22;4;43626055;3568610;115823590
22;5;40537901;3421454;91650545
22;6;42324561;3181550;96364203
22;7;46667700;2748045;107721931
22;8;42550359;3512248;95166704
22;9;41754108;3775271;94406482
22;10;47316360;3468597;128148340
22;11;43890095;3739372;97018825
22;12;42235503;3657937;88830634
22;13;39327853;3619036;89212316
22;14;40667392;3271855;122732707
22;15;42282515;3439543;130542080
22;16;40121113;3071759;103979765
22;17;41622057;3732318;111779361
22;18;44921789;3704102;118088123
22;19;43769233;3618057;97520425
22;20;42548531;2627289;104404680
22;21;44995910;3774782;119652288
22;22;41649397;3696629;88822672
22;23;40343394;2964133;86468951
22;24;41271777;3353360;97630565
22;25;40854301;2840724;95053771


THREAD; REPETITION; AVERAGE; MIN; MAX (nanoseconds)
23;1;42825577;3202711;106341169
23;2;42997430;3889182;102288419
23;3;42223386;4083969;87035783
23;4;47631039;3883734;99319048
23;5;42753013;3559181;93377999
23;6;42919704;3773245;88383230
23;7;42870621;3410140;86625325
23;8;41808563;3227715;92349587
23;9;42460580;3558902;114273602
23;10;42437956;3568680;115591577
23;11;40453893;4052610;84258823
23;12;43726537;2729118;105457957
23;13;44940337;3573638;94794729
23;14;40764428;3875912;96384387
23;15;44739255;3343512;94597916
23;16;43567868;3623854;101684222
23;17;42585708;3681893;83511102
23;18;42351481;4104782;93655269
23;19;43217612;3669391;129189813
23;20;42507913;2603124;107312871
23;21;40736766;4071258;99048063
23;22;44091762;3999391;110482687
23;23;43761597;3853772;113550325
23;24;42871257;4275474;80565198
23;25;45735015;3067429;118290104


THREAD; REPETITION; AVERAGE; MIN; MAX (nanoseconds)
24;1;46430643;3027060;113305392
24;2;41923164;2729537;104877226
24;3;43335593;3803276;100509004
24;4;43183579;4311512;108321938
24;5;43693784;4556305;102542921
24;6;43552240;2685258;86861458
24;7;50444064;4022858;138246411
24;8;49559002;4307530;106066204
24;9;41858158;3500026;90932227
24;10;44233909;4219740;90255326
24;11;40701658;3845181;90052855
24;12;42956627;4141727;98632648
24;13;41167138;4323734;97221435
24;14;44939901;4269117;103514832
24;15;42727627;3759487;98017904
24;16;42783904;4538007;86564145
24;17;45638276;4309906;94275878
24;18;48704783;3108566;127581579
24;19;46551196;2985087;108849658
24;20;42339314;3507988;87167224
24;21;45047086;4298870;102034686
24;22;40626322;3527054;90627720
24;23;42918275;3720445;103797131
24;24;44028276;3949106;94012997
24;25;45044898;3798178;123370707


THREAD; REPETITION; AVERAGE; MIN; MAX (nanoseconds)
25;1;41167422;2872502;88417313
25;2;49631671;3337226;112656427
25;3;43066547;3295042;83601268
25;4;45362780;4304528;101594755
25;5;46836835;3947079;125932276
25;6;43907915;3725962;102178489
25;7;42259017;4036057;119972790
25;8;42323219;4192921;90660195
25;9;41180980;4104502;101857778
25;10;43026420;3512457;95460875
25;11;44505981;3805023;91105853
25;12;48002411;3691321;107404921
25;13;41185991;2690705;85889338
25;14;48857351;3554991;103418940
25;15;41968860;3263962;86627491
25;16;43240471;4098566;94735225
25;17;41539923;3674838;102515683
25;18;41663105;2778426;109835328
25;19;41791247;3826604;101082190
25;20;45656011;4245791;123393196
25;21;43134694;2888356;104514959
25;22;45066720;3913835;98038718
25;23;45453932;4176719;154050794
25;24;42031871;4200744;91162773
25;25;44760967;4043879;108934306


THREAD; REPETITION; AVERAGE; MIN; MAX (nanoseconds)
26;1;42251419;2837233;83446430
26;2;41411480;2994515;98254736
26;3;41811438;3933741;98257041
26;4;41890338;3496464;101396896
26;5;43903552;4272190;113506186
26;6;47801911;3975435;122554473
26;7;44196350;4274007;100548533
26;8;40912694;3998553;88061262
26;9;46573148;3327239;95760984
26;10;43912883;3411956;96433974
26;11;44178575;3029436;107542509
26;12;42318595;3206064;102015060
26;13;42547702;4180280;106679480
26;14;43404163;4265626;98514755
26;15;45261389;2810971;145743593
26;16;44233663;3979695;98707168
26;17;42616018;3564978;109137474
26;18;42945653;3051575;91120310
26;19;43963518;3623645;91811808
26;20;42783868;4193271;86664436
26;21;42160410;3859988;95911142
26;22;40570063;4255220;79026594
26;23;43662935;4110578;104178744
26;24;43576962;3048991;131321299
26;25;44723359;3948407;102673734


THREAD; REPETITION; AVERAGE; MIN; MAX (nanoseconds)
27;1;42961502;3445061;95984127
27;2;41504604;2652781;120609952
27;3;38537755;3990172;92185110
27;4;44122830;3512109;96541321
27;5;38733284;3060445;90016748
27;6;38626804;2794349;101692394
27;7;41187004;4693264;97455543
27;8;40897942;3659195;95792482
27;9;41413210;4316889;93491771
27;10;41136289;4148083;108567150
27;11;42735985;3750687;95738913
27;12;41861001;2794209;94302138
27;13;42171337;4082642;112823557
27;14;41688606;4230216;96666895
27;15;42001085;4161492;94338177
27;16;41295155;3400013;84029115
27;17;42627582;2681975;105754433
27;18;42406090;4483252;100318476
27;19;42307281;3679937;111682491
27;20;42356296;3416356;98691384
27;21;42078569;2909309;92400640
27;22;41786587;3181479;106860649
27;23;42003210;4209613;99758209
27;24;42695069;4051422;130660252
27;25;41393197;4457131;97420901


THREAD; REPETITION; AVERAGE; MIN; MAX (nanoseconds)
28;1;41915325;3988356;99483453
28;2;41291010;3179594;93208354
28;3;41969727;4487092;101213213
28;4;42439306;4360889;86680290
28;5;43329293;4427867;97503663
28;6;43548462;3012115;105860032
28;7;45436294;4190686;116982047
28;8;45031520;4759194;109426967
28;9;44032321;4484019;96319365
28;10;44349486;4431499;93789993
28;11;41870829;4495124;91230799
28;12;41148996;4410268;85582106
28;13;42877445;4211778;100958711
28;14;43648541;3095086;108592433
28;15;42468462;4499384;88025503
28;16;43349112;3285823;98008546
28;17;43224169;3297207;95750088
28;18;42760282;2689588;89261833
28;19;41843072;4299778;76581032
28;20;42033865;2932216;91889192
28;21;42687731;3699283;90553758
28;22;41748784;4418998;96460584
28;23;41641939;4695289;97801256
28;24;44984303;4156115;108949671
28;25;40366649;4374298;99200457


THREAD; REPETITION; AVERAGE; MIN; MAX (nanoseconds)
29;1;45324047;2854134;91269631
29;2;42614879;4440648;90552920
29;3;42937624;5027804;87838957
29;4;43906074;4371506;105097436
29;5;41998930;4456362;100465912
29;6;43239393;4710584;101244432
29;7;42758693;3172260;95400184
29;8;45035582;3431302;145228653
29;9;42765200;3263753;95862393
29;10;44658411;2711098;91562685
29;11;42717353;2539918;88850119
29;12;42704914;2965601;119157253
29;13;42054225;5111194;93704228
29;14;44799497;2794559;107248058
29;15;41421456;4599677;95619206
29;16;42595914;4939943;96229828
29;17;43382641;4713727;95994533
29;18;42792122;4526204;93442951
29;19;43663174;4377022;94072292
29;20;42999619;2632109;91603961
29;21;43366217;3790915;94666222
29;22;43061928;3568610;100313657
29;23;42871301;4597861;87455040
29;24;44209106;4659461;131647808
29;25;46645805;5065867;115217157


THREAD; REPETITION; AVERAGE; MIN; MAX (nanoseconds)
30;1;45407880;5344255;96482863
30;2;43724024;4639766;94530451
30;3;43464305;4406007;88120627
30;4;43792609;2936267;105898306
30;5;42686244;4529835;92526773
30;6;44377922;4061620;106815181
30;7;43214686;4801728;95164469
30;8;44916681;3524261;103910972
30;9;43460329;3352661;91827452
30;10;45060823;4000508;101065010
30;11;44128774;5223150;87872062
30;12;43730663;4834833;83897744
30;13;42941533;4627264;95086945
30;14;43905661;5099251;98111353
30;15;44050314;4143752;105152191
30;16;43696820;2725206;92617078
30;17;44541019;2678553;85636512
30;18;44173147;2648660;86984030
30;19;44341649;4751792;94273923
30;20;42322135;3566235;88918982
30;21;43337794;2750140;100858559
30;22;43089355;4981988;93236850
30;23;43722972;3168280;79760836
30;24;43661685;4099753;97051162
30;25;44912004;3429835;112886065


THREAD; REPETITION; AVERAGE; MIN; MAX (nanoseconds)
31;1;43993277;5257093;91804056
31;2;44102035;5330007;90899821
31;3;43613788;5322045;105697162
31;4;44140034;5225245;111760014
31;5;43568689;4635016;95354368
31;6;44219746;4969765;95457802
31;7;43879161;2805455;91391644
31;8;44622290;5122020;93147732
31;9;44396188;3338343;89318265
31;10;45343961;4912636;119659412
31;11;44080155;2851480;87528653
31;12;44236570;3118483;114267735
31;13;43277805;5037512;90770755
31;14;43893048;3414889;109075176
31;15;45137431;5258211;96629600
31;16;44524998;4320661;99014051
31;17;45547038;3992687;101268248
31;18;45026678;3478026;84295141
31;19;44628905;3349448;87824220
31;20;44323475;5363740;93975422
31;21;44694435;4537169;131164086
31;22;44533285;5580458;133259605
31;23;43718597;3087893;95862672
31;24;44064995;4548693;97230863
31;25;46778219;5149537;115053240


THREAD; REPETITION; AVERAGE; MIN; MAX (nanoseconds)
32;1;45926525;3763746;90778507
32;2;45478488;5109099;102715918
32;3;45181681;3213048;93048907
32;4;44951082;3069734;88164697
32;5;44901808;5468711;98011060
32;6;45476884;4246699;110737747
32;7;45682224;3197753;97852451
32;8;45292824;4159607;102255594
32;9;45585091;5996432;92387440
32;10;47218564;5959138;96302184
32;11;46348695;3954972;91555980
32;12;44834788;2960712;102515124
32;13;44525061;5564884;91623307
32;14;44408968;3240286;93242577
32;15;44642534;5165950;106717963
32;16;45985787;2788413;103044171
32;17;45612188;5710293;98810184
32;18;44868315;5045474;82309484
32;19;44699298;4833575;88205624
32;20;47634174;4563360;105412211
32;21;45354938;3042985;106678362
32;22;43498871;4663023;92579155
32;23;44997953;5442801;109519297
32;24;45363405;3024128;107670877
32;25;46425759;5549378;108653195


THREAD; REPETITION; AVERAGE; MIN; MAX (nanoseconds)
33;1;45752313;2964832;92705707
33;2;45493919;4676572;85085814
33;3;44176610;5643804;88619363
33;4;45461133;3268432;107827391
33;5;45582337;5801366;94266380
33;6;45470954;4684604;118311406
33;7;46540850;2875645;92721282
33;8;45985455;3386743;90369307
33;9;45566517;3926617;82519985
33;10;48430145;2716197;105590794
33;11;45854053;5875747;96784228
33;12;45421739;5534084;88606164
33;13;44669732;3925708;92995199
33;14;44729078;3792102;88035421
33;15;44578630;5798153;95141142
33;16;46644699;3035022;109496389
33;17;46781043;5907734;97199364
33;18;47676077;6192268;114412865
33;19;45822619;4676153;86922011
33;20;45729792;4595417;101468343
33;21;44543052;3063238;88103726
33;22;44636274;2643283;91365523
33;23;45910428;3332896;97893518
33;24;46411988;3892813;94112520
33;25;46425468;3482915;98188108


THREAD; REPETITION; AVERAGE; MIN; MAX (nanoseconds)
34;1;47552098;5921214;94671600
34;2;46982043;6044413;104048908
34;3;46134852;2559264;93828894
34;4;45439338;5590654;105104559
34;5;46615567;5868832;123873146
34;6;44704826;3896654;93122381
34;7;45412543;3239308;108517214
34;8;45907522;3397848;99092622
34;9;46690792;4910680;96335428
34;10;46920163;6128433;109895392
34;11;46078376;6064667;82662322
34;12;46130307;3254325;101282705
34;13;45572199;3366140;96164247
34;14;44444406;5658191;99076070
34;15;45375322;5804788;107928731
34;16;45858699;5533874;95543079
34;17;45913017;3593823;91166266
34;18;46698748;3458889;93354463
34;19;47069162;4525226;87271636
34;20;45425355;3239378;98635371
34;21;45797827;5695417;116448040
34;22;44482160;5460889;100649873
34;23;45684252;4433315;101586026
34;24;46205150;5491759;94493783
34;25;46809623;2777448;86997370


THREAD; REPETITION; AVERAGE; MIN; MAX (nanoseconds)
35;1;47761039;6254565;110577810
35;2;47396091;3145930;91255872
35;3;47140277;2976985;91290374
35;4;46030519;3362927;95188914
35;5;45094624;2779194;95245905
35;6;45662365;3961467;108819976
35;7;46711128;3566655;102336750
35;8;46149919;3861874;96391860
35;9;46708261;6255543;104631944
35;10;47160193;3016864;97237568
35;11;47546693;5113080;109766046
35;12;46107446;5630744;93974304
35;13;46353595;6132413;104506648
35;14;45314820;3179175;91921459
35;15;46072869;6019760;112307011
35;16;47520803;6048883;146869225
35;17;48126912;6090369;107362947
35;18;45829079;5831258;93734958
35;19;46204877;2953727;98861517
35;20;46322480;3310617;93423117
35;21;45894849;6116909;90053903
35;22;45924253;3929550;101321536
35;23;45905833;3023359;119115418
35;24;46611358;3251111;130901553
35;25;47332852;6041969;101896680


THREAD; REPETITION; AVERAGE; MIN; MAX (nanoseconds)
36;1;47420217;6170127;89669916
36;2;48494489;5965772;101559975
36;3;47864181;4195435;86793293
36;4;46023342;4970255;86790500
36;5;47625167;3032648;99800254
36;6;46188984;3464058;94394050
36;7;48258917;4150598;130785407
36;8;47614660;2881512;113622332
36;9;48647933;3570985;89350462
36;10;48834653;3447505;110446299
36;11;49408874;2751956;101577575
36;12;47743499;2960222;101481473
36;13;47214060;3946312;103445899
36;14;46867550;3186718;97171079
36;15;45909674;3458541;91952748
36;16;47761053;3209905;90901078
36;17;47376039;3151658;111838236
36;18;47978779;6491188;93692844
36;19;47330026;6807150;92018958
36;20;48161671;3089360;103744611
36;21;46756723;2686236;93051631
36;22;48213441;2778356;122995590
36;23;45499448;5249829;103565328
36;24;48712450;4284274;99171333
36;25;48107803;4229308;112287176


THREAD; REPETITION; AVERAGE; MIN; MAX (nanoseconds)
37;1;48805282;4759544;96249314
37;2;48474243;5850045;97098375
37;3;47646638;3218496;91659764
37;4;47892178;2883886;95288298
37;5;46582535;6356604;89180887
37;6;46796064;3120788;102822565
37;7;46860297;6726483;115275894
37;8;47043798;5822179;102225003
37;9;47162797;2887798;90565491
37;10;49334065;6798489;105057627
37;11;47659636;3780928;103438006
37;12;47288133;5565931;101304286
37;13;46840575;5180547;87813256
37;14;47032877;5970591;102763899
37;15;45971339;2505416;110573061
37;16;45480199;3351194;86038659
37;17;47693031;5161270;117337399
37;18;47941514;4259061;103208648
37;19;48281388;2925721;94683752
37;20;47248824;3953575;109238046
37;21;47421507;4776375;91590411
37;22;46629892;3159340;95827892
37;23;46703345;2637347;120005685
37;24;47126838;6350737;98881492
37;25;48256675;3246921;107441519


THREAD; REPETITION; AVERAGE; MIN; MAX (nanoseconds)
38;1;48289426;3016864;93488907
38;2;48197177;3516229;89466538
38;3;48366242;6750649;89268538
38;4;48943500;3025664;111383640
38;5;48005902;6532115;100487143
38;6;47216265;3518744;108457499
38;7;46411223;6574020;92655561
38;8;46481100;5443150;89860653
38;9;47946321;2911822;96823619
38;10;48920528;3069943;95416457
38;11;48375941;3112476;95079752
38;12;48717292;6754350;99397410
38;13;47840306;3372217;92837288
38;14;47280683;5359271;96350095
38;15;47564771;6601746;104436598
38;16;47463339;6085969;98409714
38;17;48267412;5967448;110222807
38;18;48151098;3269829;97570711
38;19;48720704;6596649;90510875
38;20;49421271;3831563;129330614
38;21;47510350;3267105;89157561
38;22;46408828;2888775;96508494
38;23;46351832;5543581;99349358
38;24;46179147;2607314;97605073
38;25;46276376;3041728;96271732


THREAD; REPETITION; AVERAGE; MIN; MAX (nanoseconds)
39;1;49216853;6465976;99085009
39;2;48886313;3200128;97824025
39;3;48990253;3471810;92166742
39;4;47839936;7083163;91687421
39;5;49027289;6472470;169995278
39;6;48024163;2785899;98115822
39;7;47211066;6380350;134284734
39;8;47401035;6516401;107528122
39;9;48418495;3533550;118866225
39;10;48857365;3007855;126974029
39;11;47875150;3203130;97985917
39;12;47981995;3815848;94990774
39;13;47968846;4874223;87257110
39;14;46932883;3372775;87628525
39;15;47543591;4490934;96487612
39;16;48652225;3027550;108378719
39;17;47237425;3408743;111674528
39;18;48756933;5318134;101692185
39;19;49077081;3800204;96728495
39;20;47919749;6619487;106405633
39;21;48024181;6217480;86376342
39;22;48176940;3661010;99261638
39;23;47839863;6377556;102455130
39;24;46756736;6204769;104706464
39;25;47131639;6743245;97102215


THREAD; REPETITION; AVERAGE; MIN; MAX (nanoseconds)
40;1;47074333;3295112;94506844
40;2;47362291;5990357;89675434
40;3;47738832;6657899;90253649
40;4;47769803;2588527;89624868
40;5;47888768;3062051;96283886
40;6;47325913;3385626;117900111
40;7;47315559;2828851;142190139
40;8;45760154;5793404;88796761
40;9;47089982;2706629;100462489
40;10;49153510;3317391;106940826
40;11;49459024;6775791;122394676
40;12;49271819;3314527;104015036
40;13;48461441;6868959;96036787
40;14;48285022;2965810;85977757
40;15;45913238;3084890;95683390
40;16;47607506;3098229;102993607
40;17;46475141;5325467;99991060
40;18;47714734;2609689;100006425
40;19;48800822;5703728;92451903
40;20;47240480;3461752;82194245
40;21;47652850;2878718;94812539
40;22;47716144;2458343;92292386
40;23;46561736;6995302;99769593
40;24;47737822;6902763;102141054
40;25;47204152;3703683;119661996


THREAD; REPETITION; AVERAGE; MIN; MAX (nanoseconds)
41;1;47276542;2880744;90918748
41;2;49647307;2847360;122750727
41;3;48723065;5194794;92252088
41;4;49500128;4090673;90191212
41;5;49919327;2759359;84162373
41;6;48852704;3227505;92219263
41;7;47559256;4446934;98218419
41;8;46934847;2984248;101861410
41;9;47183743;2631270;98616375
41;10;48138195;3823042;123364562
41;11;48325111;2942273;105600642
41;12;48965361;7635468;95299752
41;13;47804389;7165366;87546462
41;14;48413876;2979289;84603769
41;15;49956410;7260001;100514731
41;16;48616120;2875785;104380514
41;17;47163373;4282807;91855180
41;18;47863995;6354159;105618871
41;19;47871589;4495683;96627225
41;20;49249975;7109493;107175563
41;21;48242623;6840604;93277637
41;22;49997667;2998147;91460437
41;23;49660365;2605219;103500096
41;24;48356578;3878636;100066768
41;25;46859372;3750826;96000888


THREAD; REPETITION; AVERAGE; MIN; MAX (nanoseconds)
42;1;46908855;6424281;89501110
42;2;48115247;7281163;96328793
42;3;48498088;6217341;86110176
42;4;49853709;4584033;91664164
42;5;49442512;7782972;86686297
42;6;48930523;2880394;82473331
42;7;49049368;6704064;113263277
42;8;48835395;7055925;97819835
42;9;48517621;6535538;113475036
42;10;50034342;5698769;115714498
42;11;49334618;3285962;93228818
42;12;50940572;7174096;121383304
42;13;51709231;3643340;106311626
42;14;49173386;2757543;91739872
42;15;49517221;3010089;106995512
42;16;49519997;3992058;99923384
42;17;48370252;5601689;107282700
42;18;48541396;7459467;98959295
42;19;48139476;5178451;93861860
42;20;49982637;7751614;109514268
42;21;50967397;7415677;87057154
42;22;49565837;3744470;87905586
42;23;49306843;7169976;97553320
42;24;48699343;2799798;99730902
42;25;49031122;3695651;105722864


THREAD; REPETITION; AVERAGE; MIN; MAX (nanoseconds)
43;1;48842603;7049360;104851036
43;2;50464182;6398230;107415468
43;3;50085528;6998585;94763301
43;4;49791290;2743016;87843567
43;5;49743551;7596217;94157917
43;6;49173143;7184503;97525663
43;7;49030558;3400641;84157344
43;8;49808599;3238051;108014915
43;9;48637210;6447956;88290132
43;10;48468577;3251321;110417246
43;11;49557427;7313360;99003435
43;12;49803192;2934102;92755014
43;13;49552407;7612350;87320875
43;14;50301923;7021842;96638400
43;15;48441848;3417334;88835313
43;16;49155377;4180070;112931462
43;17;48794350;2719549;125569171
43;18;48753980;6720896;107661867
43;19;48854267;5769797;98562876
43;20;49771753;3916559;92909224
43;21;49867820;7554871;95987409
43;22;49887659;2993188;87756894
43;23;49648712;4167080;96261466
43;24;48455205;7051525;115126713
43;25;49425139;6549646;102400655


THREAD; REPETITION; AVERAGE; MIN; MAX (nanoseconds)
44;1;49407893;7978178;92547726
44;2;50649108;3241404;113594465
44;3;49442101;7270687;88577459
44;4;51663273;4076845;95239199
44;5;49733163;3486058;97620229
44;6;49166118;3748032;91561707
44;7;49067797;4057708;87459370
44;8;48802953;2625404;97369358
44;9;48445524;4124128;104030960
44;10;48777163;7479163;97382489
44;11;48931702;4011543;91714310
44;12;50489192;6886350;106010749
44;13;50024238;7356033;90118297
44;14;48346847;3238331;87354887
44;15;49553614;4058477;90314481
44;16;49226363;7182756;107545721
44;17;48532542;2798959;91843796
44;18;49282977;2618489;110744941
44;19;49296181;2716197;102685606
44;20;49351932;7828578;93089066
44;21;50456894;7762439;106873290
44;22;50105588;3261378;93256965
44;23;49210196;3348400;90184436
44;24;50583682;8032934;98167086
44;25;50699525;2868382;106763290


THREAD; REPETITION; AVERAGE; MIN; MAX (nanoseconds)
45;1;49227287;2965879;101992013
45;2;50480324;3404971;106619905
45;3;51348458;7762230;105758065
45;4;51829662;2969791;138526475
45;5;51215732;2906794;91593903
45;6;49198910;2610807;83934062
45;7;49022298;7281023;83432182
45;8;48341907;4678318;106323220
45;9;51397196;2887937;119773254
45;10;49448535;6546851;101220127
45;11;50375683;3098020;101995365
45;12;51411331;8837506;112169005
45;13;51947869;4796210;96560317
45;14;50540364;3246502;89576958
45;15;50172548;7203359;94287682
45;16;50418969;4061968;127434144
45;17;49622693;7259302;105245150
45;18;52561946;5905779;103321442
45;19;50723065;7152375;115053449
45;20;52255470;3673791;130888493
45;21;51127613;2998705;86510018
45;22;50176536;7495297;89571440
45;23;50022810;2897156;86890583
45;24;49181257;3566585;92075180
45;25;49732748;6954027;98288609


THREAD; REPETITION; AVERAGE; MIN; MAX (nanoseconds)
46;1;50530502;3925359;121563006
46;2;50533411;3401271;101728152
46;3;51695678;5432674;111365830
46;4;50949985;5215467;95907930
46;5;50770704;3018470;93756330
46;6;49528778;4277709;100579054
46;7;50715972;5008109;86375782
46;8;49941970;3347353;105587372
46;9;50206515;3995271;92707034
46;10;49329119;2889334;106402909
46;11;50169511;7481258;96658374
46;12;51265369;3473276;101938305
46;13;51331731;7892763;108972160
46;14;51564065;8411963;103979137
46;15;50781627;8108852;109452738
46;16;49748519;3070083;122155889
46;17;49310680;7610394;112754834
46;18;49347463;3248108;99613359
46;19;51706900;3671067;109228477
46;20;50496229;3349518;96663961
46;21;52138321;3820598;90791916
46;22;51053904;3056045;88283148
46;23;50664573;5490153;93223370
46;24;50513167;8223532;121314440
46;25;50343648;3391283;95188774


THREAD; REPETITION; AVERAGE; MIN; MAX (nanoseconds)
47;1;49551143;7199099;107185271
47;2;49888797;4537029;102457505
47;3;51160652;4675105;102273544
47;4;53045383;2878578;93823447
47;5;51601812;7663125;91834437
47;6;51101118;5722934;97956235
47;7;50082087;4000858;89144710
47;8;50191117;3049620;122225381
47;9;49198641;3157105;99248718
47;10;50680582;2749372;109043887
47;11;51000571;3768286;92082932
47;12;50740220;7290102;95149872
47;13;51045006;7883194;86678126
47;14;51614491;7498090;90224945
47;15;51941343;8356299;97649841
47;16;50846357;2504857;107993474
47;17;50673327;4583753;109484236
47;18;49207770;5476883;109140756
47;19;49999535;3821156;90521211
47;20;51655181;6142610;94831466
47;21;51673567;7727518;92799504
47;22;51257082;3189511;91657110
47;23;51964622;3177918;86489275
47;24;50238295;3371588;87425497
47;25;50278559;7203011;98044584


THREAD; REPETITION; AVERAGE; MIN; MAX (nanoseconds)
48;1;48888430;5634585;111129068
48;2;49584638;7277391;93398952
48;3;49634134;4541430;94247663
48;4;49413425;6650915;93367453
48;5;50606900;3158013;109574192
48;6;51288393;7536293;90626672
48;7;51372876;5496858;124455831
48;8;50808644;7778573;92152774
48;9;49617963;2637835;100978616
48;10;49717202;3366420;105787467
48;11;50684670;8962173;101801835
48;12;50455713;7821735;87353002
48;13;52165065;4484997;98237835
48;14;51515689;2860070;86396246
48;15;51026785;2858953;94069358
48;16;48972506;5914858;88365909
48;17;49585352;4210172;91922926
48;18;50783480;3651022;109900769
48;19;50608098;2717734;99392870
48;20;51188684;7840521;106759308
48;21;51305009;6861417;116773710
48;22;51763544;9111702;98576984
48;23;49688880;4314096;87575726
48;24;49579440;7543905;92208996
48;25;50127779;2745740;116918841


THREAD; REPETITION; AVERAGE; MIN; MAX (nanoseconds)
49;1;49208388;2600121;97541238
49;2;52240827;8362724;140198685
49;3;52449093;7384528;95488393
49;4;51798997;7217328;102843937
49;5;51425425;3659543;91441161
49;6;52253910;3463778;94750659
49;7;52438998;7938160;117235361
49;8;50411168;8630706;94384621
49;9;49853569;3035232;95147987
49;10;50875995;5913811;103155639
49;11;50088511;6635480;98282184
49;12;51476617;8095932;103868928
49;13;50805734;6887817;100536521
49;14;50440982;5060210;94701841
49;15;50479175;7205735;90772221
49;16;50981426;5468573;100242280
49;17;51307685;6632896;98551492
49;18;50600433;3278350;94522348
49;19;50655114;2992419;95085409
49;20;51942133;2807271;127493508
49;21;53785790;2827454;117154275
49;22;51876538;2997379;93310882
49;23;52116069;8519519;86844557
49;24;51813275;3319137;110325963
49;25;50765277;6014871;111706795


THREAD; REPETITION; AVERAGE; MIN; MAX (nanoseconds)
50;1;51618775;3372356;106740940
50;2;50651105;3438147;99420806
50;3;52772683;2639372;99239987
50;4;52898511;7898211;95550133
50;5;52722835;9084953;92311662
50;6;53505262;7368185;115165824
50;7;49832517;7696998;85398703
50;8;51796517;2864121;95169078
50;9;52552237;3220661;113316777
50;10;49797841;2944578;98211993
50;11;51748667;3366698;105520883
50;12;52580041;6357093;118261679
50;13;51884552;3440172;102784293
50;14;52128468;4896293;94006082
50;15;52394642;7235626;113213551
50;16;50738793;6438598;95973720
50;17;50918100;7705798;100042743
50;18;50321326;8442135;106232007
50;19;50612968;2575677;102026794
50;20;51354307;4597162;101026597
50;21;52197441;3200756;95293186
50;22;53021287;8788896;103711924
50;23;53067176;2539778;112788497
50;24;52100315;8757817;85487401
50;25;51570610;2939899;100009638


