THREAD; AVERAGE-REPETITIONS; MIN-REPETITIONS; MAX-REPETITIONS (nanoseconds)
1;0;0;0
2;16588094256;12055957008;21335897609
3;39331457945;7807412313;52591433321
4;13489818903;5625638705;42983094432
5;16393875926;3323831702;44680479533
6;16676341322;2676107016;47128900284
7;13279648106;2223849316;44833919886
8;14437095022;2370260292;51230456161
9;16320268297;2156536638;52367920607
10;14953495185;2228184026;48848958130
11;16047888927;2405911424;48557523945
12;15785347121;2187783114;48912511442
13;14933921281;2248853789;46291673760
14;13827015279;2509837828;46104852133
15;14301737193;2195164092;45085759592
16;16070352218;2325454008;46909858328
17;14477726742;2228377953;43975186731
18;14669969855;2068557657;44505835749
19;15059085972;2294193382;48389767258
20;14286199326;2093697914;46755400599
21;15148668959;2177193961;48371636386
22;15139318427;2088824289;49084841291
23;13922409422;2096672294;45998860791
24;14004366061;2131468669;46602281376
25;14764467959;2073787618;51364142604
26;14628953900;2076896655;46883125050
27;15001270560;2122030330;48600380651
28;13022122605;2116176209;48108851250
29;14865285555;2063557119;47473840929
30;13906639193;2099421940;44740434535
31;15421049704;2069727515;51241632604
32;13687915516;2119999502;48063757080
33;14699025031;2097468158;50147789210
34;15063676642;2077554932;49603673986
35;14543741804;2073931035;47556262522
36;14842047713;2092233635;48366099521
37;15032105932;2018077884;47958357525
38;15111610232;2150004679;51570186029
39;13735454961;1909450882;49152233252
40;14121647717;2039620840;47596250096
41;13275808842;1966272294;45110502295
42;15223176327;1943408743;49790003086
43;15092261101;1986196329;48877525769
44;14275065925;1867602868;47354331670
45;14620095338;1910836005;46366748595
46;16155354152;1826343107;51024503784
47;14016836245;1752657044;49748407685
48;15178847500;1906338688;44861697727
49;14239891664;1769033980;48316707508
50;14730691286;1792160861;50150082513
THREAD; REPETITION; AVERAGE; MIN; MAX (nanoseconds)
1;1;0;0;0
1;2;0;0;0
1;3;0;0;0
1;4;0;0;0
1;5;0;0;0
1;6;0;0;0
1;7;0;0;0
1;8;0;0;0
1;9;0;0;0
1;10;0;0;0
1;11;0;0;0
1;12;0;0;0
1;13;0;0;0
1;14;0;0;0
1;15;0;0;0
1;16;0;0;0
1;17;0;0;0
1;18;0;0;0
1;19;0;0;0
1;20;0;0;0
1;21;0;0;0
1;22;0;0;0
1;23;0;0;0
1;24;0;0;0
1;25;0;0;0


THREAD; REPETITION; AVERAGE; MIN; MAX (nanoseconds)
2;1;22042686710;13868448993;30216924428
2;2;13762374059;13762374059;13762374059
2;3;0;0;0
2;4;13155713785;12100315962;14211111608
2;5;24768659587;10359242935;52214699005
2;6;17831298915;17823465483;17839132348
2;7;19575820285;8783502931;30368137640
2;8;15160154398;12742815637;17577493159
2;9;16455329867;14525565610;18385094125
2;10;20372971599;10310456287;30435486912
2;11;15286906122;10714456936;19859355309
2;12;10780229191;10777879451;10782578931
2;13;17134839484;17134839484;17134839484
2;14;12852012057;11835791071;13868233044
2;15;10347790711;10347790711;10347790711
2;16;24424474828;24424474828;24424474828
2;17;10443135859;10443135859;10443135859
2;18;18100974810;13007813703;23194135917
2;19;21020788047;12093689910;29947886184
2;20;10695693796;10695693796;10695693796
2;21;14066309615;10489779428;17642839803
2;22;12996124647;10349925200;16908046623
2;23;18868882241;8525406721;30371706809
2;24;40157193819;11880576303;58363769627
2;25;14401991978;14401483918;14402500038


THREAD; REPETITION; AVERAGE; MIN; MAX (nanoseconds)
3;1;42545080284;7802091746;55414630980
3;2;33895414539;7560056027;44799634870
3;3;43088622274;5226235108;57235153490
3;4;33624915205;5711661748;57486689510
3;5;36195149558;5247731974;48642836869
3;6;35745745728;5037561129;47555808070
3;7;42016265908;8183211064;56366875958
3;8;36558741717;5206942922;48681264029
3;9;43597851699;7784596017;57608687906
3;10;43718984108;8161189691;57813088674
3;11;41275521582;5407348141;54610529551
3;12;34104962274;7564344212;46068062631
3;13;43480091766;31054900692;57830320613
3;14;39160587043;5250537918;51459467894
3;15;37617933638;7645361351;49318282701
3;16;37471646643;11079589096;47842329891
3;17;38360895407;7555285099;50232574252
3;18;42918534559;7865437157;56711872738
3;19;40814206041;7811990700;53495407377
3;20;42295879480;7529269852;55964440592
3;21;35774323635;5184177319;47159341830
3;22;45356411530;7814064497;59355132706
3;23;35057176124;7133003706;48132563147
3;24;41876918930;5115830504;55695817974
3;25;36734588955;5252890172;49305018794


THREAD; REPETITION; AVERAGE; MIN; MAX (nanoseconds)
4;1;12973431657;9303324375;43079093083
4;2;29713856521;3602801054;58113525043
4;3;13409562960;3642200894;40512843392
4;4;12736822686;9513959316;42695908418
4;5;11905377113;9361373652;44025200060
4;6;12785865895;3855780902;44730899528
4;7;12587733183;3708242109;49740515834
4;8;16405642687;2837059529;45891581821
4;9;11927171231;9357559690;45261262605
4;10;14245168657;3661059576;45021669095
4;11;13131900885;3632343636;57281299579
4;12;12608229234;4332930093;15882087248
4;13;10718825792;3956144216;56369566802
4;14;12038747022;8968214676;14873085266
4;15;11170585599;9686814106;13347055561
4;16;13692749234;3937937782;53008678966
4;17;13247086469;3635862798;54983244239
4;18;13289093775;9559658630;56948651994
4;19;12884897577;3888217148;48130594531
4;20;13650115781;3651704476;53524704187
4;21;11798365792;4925579439;42524102016
4;22;10870183007;9693405726;44004934845
4;23;15047598295;3608124077;42654904604
4;24;12538808209;3910146611;46280042715
4;25;11867653326;4410523125;15691909377


THREAD; REPETITION; AVERAGE; MIN; MAX (nanoseconds)
5;1;13742747792;5224146435;22587294474
5;2;20759019571;2651135899;47709733780
5;3;14199898563;3392357688;27188142906
5;4;14803783113;3245387752;57835724932
5;5;14045957003;5017717196;58297977816
5;6;20624001742;3487552887;58991501433
5;7;14935463900;3434371756;58316388675
5;8;13744367858;2507507798;22486424742
5;9;13321385121;2177751083;22062150916
5;10;23490269254;5118731571;57560484503
5;11;13485473630;2257034553;24580113045
5;12;15259054055;2596686311;54382998957
5;13;14116631603;3264829539;56917680180
5;14;14194786753;4073897311;58813307836
5;15;13576477497;3328880626;22475524753
5;16;13619193943;3231413839;57195227955
5;17;21059973484;3152442978;42528479947
5;18;14012404406;3371885813;22420380872
5;19;14804067134;3342906640;57909363131
5;20;13623397932;3338873796;22651261962
5;21;20908828391;2352802661;58960844325
5;22;13721176400;3257750566;57833132074
5;23;23540643655;3087939878;58874437533
5;24;19355017138;3100995796;36470289171
5;25;20902878213;3080792181;51963122408


THREAD; REPETITION; AVERAGE; MIN; MAX (nanoseconds)
6;1;27705774710;2872854022;58472754010
6;2;12982521570;2071983660;44037497643
6;3;13416282318;3228093165;37813702859
6;4;14543224386;2082417388;36642181199
6;5;15172612489;2109243284;46232875198
6;6;15333792171;2090596570;46483489242
6;7;26893894353;2321431913;57999599251
6;8;18769576155;4341770602;57604918712
6;9;16899851072;2007424617;49804704439
6;10;12007818418;2068225641;57994867574
6;11;12367202078;2099658267;57865646332
6;12;13975913180;4084230398;43951683873
6;13;23244886091;2050141568;57957437398
6;14;15526975938;3424153628;45877510689
6;15;17062446971;3774923279;49756709512
6;16;22815886481;1883178868;53316718395
6;17;18089668234;2285544462;32838823719
6;18;9706433604;2063728281;51482572505
6;19;17822998729;2103140134;34868964491
6;20;14362606611;4780342334;49276164289
6;21;15627568903;2007783601;41277504334
6;22;13547498283;2027600366;23174261254
6;23;14080978956;4805372051;34302044534
6;24;18044243073;2152385290;57989932310
6;25;16907878284;2166452021;51199943359


THREAD; REPETITION; AVERAGE; MIN; MAX (nanoseconds)
7;1;23727233687;1811631506;57902693150
7;2;10841253536;2004318216;22514151869
7;3;18130075267;3806966528;38213230312
7;4;14260824255;1949120280;56828546016
7;5;11867879086;2631826252;20445529180
7;6;11194436522;1911748561;38941080710
7;7;12922160448;2004985620;26606271398
7;8;10780721655;1762975742;47731504563
7;9;11818279297;1909527817;56841669332
7;10;16073769547;2044901168;46641744831
7;11;11135413025;1937318221;50011059996
7;12;18625254493;2004716032;53026564969
7;13;12425914034;3051243594;56601706921
7;14;11728877922;2066673767;56482983941
7;15;10826823628;1975188397;56908783169
7;16;18160421278;3391384659;52891135326
7;17;10638203521;1946410019;47070525374
7;18;13146103713;1974029590;26494466685
7;19;18644630789;3899294953;49277496512
7;20;11260530305;1915016084;49564313342
7;21;10911247117;1894235929;49531722467
7;22;10859725603;1726945185;49476713870
7;23;10705772282;2005994407;20583952639
7;24;10759417992;1986563096;33827096600
7;25;10546233667;1983217280;56433053991


THREAD; REPETITION; AVERAGE; MIN; MAX (nanoseconds)
8;1;13041263006;1927149121;33320752847
8;2;18185003361;1837437510;56985172767
8;3;26709775809;2008231982;58651112920
8;4;11253207180;3063982713;48273515908
8;5;10957259939;1993962570;47731546118
8;6;11580981565;1816463405;52183991122
8;7;13253063009;1826793839;34724068632
8;8;11049985055;1925908740;53542195587
8;9;23522158922;2017012847;58611383011
8;10;17729447574;3183225312;57314221361
8;11;12400457331;1889798704;55853023638
8;12;13537098159;1769924739;54547903784
8;13;13270955526;1862664109;39331639007
8;14;17642572036;2299718680;52591507510
8;15;12933316114;1437550163;53651903593
8;16;11679096710;3529056137;56001101188
8;17;16306446395;4217432104;50520830999
8;18;15625011486;1812649792;44641520500
8;19;12129433519;3148288190;55758202090
8;20;11488278419;3379307845;48875262917
8;21;11854684366;1866407602;56196177168
8;22;10310997302;3159778268;52100229429
8;23;17018437401;1883098620;57835395909
8;24;12014520838;3142937440;53729053133
8;25;15433924548;2257726890;47789692894


THREAD; REPETITION; AVERAGE; MIN; MAX (nanoseconds)
9;1;11844284605;3356636388;54791614157
9;2;15951708536;1876957756;57784354576
9;3;18229486998;1836774576;52789820215
9;4;15667013149;2511259182;57613588389
9;5;17368443012;2400337892;54080430124
9;6;18607784879;1839681160;56160015169
9;7;11383296940;1872780480;56297376622
9;8;15128196913;2812296396;51354561543
9;9;17389398307;1705307030;50066694510
9;10;17676227279;1969996466;57247438851
9;11;14481028440;3190442011;48979162225
9;12;14407116903;1631776385;50507474693
9;13;14273982939;1974456670;44635996894
9;14;15672413374;2397038031;51763672058
9;15;18881815177;1816291107;55641756914
9;16;16908210338;1727677120;52385708868
9;17;16124363439;1858423068;56956779074
9;18;17100256224;1736422576;50660898801
9;19;19444095983;1756078217;54908571061
9;20;13900725355;2844796894;31122526536
9;21;15766043367;3524571629;47871053863
9;22;19283088191;1775284638;55290439777
9;23;18120167561;1826752073;53053260959
9;24;18602207877;1843114698;51375644810
9;25;15795351650;1828263508;55859174490


THREAD; REPETITION; AVERAGE; MIN; MAX (nanoseconds)
10;1;11605809395;3568466104;41215690681
10;2;13380561027;2918813006;40178686397
10;3;17258044813;2158298960;52813167944
10;4;14831734178;1734211331;43195963314
10;5;15747841061;1858463506;56897046692
10;6;15239366213;1817342288;40619475171
10;7;15622855983;1880495287;48962888090
10;8;16445047524;2671744942;55542992266
10;9;16829872917;1761000979;51379146162
10;10;15039495031;1826320315;55122283559
10;11;15069624761;1991455758;54185971541
10;12;10893363764;1376055267;52935598380
10;13;14764891337;2893774418;39379820690
10;14;12602718589;3241918247;44631840220
10;15;11675361480;1946896813;48482040595
10;16;14340767321;1752476781;57725526150
10;17;16564795288;1839016691;56755924775
10;18;14372917172;1846823898;47335607109
10;19;10661840177;2362721659;33477752340
10;20;17165358926;1805032273;50402160540
10;21;14981223045;2334863160;45026149971
10;22;17426088889;1863423284;55648828412
10;23;24987910842;2017015850;55842844062
10;24;11647374560;3443491351;53140893186
10;25;14682515348;2794478488;40325655006


THREAD; REPETITION; AVERAGE; MIN; MAX (nanoseconds)
11;1;13515106958;3033871135;39424745534
11;2;18250616215;1779376918;48940880684
11;3;17240730636;1869670935;56781203756
11;4;24133778643;2377513972;52311345855
11;5;14899739649;2996648247;43943616996
11;6;13434268726;2458563938;39733928055
11;7;26011024113;2020185666;56791401072
11;8;10679230183;2482914658;56883979877
11;9;19206550195;3183752404;53423109361
11;10;15213656725;1855777760;46182790480
11;11;14387990729;1866302910;54058950859
11;12;18424554737;1687989744;57878221953
11;13;12623789668;3175594315;29615623354
11;14;16646375514;1823456403;52270078600
11;15;14904074634;2647845397;38624277388
11;16;15562684522;2467870917;49602061226
11;17;15814894543;3153131124;57863184287
11;18;17092514315;1997138533;54163842123
11;19;16873291152;2346904914;42203692578
11;20;17713547483;1812316789;53099849981
11;21;13482298537;1680498638;38863813138
11;22;16313728875;3466354034;54974736523
11;23;15643503909;2893755701;54234472608
11;24;11682307765;1829250785;30237943509
11;25;11446964756;3241099777;51830348829


THREAD; REPETITION; AVERAGE; MIN; MAX (nanoseconds)
12;1;15521882657;2244347745;41400150787
12;2;14857184888;1921964663;53355345093
12;3;17839564624;2572435254;54797014006
12;4;15791676209;2661977709;50128027025
12;5;17986405343;3399160647;53068649786
12;6;15989593238;1784891655;46809093474
12;7;14573604275;1847744337;45192526285
12;8;19028022980;3415114980;57077919331
12;9;13649549244;1825507990;40008536071
12;10;18351480686;3117284390;53015667774
12;11;14094751290;1757092033;48884090576
12;12;16269004504;1949176361;55806315397
12;13;15320724104;1744663079;54454255429
12;14;17510680846;1616600084;47736268576
12;15;14817751057;2402644610;50313548719
12;16;19552295079;1806242553;53689604335
12;17;15676450330;1711193741;49109128604
12;18;14021166343;2423241501;50029939839
12;19;11847668868;1798670083;31342650812
12;20;19011896322;1789836278;55787617979
12;21;15368036030;1453866553;55876085229
12;22;14852753880;1913124293;47827876937
12;23;9768303960;1439268609;26031344626
12;24;15111777642;3112918472;48487281554
12;25;17821453632;2985610252;52583847807


THREAD; REPETITION; AVERAGE; MIN; MAX (nanoseconds)
13;1;16911297774;1913988301;57878344175
13;2;13635511488;1811624382;45396022679
13;3;14619717595;2216463405;47499797530
13;4;15499365212;3123691140;37220054016
13;5;19110457868;3204131949;54975979908
13;6;14838961487;2780138327;52213694339
13;7;15635099839;2460625024;47455665315
13;8;13307831879;2194087866;38422848225
13;9;14032890043;2268272084;43858172338
13;10;15287974028;1931582924;49706989226
13;11;14568364374;2517133113;41851739257
13;12;19579376323;2269829196;57390618989
13;13;11288341016;1855842712;50003204318
13;14;16747356688;2230307762;48812773062
13;15;15245734987;1893652755;56001597480
13;16;13521780014;1944703027;33540845415
13;17;12373622352;1659101297;41008773811
13;18;15303220598;2163193507;38094091288
13;19;13860097089;2983507960;41602965671
13;20;14507033674;2222445730;48412341722
13;21;13849590784;1831495762;39268828021
13;22;14824936611;2408633778;40984736748
13;23;13141839028;1863241277;32704275404
13;24;16601183013;2203091035;57868926149
13;25;15056448268;2270560434;55118558923


THREAD; REPETITION; AVERAGE; MIN; MAX (nanoseconds)
14;1;14502573144;2454090115;46937341478
14;2;14488764329;3103966146;40915861373
14;3;14692657622;2433693249;48878704975
14;4;9848796284;2654207798;29898033409
14;5;13662365076;2203151657;56896794216
14;6;18872655698;2229186391;56109823036
14;7;12189943378;2620279184;55782174619
14;8;17365080485;3003191537;43270824714
14;9;18426449647;2572620752;49093883441
14;10;15857051345;2868035881;54199577809
14;11;13246199501;2857535734;34289170202
14;12;10006089607;1898323530;19128638277
14;13;19007225250;3199058121;55580934169
14;14;14735844677;2248323460;52931569585
14;15;13385884799;2993340425;33762406046
14;16;11295115230;2183657910;56571507691
14;17;10081434314;2646759714;29464207112
14;18;16008712154;2538417383;51317624796
14;19;10474385257;1754380375;53986063801
14;20;15198550173;2560938890;54769874663
14;21;9787253002;2180864817;44570692784
14;22;14948708107;3070831348;46162302262
14;23;16284772896;2521050022;52570862079
14;24;9537936694;1697932279;54282258988
14;25;11770933320;2252108997;31250171810


THREAD; REPETITION; AVERAGE; MIN; MAX (nanoseconds)
15;1;14599539726;1970231831;43660272256
15;2;15065441912;2171165400;55962948922
15;3;13060409439;2807074433;40099167632
15;4;14696177386;2443439390;43452544458
15;5;12804461468;2517143939;32529088194
15;6;12428235143;1816329729;35624725279
15;7;10522854705;1723238498;55248059879
15;8;18455589229;2167144218;57678208753
15;9;14379550567;2380979985;38578772721
15;10;16759255510;2601889416;57771740263
15;11;13559655665;1783823014;48096233320
15;12;18632153132;2056434756;57944100996
15;13;12469889536;2270425990;30129314200
15;14;15747161052;1776430524;44888508386
15;15;10682496297;1874260905;22889407872
15;16;13954754572;2101656565;46878987693
15;17;9335368693;2782926321;29552470216
15;18;20545844877;2144935251;56522188295
15;19;13791828478;2174625685;46759732242
15;20;18580482431;2619022110;41832561192
15;21;15685824546;1855536039;48787460278
15;22;10919620915;2639434830;55698346787
15;23;10065556165;1876920251;21747183860
15;24;14241537341;2181914112;57911288026
15;25;16559741057;2142119110;56900678089


THREAD; REPETITION; AVERAGE; MIN; MAX (nanoseconds)
16;1;14918574856;2074261463;46671304593
16;2;14958973326;2581832467;45132542963
16;3;11584449154;2130701179;27997133365
16;4;17290467295;1701426089;52548469359
16;5;19115117965;3149202482;54537821636
16;6;13806878512;2172397959;40383766931
16;7;19124455042;1782589617;55772293197
16;8;19354489885;2188241452;56238197383
16;9;13263750668;2266358923;37015314655
16;10;14180262027;2437549534;37490652373
16;11;14597088304;2432439807;44706496007
16;12;19565017963;1887985135;51946903797
16;13;16214959361;2483456486;38652512470
16;14;18181325249;1906703296;51402139518
16;15;14328910038;2294849415;40135115357
16;16;20374415336;3036893516;53161855417
16;17;14444539632;1822748841;41166182783
16;18;14400184997;2395253238;41214942751
16;19;17154847935;1942507777;57276881280
16;20;14755856694;3122155539;46543544501
16;21;14442613443;2376073705;54486386817
16;22;17800048112;3274941020;56010364655
16;23;20913829920;2133996011;56675653819
16;24;13234998281;2217559075;38260761145
16;25;13752751455;2324226194;47319221437


THREAD; REPETITION; AVERAGE; MIN; MAX (nanoseconds)
17;1;16989865682;2247015193;55818076809
17;2;15397256762;3369214873;45274100759
17;3;14769554907;2280100334;43444087866
17;4;13650741845;2070852022;42053009181
17;5;9156570410;2170258999;21971923247
17;6;16125141630;1998205987;57893366895
17;7;13362341782;1887651085;55569710675
17;8;12453647879;2155800388;30100737245
17;9;17903571306;2031292385;53402128971
17;10;12962252787;2196051593;31647445765
17;11;14118477248;2320741463;40269442276
17;12;10761489454;2305114895;30973776485
17;13;12490711696;2008158859;26485807973
17;14;13325985579;2306905068;56054820864
17;15;17848060994;2397007650;56632898595
17;16;20190234373;2384957446;55962201202
17;17;10731877771;2232869401;32337732868
17;18;13592667676;2257050757;46597224367
17;19;15562584720;1730969788;54886018894
17;20;18202449164;3307123531;48260705132
17;21;14913029364;1841763548;56736066595
17;22;14978216452;1858574344;35576538080
17;23;15761365180;1890928875;47088867300
17;24;12498921458;2118684777;38354127969
17;25;14196152455;2342155567;35988852284


THREAD; REPETITION; AVERAGE; MIN; MAX (nanoseconds)
18;1;12059717533;1815529068;46202848546
18;2;17267620437;2002856788;56616814357
18;3;20785579738;2129487686;54586988360
18;4;12262464600;3082604353;31704717988
18;5;13663906044;2254774629;47441647123
18;6;14327215926;2261890058;47449421574
18;7;18400555624;1851205460;53537205986
18;8;16936044504;2131663033;51284695611
18;9;14846586127;2049082844;50400675365
18;10;12298996240;1908416293;36352602844
18;11;13481132873;1774481743;30870309285
18;12;17556034441;1792278628;57952000883
18;13;17215470622;2113593767;44360590173
18;14;12849009213;1781463356;35135067306
18;15;11387618800;2095828730;27592759694
18;16;14110523921;2095254564;38392086843
18;17;16370409043;1822456346;52749979536
18;18;9934445178;1828340334;56170394282
18;19;13721568218;1922022561;34893734190
18;20;14630675482;1997486832;34602951004
18;21;11649435435;1788552665;35737766113
18;22;23033121246;2537521808;47441621980
18;23;12696045757;2034686881;40816242567
18;24;14431114613;2423002435;44580134137
18;25;10833954771;2219460574;55772638002


THREAD; REPETITION; AVERAGE; MIN; MAX (nanoseconds)
19;1;18804154214;2086965941;56965605824
19;2;18187637535;2335279205;56941256990
19;3;13306725681;1860166097;49564306147
19;4;14655392578;2259249779;55042936951
19;5;13403910752;1859997639;41136205719
19;6;12251050660;2823708461;49960792783
19;7;13939235012;2174768581;54625830518
19;8;15282625210;2443657155;47675871793
19;9;14698735348;2381285122;41658094325
19;10;12243603501;2933079065;35422573470
19;11;19439924555;2409465519;53900343340
19;12;19511563478;1773012841;54667176415
19;13;12215213046;2230640836;34738707923
19;14;13241818951;2624761457;39096165644
19;15;19157024786;3416589539;54607313429
19;16;19527151099;2022309051;57333461515
19;17;12705626049;1875600530;40921946504
19;18;11738459498;2052704744;40209102554
19;19;17102355808;2088895795;56717502504
19;20;20639004774;2168843108;54900439721
19;21;11506446673;1910452725;34117704415
19;22;13650377416;2376639839;39700632972
19;23;11544612235;2337217370;55939342640
19;24;14663706238;2503178826;49010663297
19;25;13060794224;2406365335;54890204062


THREAD; REPETITION; AVERAGE; MIN; MAX (nanoseconds)
20;1;17008715659;2363547811;57828145407
20;2;19193910829;1825871096;53687406710
20;3;12355153507;2100600426;37308847144
20;4;9670231566;1729117667;29373167819
20;5;11347011516;2137120221;35290794152
20;6;17930692694;1865633760;53704625518
20;7;16691874207;1840623389;57754048978
20;8;13341508699;2774632460;41365708980
20;9;11476337455;2043811295;33069096282
20;10;15872896522;2219175062;51523294580
20;11;13664902490;1863152021;43762500821
20;12;18820003734;2246058368;52452858604
20;13;17216988507;2035316361;51689145757
20;14;16590519802;1839736335;48389679345
20;15;13149957970;1927708201;50828913452
20;16;10925785949;1703221918;29311987907
20;17;15915126269;1981680074;56363472801
20;18;12686389890;3064818294;55694592330
20;19;13891612216;2163012757;40909279252
20;20;12855630251;1858376553;47737385268
20;21;15830549581;2417453825;46345648749
20;22;11901049639;1961910103;55790101885
20;23;13800473847;2130609337;56593341612
20;24;13327163739;1796392837;48355483100
20;25;11690496623;2452867682;33755488546


THREAD; REPETITION; AVERAGE; MIN; MAX (nanoseconds)
21;1;15516989804;2105092617;34977008461
21;2;17890873087;1770257184;53342620082
21;3;17625655639;2973137089;55871403069
21;4;13447458183;1817598955;47109769957
21;5;13111507477;1799421085;42035011852
21;6;17044967527;2041803777;55507234649
21;7;16988554994;1997559397;56940428392
21;8;13147137754;2149952019;45705452648
21;9;14414726102;2217174529;48198842590
21;10;20362762807;2004968439;57167719990
21;11;19255326160;2094740742;57783771471
21;12;12477404515;2056443696;36945795345
21;13;10107996446;2650947048;29297020641
21;14;11904393352;2336432354;55178621095
21;15;14959515485;1974772841;56199319676
21;16;19384597231;2106960033;50193285529
21;17;19447392058;1923569545;56987227287
21;18;11984817287;1974081832;35386459173
21;19;14147906540;2397419295;55951488178
21;20;12466140049;3016624530;39193458386
21;21;12598599823;2496047961;34920458745
21;22;13610424584;2358398694;44792345047
21;23;12024134003;1801594755;52950664469
21;24;16849728026;2055353054;55822202822
21;25;17947715055;2309497576;50833300112


THREAD; REPETITION; AVERAGE; MIN; MAX (nanoseconds)
22;1;12560373591;2043596044;39824083019
22;2;13154180896;1869563938;41801029390
22;3;9612933784;2307764395;36122181870
22;4;15427668756;1900163638;57347251117
22;5;13586843911;2427445877;49316377501
22;6;13620444703;2392966215;49544065935
22;7;17560425902;1938483313;45706559632
22;8;18476715315;1977866391;57784119630
22;9;11325904693;2272975686;35750883353
22;10;13354741464;2933042816;32434859318
22;11;11325453948;2050268749;36957176890
22;12;17932340667;2273370777;53268863711
22;13;19147094225;2205672299;55050936990
22;14;9989558239;2055615168;54690152449
22;15;16737080227;2050507536;48833835515
22;16;15166444500;1834787661;54720014695
22;17;10627245809;1744038419;33149463479
22;18;12020769516;2159691665;56548397492
22;19;20214214165;1680193642;56059332681
22;20;15397303475;2013106694;55472258066
22;21;19150301225;2047036914;55912568846
22;22;16912479196;2056865817;54928937546
22;23;20132594485;2185433693;55648175467
22;24;18119995735;1782560144;54297430609
22;25;16929852266;2017589736;55952077079


THREAD; REPETITION; AVERAGE; MIN; MAX (nanoseconds)
23;1;17685390772;2138528500;56872641914
23;2;13538736999;2013015411;55956319239
23;3;10487713462;2240695465;32181280791
23;4;12371182070;1984189401;54096682400
23;5;17796841331;1929183458;55984016055
23;6;19057935742;2121693400;49047234844
23;7;13918211242;2028743248;45861464307
23;8;16883109016;2182548830;55967028840
23;9;15702793858;2184773764;56619917755
23;10;16320454815;1885173185;57982918779
23;11;11513522979;2590574639;35180765013
23;12;11673883670;2198430596;51554490585
23;13;13346351244;2034135903;30912624719
23;14;9862433651;1883186132;31051483918
23;15;12063774129;2008722756;37015619164
23;16;15669134958;2143736564;35750586318
23;17;13521203640;1897830590;45017419951
23;18;12390559953;2388858221;32768198961
23;19;16601129381;2128054544;43988042754
23;20;12878398529;1955255766;41307735481
23;21;10426039729;1834817205;39311354796
23;22;16739879835;1753614775;52954984642
23;23;14540190953;2104207518;55803101511
23;24;13127891565;2291626799;40974259648
23;25;9943472028;2495210704;55811347392


THREAD; REPETITION; AVERAGE; MIN; MAX (nanoseconds)
24;1;16948325844;2147438781;46129371540
24;2;16776154474;1908959239;52843503504
24;3;12608243920;2299164419;55954171969
24;4;11086161704;1952223816;32223388028
24;5;13373299533;2213727722;46958183303
24;6;12408911818;2180249165;53403955461
24;7;17096629643;2081298461;53728236479
24;8;16515072349;1893877015;48921315977
24;9;17147850575;2045861694;56867221882
24;10;15041290023;2175168772;56941633713
24;11;9706175687;2163121919;55854498476
24;12;10786306734;1970595355;33203579016
24;13;12505093216;2239219509;42666033323
24;14;10989550450;2357749239;39105439519
24;15;13770784060;2016471786;56805826788
24;16;15402575810;2071934422;52017811202
24;17;11685994679;2009338617;30681103116
24;18;12272362294;2445386355;43544716019
24;19;11534586485;2122345437;35854744179
24;20;14506858085;1987380729;34541026584
24;21;13094526613;2135699719;46545586311
24;22;20819668549;1891030844;56784533719
24;23;19898796103;2562493068;57780937382
24;24;13824213490;1974234714;44711985043
24;25;10309719392;2441745949;30988231884


THREAD; REPETITION; AVERAGE; MIN; MAX (nanoseconds)
25;1;17407751291;2137886170;57947152501
25;2;17536444517;2051809588;57929054042
25;3;13430197219;1972558733;45088211281
25;4;14690629771;1879309800;53008942198
25;5;15091510115;2466591354;46864350497
25;6;11212387995;2315635158;55958199506
25;7;18378393913;2133983300;57157963232
25;8;18491511649;1877071457;56044635422
25;9;12435240925;2067427215;41064659685
25;10;12799187402;2547789593;45440078209
25;11;16631840339;1850919739;56830072188
25;12;13683288375;2048618051;41286557579
25;13;11733230222;2273350733;44333185293
25;14;17372911076;1902251753;55460396991
25;15;11765943935;2103961816;30381057159
25;16;14116428363;1723620111;55921230003
25;17;19351719578;2084432309;51031230506
25;18;20648955630;1983264144;56422214066
25;19;11557983505;1851638896;55833906963
25;20;14748920607;2372111959;55962333900
25;21;10533295995;2102450311;55832339306
25;22;13167296361;2162706364;47459326255
25;23;10752847498;2144048266;47221207305
25;24;18447349225;1815092002;56869503037
25;25;13126433480;1976161635;56755757994


THREAD; REPETITION; AVERAGE; MIN; MAX (nanoseconds)
26;1;10458887944;1920315222;32686644741
26;2;17828052554;1882497077;52002008286
26;3;20453744200;1954881067;56945425606
26;4;13298844599;2297991295;55732504271
26;5;10264197656;2236293300;29019475799
26;6;16209537856;2179164182;45842609884
26;7;14197813780;3020350491;56195691911
26;8;17754432520;2067770764;53383726144
26;9;16987828116;2093384006;45295742964
26;10;10460344313;2012162509;25384608379
26;11;10971905146;1892246710;33952239670
26;12;13047507546;2017254637;55353552058
26;13;10334306170;2090183738;33763987881
26;14;17369004674;1815255291;48168888294
26;15;17688620578;1840969034;53968482866
26;16;14627351234;2019538517;56786088595
26;17;13086243598;2078307369;44054787200
26;18;15565333883;2294335034;54026940436
26;19;13329351174;1960492046;34578661744
26;20;14043449122;2147271720;49404471797
26;21;17131761660;2088793758;55714737488
26;22;16332209395;2105534921;57756963874
26;23;15165250871;2034261547;51856777258
26;24;15428466024;1828666492;54780077776
26;25;13689402892;2044495669;35423031349


THREAD; REPETITION; AVERAGE; MIN; MAX (nanoseconds)
27;1;11953906002;2179368257;39801375105
27;2;18832652108;2088002525;57551024432
27;3;16975141904;2028286765;56518039583
27;4;20000422089;2142758926;56477333711
27;5;13316660187;1936914538;46553883245
27;6;10025249965;2276954613;37271308155
27;7;14850367607;1953758858;51229753781
27;8;17587342462;2006382934;48606554185
27;9;12253379010;1892977250;56671191729
27;10;14500757765;2067562637;54188216728
27;11;12899158373;2370624549;42736327522
27;12;15625449541;1918699863;46337909288
27;13;11308592586;2036430887;43806359118
27;14;8842789500;2841161656;32900894666
27;15;19174729893;2558938217;48294254088
27;16;14495305133;2114181481;46207063677
27;17;12451871811;2263510726;43126017832
27;18;18652904912;2115249983;56655704846
27;19;11389909449;2041041459;40047371454
27;20;18541027006;1920671621;56450261346
27;21;13297572491;2067144428;48692092920
27;22;14120873598;2335269986;45555076483
27;23;18725453935;1967615088;48498598216
27;24;19539854769;2019139932;56269362028
27;25;15670391904;1908111087;54563542154


THREAD; REPETITION; AVERAGE; MIN; MAX (nanoseconds)
28;1;10748205553;1939208684;56794793821
28;2;12602374297;2031156194;46297862438
28;3;10315519057;2586912233;51908887931
28;4;13144786441;2230847007;55684754487
28;5;17454624480;1967248630;55828252194
28;6;10979491240;1915845939;56413954777
28;7;10548624169;2011498389;25567570529
28;8;12258484241;2259587462;41138272741
28;9;10443051071;1985778709;36381767795
28;10;12232933075;2063821939;30536268227
28;11;10171928638;2088972202;55976265769
28;12;12412687210;1975612962;45793822050
28;13;10375367674;2321547501;38051086940
28;14;14852783300;2192469643;57780877807
28;15;12915152199;2045332857;49430688257
28;16;12419975712;2380796652;43970668968
28;17;13867904345;2084695261;57828719712
28;18;18605731156;1932070347;55970317526
28;19;18800394610;1970372771;52692223593
28;20;10709780058;2031056182;32725789940
28;21;14117653324;2401201339;47562267621
28;22;12488298572;2481575521;44088528570
28;23;14115557495;1948144527;51655753734
28;24;14969937618;2126330860;56860615315
28;25;14001819612;1932321426;55781270525


THREAD; REPETITION; AVERAGE; MIN; MAX (nanoseconds)
29;1;16777818159;1908723036;56484219852
29;2;17516117470;1955429321;57870541228
29;3;12730969851;2131541788;40371494142
29;4;13235177057;2190164812;42100563619
29;5;14777888098;2052759988;41776326042
29;6;15132140703;1838848652;55870983393
29;7;16012295537;1990943332;49355605811
29;8;14945316740;1990894373;52989817770
29;9;13330026716;1688702335;45854526483
29;10;18473282345;2316022776;53829517369
29;11;18424878408;1920804739;51267187589
29;12;19059964162;1977373382;52927290479
29;13;11214382104;2050218254;52897814178
29;14;10843619377;2103902103;35643134323
29;15;10760845087;2063863005;34542376964
29;16;14413343890;1987596259;38823853520
29;17;12806857114;2158435290;45138999580
29;18;20867027381;2240671300;57988624532
29;19;16459623626;1915356002;53129940607
29;20;18136237201;1793842932;54935787858
29;21;12388106998;1988288037;45456548178
29;22;11444020942;2300694292;38857488661
29;23;13114063924;2446489987;45770558060
29;24;17644764096;2517133462;55631750893
29;25;11123371904;2060228534;27331072106


THREAD; REPETITION; AVERAGE; MIN; MAX (nanoseconds)
30;1;14844145787;1828589248;55737753611
30;2;17722616259;1889099592;56583345648
30;3;12085805759;2011924630;32065685374
30;4;8721879284;2590602018;49790026106
30;5;19886233397;1902145873;54217071514
30;6;10706524375;1937587529;30630857343
30;7;17419320743;2007950312;52418142180
30;8;19316869051;1943995955;57463287792
30;9;14821318480;2127573337;42959635862
30;10;9806020469;1892470272;22117442580
30;11;8804988223;2228254219;36760226789
30;12;13133912438;2339846126;42904187124
30;13;11382522753;2316554618;28088810449
30;14;20949004629;1924550746;56634199179
30;15;18047918907;2390344024;57665089488
30;16;11173499250;1976851667;47702709562
30;17;12652995786;2018459818;44559060370
30;18;11132429597;2083159661;41850951936
30;19;12199067650;1994216304;32987498831
30;20;11970183694;2245793111;39649608539
30;21;18570916749;2033423103;55833846271
30;22;13629773016;2138200735;45739568158
30;23;13718480194;2291182399;45058156274
30;24;13550008439;2285316709;47441455758
30;25;11419544917;2087456506;41652246654


THREAD; REPETITION; AVERAGE; MIN; MAX (nanoseconds)
31;1;18825583418;1953682731;53969499685
31;2;18996099847;2027636264;54076223654
31;3;12381658721;2004739569;50648076082
31;4;22381577155;2164316973;57198045212
31;5;11661045851;2067831666;42021288669
31;6;17371871002;1964545354;48901086171
31;7;19161081103;1987091027;54119529158
31;8;13254505595;1917118796;48983412417
31;9;13711633403;2287570138;49793445187
31;10;15806720166;1863032382;51591430335
31;11;15664971357;1939292843;56274389133
31;12;15366935364;2120642987;50191627497
31;13;15561184910;2210757163;54581249572
31;14;17148641514;2049213447;57261683957
31;15;12686597849;2380389547;44138114341
31;16;13068985557;2112472605;52188720354
31;17;14830860570;2069196015;55578729350
31;18;16190009757;2201216146;55991181072
31;19;17204575359;1958265227;48988705827
31;20;11292141508;2568609209;56541921180
31;21;12550649095;2066062027;44332942245
31;22;10172057243;1942077415;24374815863
31;23;18869977214;1875297978;54665308510
31;24;20044145782;2000171880;57825865438
31;25;11322733284;2011958503;56803524191


THREAD; REPETITION; AVERAGE; MIN; MAX (nanoseconds)
32;1;11118348478;1954739849;40097807264
32;2;11855326554;2615316262;49709029779
32;3;16609063891;1994253459;57619814390
32;4;17824744934;2035162360;54299302006
32;5;16327188323;2317647774;53887599472
32;6;13286712328;2278176417;51079855051
32;7;15629775060;1780584753;54831639496
32;8;12300393592;2193791948;32028930633
32;9;17809324001;2210908020;56723804632
32;10;15967461554;2060141303;57949532971
32;11;12238178985;1947570711;57841815161
32;12;10584566695;2214206555;32905544350
32;13;11924588274;1889445307;39386742030
32;14;11375224605;2416452370;42383788023
32;15;12787568234;2018317481;46403594102
32;16;11686861961;2278831737;40274390880
32;17;17334720658;1898741809;55150444610
32;18;10947916332;2061599100;56478063552
32;19;11962509111;1924150905;40093683345
32;20;12592101382;2259919696;49110217989
32;21;16328687218;1860265132;40895205885
32;22;11346509647;2184723687;31087751726
32;23;13866595253;2561933988;54702704115
32;24;17111474479;1951336273;55771293628
32;25;11382046362;2091770672;50881371934


THREAD; REPETITION; AVERAGE; MIN; MAX (nanoseconds)
33;1;20732357426;2418592028;57504978775
33;2;14562642494;1992034323;56643499383
33;3;12869095913;1833822106;44721779025
33;4;13553188227;2190737021;53435485515
33;5;15331692713;2211079550;56804903696
33;6;11275800831;2978031006;36281882614
33;7;10797038576;2192487593;55777179991
33;8;20131451770;1913777030;53935885636
33;9;14063961037;1904022788;51098505955
33;10;14449623260;1817356536;54304628172
33;11;12129455947;2073719914;39929596080
33;12;16679133849;2138554342;54143244882
33;13;16455245861;1809175468;54619524968
33;14;14154500071;2000647359;53851341023
33;15;9989273065;2330455477;31284231446
33;16;13619808482;2029749451;49958559188
33;17;11333178659;2255097924;44581181407
33;18;20311019386;2201116552;57574144898
33;19;17987720745;2147879130;49664123583
33;20;13324853510;2156940826;44661634929
33;21;10682276943;1939570043;29043988901
33;22;13032574505;1999117416;54455710293
33;23;14827820073;2016569774;54901310223
33;24;18514253760;1958172337;56899265200
33;25;16667658672;1927997972;57618144485


THREAD; REPETITION; AVERAGE; MIN; MAX (nanoseconds)
34;1;15083240047;2018201895;57928079547
34;2;20071471349;2210350338;54586580836
34;3;13715600109;1974903514;55924603127
34;4;11964869445;1979879007;38060821208
34;5;11368409873;1890727313;37075448346
34;6;12329943339;2027726779;29439197440
34;7;10989979884;2621952720;30849224483
34;8;21253898674;1968930898;57727062657
34;9;16781917966;1941074285;56364016446
34;10;10401366656;1956756795;33321108130
34;11;12888189207;1317465069;55902811182
34;12;12856828962;2154456782;56596390882
34;13;12250817732;2230347154;39093970812
34;14;17761648106;1920971241;50920604574
34;15;15772906133;2042126164;57285153630
34;16;16444176560;2061684027;56899900895
34;17;13073901128;2485735897;49195983987
34;18;16381671425;1800059016;56635886614
34;19;18776422844;1996109282;56514524053
34;20;17111577161;2176743413;56773297793
34;21;14467331199;2173336625;54927487432
34;22;14874798132;2714674980;31699776089
34;23;12826897553;2309874020;51715414250
34;24;21296958880;1939673548;57677344327
34;25;15847093696;2025112549;56977160924


THREAD; REPETITION; AVERAGE; MIN; MAX (nanoseconds)
35;1;9879289295;1969576231;56856738497
35;2;19020119689;1903042216;57372395654
35;3;11126607521;2079345769;29619990180
35;4;9813949178;2016250180;27182022995
35;5;16324126306;2012498236;56591322500
35;6;14692581786;2166787539;56840891580
35;7;19840873302;2152229055;56966300675
35;8;11635129752;2156575557;39769666256
35;9;17628322211;2008318306;50092279465
35;10;21009024925;1909532148;57415797957
35;11;9964685811;1941796303;24435989071
35;12;19455547904;1977983305;57653956368
35;13;13287289222;2001811263;47589415135
35;14;9966157418;1915415506;33261168598
35;15;18176683833;2141681135;57979113267
35;16;18746389830;2196643148;56913732262
35;17;16188098642;2574634765;55952229683
35;18;12346437336;2190934183;40271608333
35;19;11412998689;2075354270;42512578415
35;20;12545171825;2053605905;52500305206
35;21;18298294787;1883262049;57947151314
35;22;14320722346;2198679441;49183794868
35;23;9101312068;2264249367;29540572196
35;24;14483490513;1956446210;43571687743
35;25;14330240926;2101623810;50885854836


THREAD; REPETITION; AVERAGE; MIN; MAX (nanoseconds)
36;1;14102658358;2228580867;46911222516
36;2;14597741744;2188468855;48196640006
36;3;17357338322;2376398537;46303167232
36;4;14921011175;1943711212;56496499556
36;5;15890391368;2020801596;56929446340
36;6;15845706968;2073130384;55874652854
36;7;10879635043;2051084914;29024653413
36;8;15097868454;1752300292;55970370466
36;9;11944669113;2028658949;55533975897
36;10;12102770277;2169776676;43167896548
36;11;12420282528;2041257687;39645412825
36;12;12374363015;1994231879;31247195523
36;13;11752794919;2870027545;29056741150
36;14;14331528148;2018227456;42842234558
36;15;11231311684;2140743167;43520404967
36;16;17021633183;2023659222;55760982262
36;17;16493292493;1918175564;52521375133
36;18;15646822688;1899246063;54487109185
36;19;12850244864;1991118844;57493357605
36;20;18581721315;2038367935;57422218815
36;21;19906759643;1981661147;56908141398
36;22;19959593743;2126774283;57923069133
36;23;17662770136;1823227533;49379869369
36;24;13284663707;2581102766;33189491611
36;25;14793619953;2025107521;53346359663


THREAD; REPETITION; AVERAGE; MIN; MAX (nanoseconds)
37;1;12227259557;898321853;42094617612
37;2;13057819949;2718572263;31547889955
37;3;16939327881;2185995287;46114060237
37;4;15217997984;2584209865;54722382594
37;5;12637799772;2244193955;43357647480
37;6;15996839734;2162511366;55479467363
37;7;9926301777;2118619755;22298366831
37;8;17532873031;1703717512;56310014960
37;9;12245918539;1450271892;42608158020
37;10;17045906172;2010553925;53119747621
37;11;15959674286;2721417107;55475864112
37;12;10901942004;2066011952;29656676686
37;13;16287130861;1973305615;56452174508
37;14;18016159473;1886176945;52721483387
37;15;19777473289;1901030997;56801087010
37;16;18486688059;1880648589;57937451897
37;17;19560027662;1946087631;55976780219
37;18;9695253511;1853846718;33911068725
37;19;17920203385;1881279045;49887294055
37;20;16270181607;1961176630;54204004838
37;21;15314553378;1968542719;55494567885
37;22;14295694788;2050896063;56888309408
37;23;14286215241;2236751808;55777600785
37;24;15376150814;2256060616;49125565400
37;25;10827255560;1791746996;30996656558


THREAD; REPETITION; AVERAGE; MIN; MAX (nanoseconds)
38;1;12292369416;3169874244;30416415424
38;2;12740894582;2137422634;35004563080
38;3;13074641268;2291423980;54165761850
38;4;18596169403;2270743558;57906301080
38;5;15624632960;1911721532;56971044713
38;6;12875336445;2019700339;44569557024
38;7;13483667368;2030257686;47177398594
38;8;14547053419;2296591047;56156510534
38;9;12356418136;1920263050;56784463529
38;10;17492862924;2130100962;56954205493
38;11;10558606711;2240444177;55897624209
38;12;17757068116;2493180069;55972679279
38;13;16424112832;1938427440;56810829449
38;14;14688741163;1920905729;53044387695
38;15;16650783347;1651286896;56246252945
38;16;18683771719;2141518755;53854338610
38;17;13832058930;2032281058;55234627026
38;18;12551685884;2101714813;55159811791
38;19;13413775507;2318509196;44116552942
38;20;13037064620;2628113908;45547965244
38;21;15756933296;2248333308;53585089096
38;22;20762387018;1856867214;56580551160
38;23;17957659588;1925441781;52379523235
38;24;18507788160;2135752030;55353848184
38;25;14123772996;1939241579;43364348542


THREAD; REPETITION; AVERAGE; MIN; MAX (nanoseconds)
39;1;15830210321;937107090;47285034620
39;2;12046668996;1883416817;46330247350
39;3;13855272225;892565606;53361287957
39;4;13848764296;1968368327;42988519421
39;5;10592364855;2129722074;42001270343
39;6;15900373533;2028184169;57631430810
39;7;19219646906;1993288881;57974407850
39;8;9606833904;907372794;55913810833
39;9;13121904819;2353029296;44911503696
39;10;11605502957;2306398928;37596289193
39;11;19406744665;2094948729;56689880348
39;12;10728300027;1924615769;55940258119
39;13;11672451792;1768891996;56739070957
39;14;13921383294;2053880311;54007637004
39;15;13311339010;2044788234;47203206482
39;16;19627042447;2277461311;57733803528
39;17;12437274588;2229700912;56972380707
39;18;15257688575;2197541099;53122370441
39;19;12867414066;2864347982;31027926314
39;20;12706986785;1803300629;38388104983
39;21;15968572595;1914361812;57937098989
39;22;10182486710;1356651823;30648837842
39;23;16993043006;2138731179;57858076585
39;24;12047699107;1902925861;54207140223
39;25;10630404565;1764670440;34336236729


THREAD; REPETITION; AVERAGE; MIN; MAX (nanoseconds)
40;1;13459690508;1352426356;54247788406
40;2;10377827332;2412256446;30220416980
40;3;18539706701;3119952116;55300747442
40;4;13036075312;2071695844;43035589509
40;5;13123145060;2258088249;49499830635
40;6;17664706685;2176735801;57819263343
40;7;14178013749;945430704;41070181895
40;8;16506577537;2403356153;40952387105
40;9;13915892727;2250358635;57941709351
40;10;11497781943;1852877391;56986526919
40;11;10824857204;1907509683;36827381693
40;12;19508874706;2081798665;56961695411
40;13;14638754071;806818115;51309700325
40;14;13070773292;1848397003;57975627838
40;15;11370440755;2144014463;32867171666
40;16;12556313557;2547037613;54506291931
40;17;20944793402;2071886021;56955586953
40;18;14905183008;1893691377;56221247533
40;19;11931686848;2156320496;44818089031
40;20;14114250271;1980981940;47359439818
40;21;12166226112;1958683995;30437507630
40;22;13779162967;2353759416;41720279742
40;23;11763590535;2191409313;29784181230
40;24;14439478996;2301824534;50792521257
40;25;14727389657;1903210674;54295088762


THREAD; REPETITION; AVERAGE; MIN; MAX (nanoseconds)
41;1;14681840274;1874520086;44475062683
41;2;10070703296;1557264401;31399346006
41;3;19949282996;2001444387;56780060175
41;4;10831517285;2054346642;36094890901
41;5;16878068400;2268076669;48324278504
41;6;18762437538;2362442643;56677023058
41;7;11770929620;1925125610;36825693699
41;8;12920218576;2700901860;52771482619
41;9;11195599334;1756357093;40260394268
41;10;10988369565;1434560049;55344140387
41;11;10849803600;1320614910;37140546773
41;12;11189296485;2040834240;34948265352
41;13;11101573890;2167514936;38301996413
41;14;18445727945;1845208189;56478342079
41;15;14144399368;1553640267;55339733193
41;16;18003279676;1999477448;57453239098
41;17;13838895509;2726785876;56474871317
41;18;10707780620;2014001500;35521807381
41;19;12830988804;1641555002;52518050199
41;20;13256377447;2088883713;44337308443
41;21;11127128212;2122099037;36186380741
41;22;12893681263;1986608354;53133082067
41;23;10957370045;1896043143;36714576504
41;24;11450583637;1357891646;39607366649
41;25;13049367667;2460609659;34654618883


THREAD; REPETITION; AVERAGE; MIN; MAX (nanoseconds)
42;1;13806529669;1333128373;54970128256
42;2;12005643909;1930359446;44060249208
42;3;19297672316;1746049219;57069303570
42;4;18022461591;1314433748;53922001889
42;5;11820523533;1400188222;39705983721
42;6;18750938285;2080051864;57721970110
42;7;15668701462;2598379961;48906610198
42;8;16061853618;2153163042;53563285836
42;9;18409401940;2160905157;50356138629
42;10;20456001858;1927435470;57190958208
42;11;15229453712;2008325639;57763741620
42;12;19029774813;2768011716;53307861404
42;13;14860826745;2026704302;55124467077
42;14;11790320530;2055130191;55244547841
42;15;13993906300;1758581049;55658237849
42;16;16805138958;1830019668;44378634715
42;17;12267604200;1362504872;40096830673
42;18;14936700771;2390440196;53079772639
42;19;12958941553;2325242454;31586339814
42;20;11351535611;1988755275;45526588366
42;21;11199159328;2265951049;36745250723
42;22;17222670678;1630353159;50597211936
42;23;17768411768;2472461235;56890322303
42;24;11896903508;960836713;41029982931
42;25;14968331530;2097806565;50253657658


THREAD; REPETITION; AVERAGE; MIN; MAX (nanoseconds)
43;1;16007806560;2716835799;42087023491
43;2;12568963273;2192904266;54844615308
43;3;15128038359;1839380494;57879926639
43;4;17807959856;1811091843;56740407719
43;5;12543684722;2135976011;43763110395
43;6;14141154517;1770692015;49666605602
43;7;13289214046;1712159157;33341351764
43;8;12160777818;2331025033;52901814057
43;9;13507782227;1501531550;31675680988
43;10;10911695400;2313483627;37768137710
43;11;13065551227;2560908439;39175906365
43;12;18641067403;1444856469;57881825693
43;13;20811435247;1984524150;56957415398
43;14;15078434075;2175919775;47982293280
43;15;11696785550;1577871349;32585897579
43;16;14974964698;2117405564;54190537275
43;17;17731732819;1983516061;49623873634
43;18;17142518104;1835782970;55919632034
43;19;19252936788;2114960490;57957077156
43;20;13427044501;1939329859;44747529993
43;21;13239754147;1653162623;54774902816
43;22;12301050451;2000397397;50671737190
43;23;12880868059;2079040563;44739483370
43;24;19273313495;1908195454;57134001318
43;25;19721994183;1953957276;56927357457


THREAD; REPETITION; AVERAGE; MIN; MAX (nanoseconds)
44;1;15803955024;1965598979;40234791782
44;2;10195286283;1682945877;24090047898
44;3;14822160429;2149860318;54812868465
44;4;10780030499;1095040431;39210786287
44;5;17970767027;1824282486;56431370398
44;6;14974903227;1422035482;49181265356
44;7;15084455114;2095467441;54679925800
44;8;14903862288;1909635303;55544843409
44;9;10295582263;2039533516;30273192892
44;10;13666295147;2472890409;42590796735
44;11;17663271325;2707377195;48586658430
44;12;12734230636;1063806085;54521363259
44;13;15729113635;1741247212;52777557623
44;14;11396873724;2055605391;28374710543
44;15;10885662652;1430610525;52403008273
44;16;20948763683;2452428870;41167208193
44;17;13189746499;1344166158;46065594789
44;18;12985477093;2540904989;49703845112
44;19;12322511672;1879432791;46532741941
44;20;17329222537;1335623173;56364182738
44;21;19024308404;1645138767;57702848406
44;22;12965613917;1950168457;45368737088
44;23;17623226403;2029685407;57945659784
44;24;11718153709;1876422422;55392139434
44;25;11863174949;1980164029;43902147131


THREAD; REPETITION; AVERAGE; MIN; MAX (nanoseconds)
45;1;11523107289;2207218516;41955001893
45;2;20492108158;2002273962;57179758530
45;3;15979488123;2036218151;36544729987
45;4;14578108525;1812382998;43713879417
45;5;10507204781;1590314412;39300350812
45;6;17641843147;1856331740;56698434508
45;7;10408359840;1493692774;31196205593
45;8;14567006580;2131970753;49541165078
45;9;17246367984;2047340723;56903199220
45;10;13939458679;2064275347;44423143025
45;11;10981451992;2527706594;54164226739
45;12;10917758302;1753733295;33816216936
45;13;15771804268;1358646350;55764762141
45;14;10786442405;2566614891;28294386437
45;15;17299224076;2008949461;53433900817
45;16;11036326852;1908456451;34380022112
45;17;17814594669;1647990736;52385435300
45;18;18774444645;1791672755;52524971470
45;19;10032987108;2075473489;29198802711
45;20;14778246271;2134674379;39562982656
45;21;16921650181;2363057456;43097360908
45;22;12489130950;1935857211;55420245101
45;23;18118080938;1786813757;57717731095
45;24;12996045690;1325751458;54056467931
45;25;19901142018;1343482481;57895334463


THREAD; REPETITION; AVERAGE; MIN; MAX (nanoseconds)
46;1;12620752600;1858748598;53603928432
46;2;18537397703;1369723177;54906846750
46;3;17300510057;1947946946;51685863357
46;4;18652583508;2259974313;56413326205
46;5;14508907438;1666485196;55778155813
46;6;18310986815;1943747040;48891831922
46;7;11170032584;1793456082;30169240644
46;8;16651632727;2113147970;44913845824
46;9;17666306826;1306031213;55915183983
46;10;16507582357;2247200482;56385273058
46;11;17588907312;2090290246;48151326216
46;12;11395967595;2260176293;39977400340
46;13;20001524616;1324049984;56784264131
46;14;20284320638;1848863333;56728985108
46;15;18722747198;2141099008;53297527060
46;16;10918504500;1850290470;56772194790
46;17;17596211923;2102143010;49648710241
46;18;13994668850;1300399632;56945209377
46;19;12831768910;1763842541;56659663798
46;20;13606180369;1439469053;53025672117
46;21;13981170219;2371114276;31084640576
46;22;12943316549;1400426172;49460812826
46;23;20762272412;2048041161;45498096057
46;24;16748986221;1378020112;56436909021
46;25;20580613884;1833891388;56477686969


THREAD; REPETITION; AVERAGE; MIN; MAX (nanoseconds)
47;1;13622763702;1870996593;56506134509
47;2;10952303503;971920663;54097629587
47;3;11667564522;1607201055;50591549415
47;4;11435036716;1898727561;40532291534
47;5;17198236588;2077203806;57718639241
47;6;10162220871;1325263755;23880667305
47;7;12868226420;2837197396;37569736447
47;8;13628918540;2349567543;47165693196
47;9;18102872529;1944007688;56760098910
47;10;18704003436;2095220273;57621394270
47;11;9355371522;1774382079;20028416810
47;12;11927314238;1422237184;54572068448
47;13;15397371978;1899127194;56794898234
47;14;19816414612;1870376682;56979640429
47;15;11759421256;1393977238;53764632516
47;16;15945180618;930345546;57306902134
47;17;12839826113;2016906757;53371555532
47;18;14767891127;1982282525;57964971805
47;19;17426186515;1393904882;50207983347
47;20;14818878723;2090048107;57519033983
47;21;14521466113;1454909981;42285699370
47;22;13006976588;1378681508;54050185358
47;23;13223886519;1428154905;53999873936
47;24;12424136228;1439502087;40660433169
47;25;14848437166;2364283101;51760062661


THREAD; REPETITION; AVERAGE; MIN; MAX (nanoseconds)
48;1;20784873132;2944694018;40984167331
48;2;21214721567;2089146036;56119511069
48;3;9449329116;1970130631;21049403696
48;4;14842871209;1269902879;55533844944
48;5;13188931132;1743357535;40374095102
48;6;13205439984;2343787339;42961846128
48;7;17434714807;2382252702;46713134770
48;8;17499373595;2236235192;55980515261
48;9;9601616805;1715767018;22601099302
48;10;12282677444;1514285545;46481416493
48;11;12746411798;1925971667;42945960730
48;12;14204192824;2036581465;38751251207
48;13;19025965671;1728716848;57775344073
48;14;21125505029;2651014724;46382124963
48;15;20381978498;2135621147;56661063836
48;16;10324430181;1821681108;33730595788
48;17;11046857863;2178241159;34234760283
48;18;19228659487;1910508948;54118764396
48;19;14906534664;883170697;56971177273
48;20;15746927819;1379968613;57977577248
48;21;10631673046;1297995765;31893408450
48;22;13903732679;2091859859;45131661566
48;23;14326715726;1330623445;52084565287
48;24;11340330375;2089123827;27854061899
48;25;21026723057;1987829040;56231092080


THREAD; REPETITION; AVERAGE; MIN; MAX (nanoseconds)
49;1;12497818268;1292358177;55729539579
49;2;12298969437;1270707590;54932764848
49;3;13329852495;1638374570;55898894133
49;4;19167001712;2127603508;53048482349
49;5;12227204093;1820407691;42630490048
49;6;14398708659;1846161035;44858812084
49;7;13451555500;1876140753;53418169628
49;8;12408104573;1858730299;48020233647
49;9;11854247744;1711326789;41171015380
49;10;13908920392;1921631939;39938112036
49;11;11957604307;2270821151;43659738668
49;12;18330813749;1286649350;56767100009
49;13;9845346900;1977432677;29207552217
49;14;16556265143;2021398041;53035555706
49;15;11957593895;1745611803;40252966718
49;16;17258218856;1814935278;56206762870
49;17;17216933350;1935369160;48462422878
49;18;18446903394;1831018397;57866080466
49;19;15608508508;2077663083;56298832184
49;20;12261422071;1694458653;54545482945
49;21;10489663796;1366387767;32143287834
49;22;11208750162;1166516275;32410080960
49;23;12350158881;1762081005;43045958285
49;24;17544135753;1902021905;56769737914
49;25;19422589984;2010042618;57599614337


THREAD; REPETITION; AVERAGE; MIN; MAX (nanoseconds)
50;1;10151564624;1335836608;23315908587
50;2;17603105103;1463833253;49411903119
50;3;16289806808;2582184189;54948956012
50;4;16180800047;1944555733;57971407330
50;5;20283231200;2160422693;57953894140
50;6;14638405573;1383092613;57746039232
50;7;15879498818;2158195036;54642412653
50;8;12090006516;1544563694;39840557668
50;9;15176518532;1702499480;55427123210
50;10;9876449925;1943581447;23574737432
50;11;13049516168;1789778799;45408429982
50;12;12100251180;2330747414;41938053719
50;13;20066661724;1384606353;57990971548
50;14;13776194992;1265235386;53963324459
50;15;18539008632;2122887546;57425252721
50;16;16493514324;1740802323;57122619006
50;17;11455234775;1698182800;39628490073
50;18;19837058175;2068364625;56639853669
50;19;11941794046;1963340033;55792327725
50;20;11522736027;1327092131;54847485225
50;21;11043342462;1768614517;55744020189
50;22;13302733686;2088291320;44425567775
50;23;11809415513;1451047479;43952901207
50;24;17544764246;1834484061;56630337585
50;25;17615669058;1751782000;57409488566


