THREAD; AVERAGE-REPETITIONS; MIN-REPETITIONS; MAX-REPETITIONS (nanoseconds)
1;0;0;0
2;2281757265;2281757265;2281757265
3;31711971321;27835324671;35772210691
4;19336002371;15523344346;23332182006
5;19678546676;12815826246;26229598429
6;19656998464;13803194176;24481438666
7;20035068111;15295254732;23965595102
8;19689998519;12512881494;24848794581
9;19402259244;10582457602;26813055310
10;23504002703;13778474160;31653504604
11;32850029931;13749999488;47147968392
12;32466347853;12289005080;52139739274
13;31204058307;14458818707;49897642812
14;31312383241;14254562107;56181369470
15;32657891890;15426149384;56685582388
16;33562169711;15095431324;57262077174
17;31997342614;13148267771;57079613417
18;33274810138;13576786035;56178514638
19;33428438886;14041627871;56893466672
20;33406063325;14032110178;55732282572
21;30959646692;14565144567;56859596284
22;33072015605;15076701759;57311246837
23;31420086470;14390631460;55658218589
24;32089037289;13818133785;55822263405
25;31472199846;13797073703;57281269030
26;31234126009;12495711404;56842913400
27;31470844291;13460445268;57226036253
28;32071313883;13299612900;56440691506
29;30744024300;12062315202;57619106704
30;31764828558;12631983743;57592666587
31;31210993733;12608965348;57466822191
32;31641086064;11089161991;56374269221
33;30633726599;12643327702;57031124408
34;31838244133;11933051759;58684574961
35;30738553706;10006591547;57524141989
36;29591610443;11107500377;58044426677
37;32008250414;11664841592;57531249843
38;30530739416;7917260380;57957499506
39;30781230246;9404784208;57318902067
40;31299820613;10606379869;57546346848
41;32039417094;10358436331;58640914588
42;31131267692;9124800506;57986556414
43;32271452306;9157003593;58114678074
44;31030932089;8421524215;58794348667
45;31233088900;10438720002;58526570460
46;32461493152;10228032018;58126791947
47;31455912872;9579514298;58825901808
48;31669265854;9499291052;58973364458
49;30124899768;10013012768;57311710128
50;31845024373;10583744763;58623096379
THREAD; REPETITION; AVERAGE; MIN; MAX (nanoseconds)
1;1;0;0;0
1;2;0;0;0
1;3;0;0;0
1;4;0;0;0
1;5;0;0;0
1;6;0;0;0
1;7;0;0;0
1;8;0;0;0
1;9;0;0;0
1;10;0;0;0
1;11;0;0;0
1;12;0;0;0
1;13;0;0;0
1;14;0;0;0
1;15;0;0;0
1;16;0;0;0
1;17;0;0;0
1;18;0;0;0
1;19;0;0;0
1;20;0;0;0
1;21;0;0;0
1;22;0;0;0
1;23;0;0;0
1;24;0;0;0
1;25;0;0;0


THREAD; REPETITION; AVERAGE; MIN; MAX (nanoseconds)
2;1;0;0;0
2;2;0;0;0
2;3;0;0;0
2;4;0;0;0
2;5;0;0;0
2;6;0;0;0
2;7;0;0;0
2;8;0;0;0
2;9;0;0;0
2;10;57043931631;57043931631;57043931631
2;11;0;0;0
2;12;0;0;0
2;13;0;0;0
2;14;0;0;0
2;15;0;0;0
2;16;0;0;0
2;17;0;0;0
2;18;0;0;0
2;19;0;0;0
2;20;0;0;0
2;21;0;0;0
2;22;0;0;0
2;23;0;0;0
2;24;0;0;0
2;25;0;0;0


THREAD; REPETITION; AVERAGE; MIN; MAX (nanoseconds)
3;1;37690961264;26450604896;51446109491
3;2;32796411415;32796411415;32796411415
3;3;26739299687;26737011058;26741588316
3;4;42491653967;30614535926;54528852340
3;5;32525301225;26911672503;38138929948
3;6;41530944436;29577760093;53484128779
3;7;33554094375;29373672492;37734516259
3;8;41282766665;41282766665;41282766665
3;9;0;0;0
3;10;27334942779;27334942779;27334942779
3;11;41328152601;27665304669;54991000533
3;12;43178119891;26699724755;53382907116
3;13;29194262224;27828028841;30560495607
3;14;30931143576;25693062177;37812189957
3;15;26827551546;26827551546;26827551546
3;16;53768627996;53768627996;53768627996
3;17;0;0;0
3;18;0;0;0
3;19;50821697940;50821697940;50821697940
3;20;29242332615;29242332615;29242332615
3;21;30175382066;30175382066;30175382066
3;22;29603477956;29603477956;29603477956
3;23;35848693060;25757213347;52485761528
3;24;34813736976;29601606279;40025867674
3;25;41119728765;41119728765;41119728765


THREAD; REPETITION; AVERAGE; MIN; MAX (nanoseconds)
4;1;19869435500;19863857068;19875013933
4;2;14222116777;14222116777;14222116777
4;3;39741804964;19902283670;59581326258
4;4;14226265000;14226265000;14226265000
4;5;0;0;0
4;6;28463189712;14335071776;45841062971
4;7;14173853240;14173853240;14173853240
4;8;27223444949;19473802257;34973087642
4;9;0;0;0
4;10;26050704838;26050704838;26050704838
4;11;20039765879;20039765879;20039765879
4;12;25978199953;25978199953;25978199953
4;13;19872878257;19872878257;19872878257
4;14;20098811650;20098154584;20099468717
4;15;0;0;0
4;16;30237914665;20732703878;39743125453
4;17;20383909407;15039049097;25728769718
4;18;19139015363;19139015363;19139015363
4;19;34572009117;15520548422;53623469812
4;20;18812479612;11016758974;25856048954
4;21;24053888028;14250653784;33857122273
4;22;26503195868;26503195868;26503195868
4;23;20800046514;18707599989;24982929255
4;24;18937129998;18937129998;18937129998
4;25;0;0;0


THREAD; REPETITION; AVERAGE; MIN; MAX (nanoseconds)
5;1;19893436333;10788715395;36424836816
5;2;14584533904;10539488539;16608629588
5;3;12359212833;10903469854;15259379195
5;4;16883008524;16883008524;16883008524
5;5;14121898349;10853449950;17390346748
5;6;18902199860;10592100183;37578337540
5;7;27346405086;6717723272;35860081658
5;8;48183857935;48183857935;48183857935
5;9;13553452440;10401173613;16451371613
5;10;28155378593;14745441041;38771181324
5;11;14774010844;10045217758;28120097806
5;12;12750195258;8556084572;16407881030
5;13;16694270477;15505725798;17289734449
5;14;29003544503;10352761873;38620453228
5;15;24819588662;10878898156;39064656681
5;16;0;0;0
5;17;15335945238;10352052775;29763983551
5;18;31242072752;10964010719;38070060929
5;19;12237528209;10886416639;13211213925
5;20;0;0;0
5;21;18845472865;12773136111;30906320496
5;22;25691431848;10886629166;39282680481
5;23;28536297746;16588609027;34511980084
5;24;37051633331;30999393917;40081575800
5;25;10998291333;10998291333;10998291333


THREAD; REPETITION; AVERAGE; MIN; MAX (nanoseconds)
6;1;33602113851;33601086590;33603141112
6;2;11883651204;8620005476;13488701707
6;3;0;0;0
6;4;18891256290;9907663893;26719976631
6;5;9890101535;9889044697;9891158374
6;6;33738162252;32400014387;35076310118
6;7;16244573594;10136938913;27907142109
6;8;15291499164;8141571974;27859011969
6;9;14071623488;13059272477;14579114175
6;10;18563419094;9764880383;27361957805
6;11;25878412212;13314360484;28401977276
6;12;9976415368;9975928016;9977341324
6;13;19552177651;9925229743;27427594918
6;14;20522572382;9688641434;27415928980
6;15;27236541725;27225827445;27247256006
6;16;24779703123;10057676813;34087026494
6;17;31492769472;27827498607;35158040337
6;18;15338059812;10102507092;24440282983
6;19;19059793120;14260156807;27101063333
6;20;24935508772;10786063033;35424631552
6;21;6636747128;6636747128;6636747128
6;22;28808151525;28808151525;28808151525
6;23;21338026167;14396798756;28279253579
6;24;20973200132;6694873162;28122578498
6;25;22720482544;9858915589;27021578720


THREAD; REPETITION; AVERAGE; MIN; MAX (nanoseconds)
7;1;26562004354;23463064370;29660944338
7;2;21571486128;9837763808;25798206616
7;3;28231485486;27365886516;32859798172
7;4;21496077038;13992062399;26157389347
7;5;12661020632;8841908678;24854384217
7;6;26037300410;26032538632;26042062189
7;7;21867239453;10208315373;31200875600
7;8;28222035063;27534036798;28910033328
7;9;16962944661;9270753406;24426733146
7;10;26575701055;26573218104;26578864213
7;11;18315179769;9139791091;22837641306
7;12;27734187934;26192059186;30653084540
7;13;19492186018;8963224097;24787540176
7;14;24577080048;24543739916;24598222191
7;15;0;0;0
7;16;9574509661;9237993865;9689221954
7;17;0;0;0
7;18;25366961094;25366961094;25366961094
7;19;19042341539;6572908499;26712573665
7;20;25230165740;25150064463;25310267017
7;21;15370899583;9489637021;26616256605
7;22;20809161453;9834514163;26298203892
7;23;25659849018;25659849018;25659849018
7;24;16327181143;8887470126;23766892161
7;25;23189705517;10223607679;30353872769


THREAD; REPETITION; AVERAGE; MIN; MAX (nanoseconds)
8;1;19668522871;10337805224;25350180889
8;2;19458006953;8441973421;23236723313
8;3;14664809494;8384733464;24159863474
8;4;17171500078;10399108964;23943891193
8;5;23349572734;19313848827;25512360160
8;6;15123800057;6200851854;24046748260
8;7;17175197302;9588365631;24762028973
8;8;23399298863;19714203551;25029333128
8;9;17103617904;9747998768;28657539576
8;10;24145842251;23439569554;24340144907
8;11;13432089495;6225316975;24167462555
8;12;16391236129;10003842876;23420879050
8;13;23080885489;23069672263;23096742183
8;14;27529220578;25065417811;29993023345
8;15;18242688712;6862920776;24633072011
8;16;16966383157;8981205642;24428073191
8;17;19990431834;8789870780;24474673877
8;18;21055298939;8852549556;23755561391
8;19;16548951106;9093612038;23521409355
8;20;21847472665;10140256513;24657879074
8;21;18235474841;8628364569;22858254681
8;22;17503263864;9015591367;24086002341
8;23;20153528018;10201099022;23046237790
8;24;21502222559;18165849850;23178493706
8;25;28510647092;24158008070;32863286115


THREAD; REPETITION; AVERAGE; MIN; MAX (nanoseconds)
9;1;21282755671;17623790175;35201431816
9;2;16880362790;8613782269;22215071399
9;3;24588650504;18657745607;31097906089
9;4;22248536615;9112714815;30325560232
9;5;19372352375;17302309791;20661127741
9;6;21938127043;18681707941;23058668280
9;7;19208266637;9453233652;22590256025
9;8;14361257040;8393516494;22608034401
9;9;15041139988;7816896002;37967153646
9;10;19552126275;8880443603;22841956589
9;11;22020260303;19180454918;24062759094
9;12;20536028453;16559507144;32953606744
9;13;14526932832;8796280951;24457460655
9;14;19492684056;9522279578;24504102476
9;15;15048240689;8195965129;21740977415
9;16;15696178595;8635692386;21933848995
9;17;18000610717;5903783302;22729238353
9;18;18458530398;8879727242;21473618225
9;19;13584442380;8478949839;21245042108
9;20;41803695571;8734900595;59377898797
9;21;17982397044;8439244233;22598707028
9;22;18365437936;8158387659;20766942167
9;23;18064971715;5839995516;25822920441
9;24;21173473601;9167605101;23830974886
9;25;15829021895;5532526132;34261119150


THREAD; REPETITION; AVERAGE; MIN; MAX (nanoseconds)
10;1;24440482536;18398615117;34819431450
10;2;15593236919;9368952339;21817521500
10;3;37987652369;5726414740;57443068114
10;4;24091718380;8678293610;39661529049
10;5;21339207846;18145120749;22983503840
10;6;17398903401;8735279134;37441100266
10;7;36229845712;5328389432;54961829507
10;8;20348987325;17257288566;21897076445
10;9;18969973189;8873600835;26529513807
10;10;20090508325;18171102543;22580735191
10;11;23234454638;18687475363;24917524015
10;12;24393124731;24331685592;24481007362
10;13;19956758808;16984788430;23805914159
10;14;15999382236;6965842027;20057532941
10;15;21477899626;18516185856;25185944303
10;16;27210862081;17446987117;32598368158
10;17;15388368589;8381048150;21176322270
10;18;34299366749;9179337737;45099561187
10;19;33767482348;18046309097;59395500825
10;20;20002642173;16566813520;23582728740
10;21;23373127493;18898187898;25892994919
10;22;36050456110;16881527960;54458401696
10;23;15264988209;9043541428;21340885993
10;24;20027582183;17030904556;21734996626
10;25;20663055608;8818162224;27474622752


THREAD; REPETITION; AVERAGE; MIN; MAX (nanoseconds)
11;1;35375996711;5815684536;56742994221
11;2;19112029130;17116587583;21112992643
11;3;35438452921;22653445619;53561200865
11;4;35607893838;19639937618;43902991162
11;5;35692861813;8610061614;48027767426
11;6;41166319374;18676030823;57201009276
11;7;30301840016;8078186125;41781085445
11;8;36345703549;18842283167;48359849017
11;9;32116387203;22062386979;38341389408
11;10;33841548966;8378128366;51033720208
11;11;31480489817;23576964740;40741726671
11;12;34545169309;17475591800;49170277088
11;13;35910774656;7309563856;52971624396
11;14;31484032305;8977086124;49827152683
11;15;28915261576;8156831385;45165683209
11;16;30899234399;16914916561;41021524453
11;17;28290161171;10565291957;55509986675
11;18;30720489287;8818370701;41876594023
11;19;18246257898;6371074466;33122423869
11;20;38339034319;17678364918;52091840374
11;21;30802355275;5072556708;43684745687
11;22;36151834512;21371126498;56343476755
11;23;41417869533;17900773492;57741214665
11;24;32955146162;5816330218;43111233481
11;25;36093604545;17872411368;56254706115


THREAD; REPETITION; AVERAGE; MIN; MAX (nanoseconds)
12;1;35374056792;16945833689;58290773828
12;2;34113550046;9692315014;57312632960
12;3;32973669821;8539524297;48422601546
12;4;34700389978;5463356517;51277745146
12;5;32988553066;17278741152;54987817795
12;6;29409719919;19720724911;58980225070
12;7;32265557658;9486439617;53125165489
12;8;28756482451;8489851155;33382893985
12;9;30390570048;8365776446;41770720859
12;10;29606935161;17041144545;57226425985
12;11;33672229070;7391837859;59433709522
12;12;30682585688;7736546894;47917233755
12;13;36931872798;9665964529;52163626592
12;14;27063703410;7387942322;55614561418
12;15;27513423044;16404266255;35711644217
12;16;28131014968;13348843498;30065991976
12;17;39401351643;8477785584;59414453863
12;18;27999401310;16194155472;47066965774
12;19;32787456535;8730546060;59871570339
12;20;36489273582;20921358720;58266965425
12;21;37306333218;8038691300;59956120541
12;22;30626464890;15615483532;56350723556
12;23;36645080846;7880008563;57923709508
12;24;28842263898;21666719583;51327001615
12;25;36986756500;16741269491;57632201090


THREAD; REPETITION; AVERAGE; MIN; MAX (nanoseconds)
13;1;30107777374;5145664464;50315342244
13;2;30435278519;18102835207;53987432061
13;3;32717502489;22211238789;37503901473
13;4;29225976137;18071963197;36924253501
13;5;34336931244;8274813978;55747041244
13;6;25386406890;15016486872;51783362202
13;7;30289603294;7846025264;59965869126
13;8;26531733987;8947848679;30124990606
13;9;29621035565;17791364964;58856800375
13;10;28951796049;16428492168;41225122047
13;11;27757787150;18191445421;30217838021
13;12;30364327957;16442834564;58583200938
13;13;33162334745;17164609818;59966202758
13;14;32918733585;17932013636;45893165960
13;15;31237084443;7835631274;58150065371
13;16;31857057409;9667990275;59728489235
13;17;29576445605;7504820654;59050876089
13;18;33960351952;17440335433;59149019149
13;19;34026107275;17903596826;43186835128
13;20;30816027843;15333937345;59138664481
13;21;32675642676;20651785283;55339617046
13;22;43500015668;23476900626;56859999246
13;23;27132357302;8889515008;29646107118
13;24;29439501595;8479809305;36311927005
13;25;34073640934;16718508638;59784947878


THREAD; REPETITION; AVERAGE; MIN; MAX (nanoseconds)
14;1;35392959697;8132453287;59179465058
14;2;30811125153;16281117642;52794333847
14;3;24757119036;6488151846;50682951116
14;4;33290098199;8724966441;58000959339
14;5;32939559988;17248139149;55236841205
14;6;34271005663;8973120536;59922626270
14;7;28136705030;17020475158;59891947161
14;8;33474711736;16236152220;59649810730
14;9;28314885469;12947549478;57641813066
14;10;33165411855;18084165236;41381861522
14;11;31623309260;17650051892;52735595934
14;12;31725422624;11847031676;59168487335
14;13;33123737171;12180851966;59628761826
14;14;34315481438;8590322723;56165565247
14;15;29482362677;13482073280;58831538436
14;16;25041108004;14258794275;57038474234
14;17;34416579551;22933041769;57778909610
14;18;26795488438;16524592720;50632087388
14;19;33274239926;8883473389;58954365220
14;20;28903792618;16128162098;53596327327
14;21;32737712930;21243129644;58468724307
14;22;30592129862;12989714684;59594250596
14;23;30265685100;17441763688;55789712101
14;24;38556269027;23617695754;59775319558
14;25;27402680574;8457062140;51993508323


THREAD; REPETITION; AVERAGE; MIN; MAX (nanoseconds)
15;1;28126115103;14051465270;59249355784
15;2;34396395088;16621377298;55328163565
15;3;38625392295;8174083647;56372685355
15;4;28822309641;14539878881;57731027617
15;5;24790764964;13738332246;52804863956
15;6;26264811953;8043443789;58812700915
15;7;37386429713;16107599918;56769683577
15;8;29559880216;17373740518;41397078400
15;9;35101191275;16413160332;58241825567
15;10;36348299707;14679042867;52963962179
15;11;31054026750;22180534956;57522533031
15;12;31043019196;9755750172;56702345061
15;13;34214617704;15768335011;57248634673
15;14;28356904066;13881953712;57334357928
15;15;27827289893;21747036006;59635543763
15;16;30011205479;12159865080;59516763304
15;17;29761574029;16282983592;55976175813
15;18;37210178747;17300851506;58036050392
15;19;34607471777;20875900988;53264487456
15;20;36273462804;16045088831;58490555225
15;21;39024053570;17074806575;58356363309
15;22;38103751580;15436911186;59166418916
15;23;33298366699;16254273448;57815089349
15;24;32781950695;22323110409;58543173713
15;25;33457834311;8824208384;59859720859


THREAD; REPETITION; AVERAGE; MIN; MAX (nanoseconds)
16;1;38494647778;16073369031;50112325729
16;2;37456516308;22439512285;59946590698
16;3;30755988532;15331305305;59690893116
16;4;35014439636;16417925742;58493331345
16;5;35849739605;13116521095;56704444629
16;6;32969651158;16307503329;59806396972
16;7;38685428557;16791985224;58566387209
16;8;40162466556;23009868364;49103525727
16;9;35068531578;15661316732;56820329818
16;10;30440861806;15612219430;59600808971
16;11;35400041454;15295944457;58540599643
16;12;21607091070;10747366356;59199627048
16;13;37540446917;7474379286;54499914724
16;14;29911628824;14974821381;59264952598
16;15;33971124931;17093476126;59914846021
16;16;32808757772;14811291239;51515496104
16;17;44045887254;23114788402;57724857838
16;18;36608602591;15645222926;58768004034
16;19;33317466946;7169908396;49588952227
16;20;29164679401;16229625134;57667595113
16;21;32724341329;14393840069;59977025641
16;22;29322380950;13099518863;59918568282
16;23;26897281190;7821120631;59926780359
16;24;29873347982;14541733586;59468876212
16;25;30962892668;14211219722;56730799306


THREAD; REPETITION; AVERAGE; MIN; MAX (nanoseconds)
17;1;36201830893;9223371336;59756814693
17;2;26763503524;7845483923;57998544298
17;3;28847528507;14274193856;59375029858
17;4;37841914449;14589902767;57993509860
17;5;29096534345;12234125287;53574490613
17;6;25284911694;13026732239;59871122797
17;7;33475549354;14921364517;59707582039
17;8;36741505123;12096343949;57366600364
17;9;34464925143;8330011287;49874732404
17;10;37333819353;15480901692;56525670860
17;11;36553902825;16008900991;59548899231
17;12;38556463368;15438993154;54430584264
17;13;32676370609;15392222825;57581229458
17;14;31297832240;15662597272;57103910134
17;15;24533307127;13791692590;39887874995
17;16;33789231854;15238065242;59742944355
17;17;23687906935;5172599660;58520318714
17;18;30481612881;14003092222;58543408800
17;19;34394002811;13611203589;59267455291
17;20;37381852416;16797062476;59021588916
17;21;37138489422;14576818422;59525529711
17;22;28961897571;14701818736;59646792190
17;23;26813270726;15149215543;59697160253
17;24;24081150767;8448844406;58211201633
17;25;33534251425;12691136303;54217339704


THREAD; REPETITION; AVERAGE; MIN; MAX (nanoseconds)
18;1;32844497951;14992730221;51032943992
18;2;35734116302;14680625331;56472650155
18;3;31964902272;15580711096;58220131120
18;4;37094802404;15764876891;54111567741
18;5;35857760059;12442641732;59898782387
18;6;38599525491;7434136112;59401592171
18;7;34415056562;15749159530;59141763758
18;8;39203249839;15231776245;55034785147
18;9;27531617747;8127860874;59879150702
18;10;31569100504;16598805015;43651464921
18;11;37811504843;15490282355;56642494298
18;12;31106386071;12044535199;59673895146
18;13;31595057944;15518355685;59901464920
18;14;25875402714;14595741009;59547400857
18;15;32794897325;14817663768;54791549485
18;16;29814169485;14545915332;59074850085
18;17;33328929301;13114682661;54427773502
18;18;33645804842;14258321868;50328157279
18;19;23335431911;4349137531;51132348735
18;20;35635162708;9000896063;58643883860
18;21;29535778228;11350978267;59045530717
18;22;35429043064;16875909508;59450700648
18;23;37426315040;22016583113;56736316766
18;24;33935569649;11898204590;48695135764
18;25;35786171194;12939120894;59526531794


THREAD; REPETITION; AVERAGE; MIN; MAX (nanoseconds)
19;1;34153543957;15233156868;59156885093
19;2;39053328779;15279648810;59940595872
19;3;22514044132;12874608366;58178935172
19;4;38651695736;16567783964;53737019859
19;5;33780230340;11926895947;57181352099
19;6;36224477889;16067157558;59378349274
19;7;35782613462;15601914769;59313588458
19;8;35112511070;12763750351;57434916518
19;9;35338986489;16299062591;58275312574
19;10;31414580186;14560714001;59572105673
19;11;32436731830;13139047770;53888617687
19;12;28701496838;14408292674;57528958499
19;13;26925367159;12638378480;57186092087
19;14;37342151205;15538116996;57624965813
19;15;35411352310;15259072662;59770471178
19;16;39154246617;9494321834;59520645292
19;17;33800426582;12670125254;58250688007
19;18;31462569949;11771133762;58744705822
19;19;33864727854;15619772625;55426741387
19;20;37309603130;16253609956;58001248063
19;21;36114935965;15189187872;48670293850
19;22;32490097169;15258356230;59853931435
19;23;22799865533;12653869905;43254433105
19;24;33605293540;15426570835;53752133023
19;25;32266094431;8546146717;58693680971


THREAD; REPETITION; AVERAGE; MIN; MAX (nanoseconds)
20;1;35047914864;14548075175;59126413762
20;2;27153424735;8397148940;56323516746
20;3;34841556841;14589533446;54320058695
20;4;30722779076;12625663108;55811056923
20;5;29948000284;11659406572;46637349160
20;6;37748508350;16071192707;54182135787
20;7;33940985153;15673762587;46656439506
20;8;32153264163;15343158139;56994185644
20;9;35163201468;16142673301;59765606383
20;10;38548644790;15699591359;56691540755
20;11;24748641458;12896551308;58251191911
20;12;35522908540;15287183636;58790607814
20;13;38781586649;15554568736;49083152119
20;14;24103728815;13066895304;57770530263
20;15;31035363208;14320123507;57749009930
20;16;34383199251;15698173371;52095942012
20;17;35384401870;15529995712;57323986149
20;18;30498788701;14082915567;56115141450
20;19;35766988630;7652209429;55975415241
20;20;34874692384;13465870662;59993193898
20;21;31999592610;14542744609;57939246468
20;22;33862918154;12673419597;57442919770
20;23;32915372690;14933234391;55703341277
20;24;38291791579;14595214196;58872276853
20;25;37713328872;15753449112;53692805790


THREAD; REPETITION; AVERAGE; MIN; MAX (nanoseconds)
21;1;35726468771;12356000204;59667010333
21;2;26411666646;13763536637;57388711694
21;3;33427966841;15836944220;58168680936
21;4;34704742666;15312930274;58142118622
21;5;30077702262;13443777770;58661052662
21;6;32782861522;15945001390;53706831734
21;7;36606367249;15176638860;54519500593
21;8;38356386005;15301372941;55047620997
21;9;31899056153;14569819348;57604088299
21;10;29296444260;15174327743;58004988344
21;11;23241814754;10412806376;59856644560
21;12;28876652891;14366130820;46250102457
21;13;32548547387;14853486337;59329066613
21;14;31594192032;13843380583;59841099358
21;15;32705123375;15156761404;59392619803
21;16;31434155194;14921477310;59645033307
21;17;25937107733;18502267257;48150978058
21;18;32664056007;14391700202;55988631935
21;19;30890288023;12767328879;58964438916
21;20;25779204166;13278605591;58509001982
21;21;27783204882;13840672138;58837357052
21;22;30835321794;14293988342;59832605121
21;23;26817893814;19053491156;48729753712
21;24;31244199635;15407980065;58694939162
21;25;32349743248;12158188331;58557030851


THREAD; REPETITION; AVERAGE; MIN; MAX (nanoseconds)
22;1;32728024328;14657665708;49620307958
22;2;36656875834;15481189858;59181022658
22;3;36290608519;26566485475;55198049333
22;4;28876007585;19313944999;57868411628
22;5;38137526640;16307728217;55318598943
22;6;29273164254;14510075931;58003200337
22;7;31341510263;11992851046;59694315968
22;8;29434285564;15167830410;57452818655
22;9;29553158813;14256506204;59587134608
22;10;33497408850;14360351526;57106131436
22;11;36361451927;13363713265;58240851701
22;12;35398334800;15299130197;59353967265
22;13;35414034337;6963920065;59895927206
22;14;31356363935;19341026513;56221104148
22;15;35887056633;15589673478;59356105804
22;16;30774675959;14591921249;52515302014
22;17;29715915480;15051067315;58912007393
22;18;40658467159;15519871171;59660339722
22;19;28948425951;13060898242;57100018368
22;20;31147076129;12175767661;57426778054
22;21;35821945374;15538563630;59037300621
22;22;33287877856;16849439733;59608579233
22;23;29983029569;12975580136;47774325159
22;24;33010179308;16001056001;59920675464
22;25;33246985063;11981285959;58727897261


THREAD; REPETITION; AVERAGE; MIN; MAX (nanoseconds)
23;1;28056576643;14322356613;59962774878
23;2;31452249767;14994030736;59880948975
23;3;31491077847;12308482432;56359072312
23;4;33195632185;14794549726;57525071762
23;5;31871558204;20710699195;56409352306
23;6;28088191037;12962045595;58943500012
23;7;35841209551;15125366981;57357896744
23;8;32577496702;15621779863;58586603744
23;9;37644626765;15096171302;55337640957
23;10;36238105398;15716363532;52186383466
23;11;38335966154;15603782603;59030913217
23;12;29898298608;13909673157;54365057361
23;13;29104257118;11351328521;57934761331
23;14;33852571534;15483167414;58780316773
23;15;26795754149;14427512994;58292986260
23;16;39467650008;15353080419;55558494445
23;17;37290919462;15701233816;56751542025
23;18;24105895674;12939577655;59283283490
23;19;29361203478;11538304170;43076643470
23;20;29751946462;14595637644;53253288407
23;21;36963467667;12837504976;51451490971
23;22;28017550194;10739382938;40885936969
23;23;24238983964;13160075513;53614161297
23;24;22426852201;16906293538;59541750069
23;25;29434120986;13567385170;57085593491


THREAD; REPETITION; AVERAGE; MIN; MAX (nanoseconds)
24;1;32408408912;18406876782;59950254920
24;2;32087885505;14095913796;58812415614
24;3;26837218583;11902692870;44453149073
24;4;28910503834;12822796263;59967488536
24;5;32569363992;12510757304;55611727678
24;6;31108111538;11746210692;59799259962
24;7;31983545192;11474220327;47356611245
24;8;33301769619;20317373646;56116543164
24;9;32820490544;14187591370;59897347638
24;10;33202976677;12837395256;59582395877
24;11;32467052806;14363408618;44778134582
24;12;29118989655;11809121829;58222088631
24;13;26917837065;11241528532;59262444808
24;14;36838117249;15610876872;58527313108
24;15;32132693100;11434281941;52899379880
24;16;34373869032;15710456217;53118067590
24;17;32356696632;15550159098;55876100944
24;18;32143887162;14224597889;56540659498
24;19;37811564818;15276516778;58005359061
24;20;33153334424;15919920269;58607543697
24;21;25793455192;6689015084;59095462482
24;22;31092249132;14282886513;47807718439
24;23;34317545048;14988497979;53915551558
24;24;35129390665;15318325932;59764010999
24;25;33348975850;12731922772;57589556145


THREAD; REPETITION; AVERAGE; MIN; MAX (nanoseconds)
25;1;37010376577;18735172347;54438381624
25;2;28082627941;12337925490;46441688120
25;3;37205796168;14542572311;56411404662
25;4;30029829522;12077168816;58015047094
25;5;30496038950;14363385990;59971518517
25;6;29752790485;12029655655;58575078537
25;7;36244143736;15462706503;58158794903
25;8;24145514143;12852059061;56265808085
25;9;31647003151;11672653298;59577980582
25;10;29102684603;11620959298;58683980576
25;11;28467210024;13507153912;59784743313
25;12;31330299758;11435997382;54509156960
25;13;38449113794;15516264777;54227170073
25;14;35224935354;15574039228;59258667093
25;15;29982494224;11398876533;54490969313
25;16;34563526027;15325441572;59133837192
25;17;36196216679;13161905773;59416126072
25;18;35253078966;12378209870;59860017125
25;19;24986574535;18749612102;53166982676
25;20;25140422554;13128420302;57684945223
25;21;30486134081;12774768861;59930668702
25;22;35748941433;12745305828;56385791839
25;23;33229362889;12209727913;58701742051
25;24;27019147059;12717262528;58957879354
25;25;27010733502;18609597239;59983346067


THREAD; REPETITION; AVERAGE; MIN; MAX (nanoseconds)
26;1;30972098396;11434255751;56416421500
26;2;28774389332;11730131134;44253768914
26;3;38820842843;12757064166;55833359617
26;4;30629668656;12508358883;59654006235
26;5;33847399272;14703482844;59463251055
26;6;32446333119;12411413043;59399671816
26;7;27553190885;14224778429;59035782830
26;8;25472026699;11756829150;59711718808
26;9;27607819705;12641804127;58943372901
26;10;33238396737;12994806812;57639358354
26;11;32449645416;12376074124;52331431090
26;12;34764482376;12513367970;54184109781
26;13;34921419084;12374189946;57168489431
26;14;25543831899;5185531122;57677397966
26;15;27441675898;11548899371;58974419724
26;16;28314104972;11980040759;55508100610
26;17;33259966353;14095193942;57431197121
26;18;29376057966;11906581982;56344042399
26;19;36245011966;14276373534;51584139255
26;20;28804849828;11347774229;59793588571
26;21;37269762869;14979816080;56137812348
26;22;31719225017;14085295687;55751881314
26;23;28299649828;12747422368;59731336594
26;24;30748905193;11548866826;59739790113
26;25;32332395917;14264432840;58364386675


THREAD; REPETITION; AVERAGE; MIN; MAX (nanoseconds)
27;1;39136520219;8222629692;56283920582
27;2;28598080215;12929969661;59287939878
27;3;32650097385;14901505708;49845200717
27;4;29199217890;14785484747;59025438359
27;5;28193659716;11426337425;54780496544
27;6;37673658659;15758236382;53256404306
27;7;33428236066;15544047916;56299264431
27;8;32858329090;12309603804;57361701907
27;9;32940588062;21768580364;56592751593
27;10;34849049558;15196301695;59129409814
27;11;25890026195;13804505950;59749325264
27;12;31872371055;14984633033;59095367079
27;13;34456635857;14842004710;58109630693
27;14;32881116155;12013140986;56864793569
27;15;31282159272;13678251566;59156983219
27;16;27375117283;14551780184;55550487213
27;17;30771664991;11854957892;58678706860
27;18;32945738525;14708780306;58156713423
27;19;26351990779;11860777418;55451021499
27;20;30053203160;13849449861;57471924504
27;21;29689876936;7578587572;57453012045
27;22;27379613060;6504585010;56140029599
27;23;31074334651;13895904158;59964695443
27;24;36326719767;21843530393;57611665380
27;25;28893102740;7697545289;59334022411


THREAD; REPETITION; AVERAGE; MIN; MAX (nanoseconds)
28;1;36213640122;14724370695;58753099485
28;2;31044695322;11482574322;59880455267
28;3;29655423202;14657689874;54545992856
28;4;27017135243;11829511432;58838234818
28;5;37876336401;15196283326;59762047271
28;6;33513180322;7564876472;51863696993
28;7;36342475431;12846591606;58565052123
28;8;29767322068;11564038236;59885158309
28;9;33846792545;7005475906;59165061062
28;10;33060284142;11894789282;52157758877
28;11;32000658731;12188573967;57907300369
28;12;32912411852;14385770049;54729984048
28;13;37464948050;15378631572;55037476831
28;14;29878444872;12532499661;59664286034
28;15;28225969323;14083992029;53895495098
28;16;27226717880;14530449820;59510252490
28;17;30483883683;11993284202;59551092947
28;18;27223911532;18829174378;57980291350
28;19;33424432231;13785770538;59153621270
28;20;29420582835;11466474440;42098212623
28;21;39325314275;15352755867;59845220761
28;22;29630671077;14217120891;58720129584
28;23;29246963858;13214325494;50275457984
28;24;38366605363;12231238677;59483945376
28;25;28614046730;19534059775;49747963847


THREAD; REPETITION; AVERAGE; MIN; MAX (nanoseconds)
29;1;24031159788;4393500571;59912829843
29;2;28403829603;816922821;59392337434
29;3;27166742951;12160913468;57992767306
29;4;26967863724;11332943363;57945781098
29;5;29417417162;12906257919;58890696304
29;6;32113698132;11809406363;56350647429
29;7;27664907585;11166898795;53842479840
29;8;32399947756;11957349398;58961225868
29;9;29856738000;14844360527;59316945030
29;10;35931230074;15035065002;52064964960
29;11;36985653977;15487080481;59036224367
29;12;26594629559;14081601433;55599731740
29;13;33185820964;13401838921;58932700315
29;14;32375019420;14346261257;55596291218
29;15;36520303778;16650207428;59249998812
29;16;29291277521;14116485755;52055851373
29;17;32455594404;11747556253;59923117603
29;18;28816188394;14294076482;57425394150
29;19;42470738016;17119237221;57765012382
29;20;33079767575;8014077347;56995380349
29;21;26172228477;6257959112;59498135867
29;22;24787512982;10496925447;59882857808
29;23;30018603313;15182141306;59147966292
29;24;31612953118;12901252324;57567933914
29;25;30280781239;11037561059;57130396321


THREAD; REPETITION; AVERAGE; MIN; MAX (nanoseconds)
30;1;32046385631;12749234539;58933165668
30;2;27513545343;13431512316;59548324228
30;3;28225306924;11925645508;57926458042
30;4;31863520460;11536658989;49463727443
30;5;39001878189;15341323967;55173195755
30;6;29521482905;13914191608;59400844730
30;7;33855792310;15037182449;57371988968
30;8;32300212724;15304353836;58292696069
30;9;24428324409;6421065387;59949299283
30;10;29535381378;11280945343;59669468466
30;11;31441992197;14114557856;55566753037
30;12;36007975420;15509381919;58359338478
30;13;32975283753;11248946863;58439798144
30;14;31347698895;13818464009;57070015323
30;15;31267750754;6104465860;59944672717
30;16;35531639537;14215013221;59029220264
30;17;36838996176;16736000176;57208317118
30;18;34050585332;11712770967;45459347697
30;19;24613430032;9953740698;59342481865
30;20;30287011876;11712499913;59922687381
30;21;36478038205;13025885483;56948988978
30;22;29343189497;13916882592;59394282513
30;23;36012435748;11517347666;58523821114
30;24;31086766554;14063801824;59735877744
30;25;28546089719;11207720604;59141893663


THREAD; REPETITION; AVERAGE; MIN; MAX (nanoseconds)
31;1;37333568772;14639260577;58897150615
31;2;28027860752;14424895762;59754543175
31;3;26126331977;10937038436;56471274981
31;4;40714785311;16831689014;56070860821
31;5;29783139079;14611183963;58613045303
31;6;28779293884;12938103376;59908179113
31;7;37112748329;15050590997;52886975999
31;8;27755076876;13935843801;56761514801
31;9;32459829869;7499596387;50971915146
31;10;32172982862;14483114474;54961270497
31;11;34591221565;15204726230;55013156490
31;12;27719921215;19230547597;59434767478
31;13;30959649818;14268928872;59878217693
31;14;30767270036;15326170295;58414098301
31;15;22231491392;10696271802;53152089861
31;16;27999830980;11138677402;55229719699
31;17;30136003350;6989517243;59629387045
31;18;28809195795;11437962297;55340648602
31;19;36000157261;15076489471;59979590841
31;20;37400240942;12362588820;59126253546
31;21;27180761873;4097184908;59704468724
31;22;29767462453;14292504983;58498950914
31;23;26475740637;11867288161;59522020746
31;24;32196440742;12292401828;58503156686
31;25;37773837560;5591557028;59947297701


THREAD; REPETITION; AVERAGE; MIN; MAX (nanoseconds)
32;1;32119891788;8746951568;59356053772
32;2;34872086225;11727303609;52973058797
32;3;36466891315;12489291516;59380507508
32;4;35679971084;14228846403;48914380878
32;5;23183714539;12491610457;59801858616
32;6;32056858963;7095429307;59858656757
32;7;36840283350;7656625633;47669762428
32;8;32146190432;11684994741;46768045031
32;9;33638884356;11939091701;58956391524
32;10;32961147261;12789512564;59917939989
32;11;27594880006;4761438884;53056400045
32;12;27302394243;5810454542;59804715962
32;13;28432974649;4592124069;59887794538
32;14;31935215656;12365820237;49150669777
32;15;27583588598;10809674204;58809056458
32;16;34269152029;7597653613;59407407087
32;17;28329308233;11582764220;56723578486
32;18;26992985684;12852173810;54316187392
32;19;39041508777;7634575833;57904739219
32;20;37806888716;12545032958;59442391561
32;21;31426887122;14692950920;53345191009
32;22;33592733017;14847986266;59318663824
32;23;32256678611;21064590402;57500471499
32;24;24422960049;12100842286;58281021960
32;25;30073076900;13121310041;58811786415


THREAD; REPETITION; AVERAGE; MIN; MAX (nanoseconds)
33;1;31392938324;7250986997;53979156289
33;2;31629843017;8026666936;49179285705
33;3;34107225453;12491654246;58988467808
33;4;31865161012;12467444116;59222218885
33;5;32157872631;11705955716;59220258301
33;6;29283495256;19120659190;59847756488
33;7;26981929723;11136318163;43138059865
33;8;30993773066;14947067085;49757297855
33;9;34652155101;13484920918;59501661873
33;10;38655089058;15022462841;59479287521
33;11;24780384959;10985600056;59707829068
33;12;29278230603;14568099856;58846366508
33;13;30230499043;14598555891;59435190437
33;14;34051169907;14416342580;59876987787
33;15;31756463284;13764392821;59542168138
33;16;28276845444;15021063711;54097307339
33;17;34287687303;15533940347;59767147360
33;18;31951964160;5990773757;59757609627
33;19;26843079932;11145556838;59314691532
33;20;24312834837;12513503253;50800193740
33;21;26851135042;6285652995;59272845990
33;22;30325514971;11450936222;56517977354
33;23;28521688267;12687775192;59368938371
33;24;27922719703;10994876444;59964623647
33;25;34733464898;20471986384;57194782717


THREAD; REPETITION; AVERAGE; MIN; MAX (nanoseconds)
34;1;39546031854;12839334538;57271989945
34;2;26697433137;12830839883;59966553570
34;3;38152477675;12386932907;59612219570
34;4;31911761704;15674479159;52663711100
34;5;27465837777;14247613802;59683740671
34;6;31840642744;11291738755;58285901979
34;7;30675199790;14592689574;57358371455
34;8;27169065286;3701891092;59183981204
34;9;33537152041;14273470861;59434232493
34;10;31427670953;11422439375;59779734924
34;11;30367312908;7577085077;59232763312
34;12;31191350248;15077612937;59301513460
34;13;33652220815;11161575354;59190886831
34;14;27321298669;11161067608;59722420168
34;15;32530653739;13579610049;59392550589
34;16;38014717363;12699201715;59720397425
34;17;23987362474;10391691053;59514095297
34;18;33656582493;15479087705;55600802127
34;19;40588645523;15820463774;59690688970
34;20;26622759967;10846391441;58727642759
34;21;34987530250;13228221674;58198632578
34;22;40089789467;12208396318;56870162828
34;23;26086129481;6953236864;59869377114
34;24;32129231092;12006738845;59379884873
34;25;26307245879;6874483628;59462118789


THREAD; REPETITION; AVERAGE; MIN; MAX (nanoseconds)
35;1;27685329149;5702130927;59123595597
35;2;30937709001;6737038298;59202712356
35;3;32045485315;15147150336;48361239347
35;4;29786065295;14366504192;57017499360
35;5;38823613994;7205893137;59577400130
35;6;26646182059;11065542129;57390522119
35;7;29238031683;6903544444;55438693395
35;8;24647713129;6368232205;59547916984
35;9;26786523434;19437582500;59866609862
35;10;35288543715;14870782669;59735104810
35;11;35393325276;2040152309;51701561302
35;12;25505112787;6298043606;59866023196
35;13;28779588568;11279743235;49181640613
35;14;36660786585;5705331474;58111259532
35;15;27125142655;10377958302;59082337070
35;16;32411663473;7061529957;59721847609
35;17;27796874553;4567387895;58958998141
35;18;32063202441;11859018813;54673454098
35;19;39258036393;7374016110;59983610836
35;20;28026684420;13234471421;58836206976
35;21;35259466079;14728503972;57858342960
35;22;29062201190;12819944155;57152742109
35;23;35192757096;13759657233;59700217625
35;24;27405047925;14516298370;58477523680
35;25;26638756450;6738330990;59536490042


THREAD; REPETITION; AVERAGE; MIN; MAX (nanoseconds)
36;1;32836170199;19667801215;59038871561
36;2;33241820100;13788594011;59339477853
36;3;30225381753;5603350985;50545301987
36;4;30675038825;6359332681;59128945578
36;5;26736645741;10917548600;58068810072
36;6;25953033167;5811600217;59555794870
36;7;27036128547;11119322498;59909742020
36;8;31299666218;6830955330;59977699820
36;9;28599735408;13634327267;58082468372
36;10;28308389551;11310956979;58086673237
36;11;33279439811;5303538509;59904462020
36;12;29352698958;11394473180;59307721652
36;13;29542031288;11547546057;59098816539
36;14;34224498315;13908658503;59954190756
36;15;29203443917;14868417774;49043964735
36;16;27393310247;11048321225;59949181111
36;17;22028478768;7190698398;56098965721
36;18;25906943044;14997351898;55927537089
36;19;29401662049;14584234169;59916514180
36;20;27300383424;15215327926;58457074433
36;21;28358663735;10586366494;57200119358
36;22;23686576298;6620134402;59504733213
36;23;32034838852;12706020178;55837857744
36;24;34370193855;14940880126;59490404088
36;25;38795089013;7731750823;59685338919


THREAD; REPETITION; AVERAGE; MIN; MAX (nanoseconds)
37;1;31846515925;7709141176;59360014331
37;2;32338934779;21383193325;57934812665
37;3;35170424038;14073710974;55750773143
37;4;32039824594;15050352210;59197411264
37;5;33917816262;14956779912;58601204413
37;6;35590112996;14930951560;58910257868
37;7;31112593301;14862985100;57358974185
37;8;31043610437;8485159217;49304917944
37;9;25392043187;4583032829;56242590538
37;10;28172065088;6636640830;57694711479
37;11;30982837449;13764858872;49155173703
37;12;28087761979;14119722130;57191283528
37;13;29818812020;14681097946;59516431627
37;14;30029926412;15413705722;58909117151
37;15;45594234180;15234479172;59549108336
37;16;27187667248;13271993437;59909528166
37;17;34980731827;7721923387;54033362131
37;18;40961851447;12464222408;58847187910
37;19;34006545699;7120909361;56954572229
37;20;36026311704;12194807650;59584085547
37;21;27671025547;6823141419;58557547258
37;22;30884594575;13780599419;59421945108
37;23;35528172025;4673564937;59695838717
37;24;22207084633;10401575060;59902249029
37;25;29614763013;7282491769;56698147809


THREAD; REPETITION; AVERAGE; MIN; MAX (nanoseconds)
38;1;35633884966;7189246329;55871119933
38;2;26594622586;10978358492;59563104389
38;3;27834586873;10626462651;56640258189
38;4;32655434544;4677946988;58054977448
38;5;30323449485;5501163555;58274094194
38;6;30085741806;5989712101;59639016691
38;7;30039001997;7302729467;57565821354
38;8;27439155802;5765913754;57908284084
38;9;28898574710;4855996083;59056612223
38;10;26731410904;6567952771;59747681759
38;11;34588488021;6667521640;56641757751
38;12;28511459390;11496876698;59724812442
38;13;37513930193;7088322887;59393373948
38;14;39750041161;3322260232;59899439453
38;15;31496581286;11595712234;55431681051
38;16;31056031314;6352157886;58992868158
38;17;27327701454;11947719613;51730377464
38;18;24768019749;7542091453;59894111193
38;19;28457436501;11826869127;59874710613
38;20;25184628393;5039848361;57653826813
38;21;28988183068;5048040953;59167150853
38;22;27481441749;11825882200;53114609608
38;23;36408423854;7823253653;57872629761
38;24;32875649091;6793517751;59889430849
38;25;32624606527;14105952642;57335737433


THREAD; REPETITION; AVERAGE; MIN; MAX (nanoseconds)
39;1;26519400108;6902472172;59460771900
39;2;28253785136;8150098615;57439173624
39;3;24167851461;5251438242;59926156397
39;4;22686153790;12256127734;57890828862
39;5;29042459155;7010320166;59542746215
39;6;34779096591;3982611058;59118946402
39;7;34638892364;4437774215;53874727725
39;8;32490630602;6997088596;59749721473
39;9;27306158054;18114144884;58673197221
39;10;35941874398;12280803077;59839550347
39;11;28753856737;5547426699;53308603957
39;12;28336797506;5113807202;57873310923
39;13;30802238114;11994698208;58431560156
39;14;26342584906;6290977834;58875826816
39;15;36027617396;12477669089;53449023899
39;16;26371860412;3808306852;59061198700
39;17;32077998567;7353855867;59620549889
39;18;31931260674;7511745976;51629369725
39;19;34137012176;9906106922;53393260107
39;20;30408804901;7133468290;49998694247
39;21;35549512284;14893263111;55855939512
39;22;31465955300;14879980067;59216337412
39;23;36367411807;7663444376;58469410428
39;24;31655146651;19407444522;58683274202
39;25;33476397071;15754531442;59590371542


THREAD; REPETITION; AVERAGE; MIN; MAX (nanoseconds)
40;1;33139020361;18477167838;59526165336
40;2;30382911827;4647928089;53981428506
40;3;25953484738;11231765140;57903421455
40;4;46142171585;13860953906;59929440614
40;5;24793247416;11090900589;59137254595
40;6;28346014664;7246657815;59750667682
40;7;33258380310;14619916497;56694504679
40;8;30109498182;12631759693;56928079337
40;9;36824001553;12583550562;53890320977
40;10;33056530774;5528899763;53656057823
40;11;31026795843;5318192048;57793212056
40;12;30618905607;7231802156;59853263334
40;13;33470093538;14803255302;59659990236
40;14;32527716980;20003569308;56681723864
40;15;31872518883;12406985106;56499662387
40;16;29195301143;14436827097;54009456439
40;17;30350507602;6848316476;56866358364
40;18;24461613195;7141875992;59914177151
40;19;32467741951;6199349289;59571539889
40;20;28453094811;5688923313;59558862998
40;21;30772810639;11032773789;58721878270
40;22;30733729075;7179630372;59808170731
40;23;25480558621;6697506876;59963113119
40;24;38068455366;15363649221;56950791162
40;25;30990410677;12887340500;51409130211


THREAD; REPETITION; AVERAGE; MIN; MAX (nanoseconds)
41;1;28341316853;4556124103;59699518654
41;2;37476283939;4416288243;55413965462
41;3;23746131060;12648288679;56132831547
41;4;28068852732;14762597900;58306269233
41;5;28720760353;6989575142;57956088065
41;6;33918753233;15070726866;59795870984
41;7;25066210328;5539635275;59510427722
41;8;31003371668;14803898330;59334313021
41;9;29731499469;7366902288;56477152403
41;10;31403770361;6313492427;59909654439
41;11;36514873481;5484115300;56929505915
41;12;32071060604;6983229153;59290947453
41;13;31603699348;11917676827;59576796073
41;14;34087979336;7648930451;57334585121
41;15;28947222283;6686138322;59435156284
41;16;32853060465;7244548678;58010116509
41;17;37779977521;12603970197;59796719066
41;18;36093744848;15175414752;59516566700
41;19;32262482107;11030217667;59371651006
41;20;32727578476;20377211560;58845572622
41;21;30144667711;3192260259;59637245865
41;22;32663098924;14374285069;59792918514
41;23;36595899732;15087784831;59565772605
41;24;37381321263;15395482457;59777749407
41;25;31781811267;13292113522;56605470038


THREAD; REPETITION; AVERAGE; MIN; MAX (nanoseconds)
42;1;39511237597;12520819965;59875761026
42;2;33919226847;7799315974;55036614430
42;3;28059710403;14840665574;59901779904
42;4;35892473614;20193876805;52646799174
42;5;31777409635;11234179553;59050288514
42;6;27986716626;4583918976;56801379784
42;7;26210506002;4455628089;59396655790
42;8;24769084724;4544987422;55256992648
42;9;25703377790;2063335284;57998113587
42;10;27853912633;5407762090;59525740702
42;11;32363984958;7339784666;59339554119
42;12;29421057974;11103371308;59962862040
42;13;35039952238;14858643835;58524505210
42;14;26334576743;10319087761;59859507982
42;15;27298336930;11892862361;59089567529
42;16;33928864926;6053661289;58262240243
42;17;35432743770;9451983702;59852989137
42;18;25616537460;6674976079;59474544879
42;19;34716296562;10824946537;59322607832
42;20;40644350979;8133812188;56180694823
42;21;31295953267;6343845587;57782772531
42;22;30053557645;6843818837;57146889619
42;23;34138881679;15229703845;55332618880
42;24;30822010182;3605566839;54444103301
42;25;29490931130;11799458101;59598326673


THREAD; REPETITION; AVERAGE; MIN; MAX (nanoseconds)
43;1;39671898676;12675343375;59989029332
43;2;33479345634;14886168842;52955150934
43;3;33402317347;10335383687;59693596114
43;4;32976022959;14940295414;58812377480
43;5;28663227108;11068549634;59857897093
43;6;33595668553;12339389364;58942408253
43;7;29767222886;13029428670;56771935330
43;8;30633498664;14338659522;55400256457
43;9;30430081180;7742599199;59458822141
43;10;34676867051;8067373716;59651648743
43;11;34314783693;5266501958;59730871382
43;12;37747022180;3250348927;59834702804
43;13;34000986409;5638456703;59523806308
43;14;27512465619;6794067332;57546404291
43;15;34929793212;7642999948;55468230949
43;16;29372452811;8425146492;49954504972
43;17;31098815547;13587393999;58816576199
43;18;36339968598;3477824277;59143129434
43;19;35340157734;12500502508;59286017357
43;20;31086585115;14269558421;58742205713
43;21;28636280263;5079457026;59421380860
43;22;33983225067;7393890844;56147250139
43;23;27717697482;6998308585;58868783742
43;24;29863640108;4529277743;59706234032
43;25;27546283758;4648163663;59143731815


THREAD; REPETITION; AVERAGE; MIN; MAX (nanoseconds)
44;1;33345088266;7073914072;59983159801
44;2;31322071665;14749809962;59349040381
44;3;21382714415;6649781466;59730164518
44;4;37364318617;7432457896;58315066859
44;5;28682615541;6791020926;59097341142
44;6;35182499892;12448389320;56175746498
44;7;23372988876;5402757264;57361598052
44;8;29134319144;5529633515;59124916505
44;9;33522080354;5519452053;56276887915
44;10;28389830831;7399066361;59771091856
44;11;36794930125;11553516997;59482492468
44;12;32734295916;11949832381;57989627034
44;13;21453222419;4231972918;59515725113
44;14;33158742742;5495165028;56804255848
44;15;27273566069;6906136465;59925179876
44;16;31653862298;7022868199;59301411841
44;17;32858674528;4675845812;59482654220
44;18;28757138444;5269325431;59640136246
44;19;38091283374;15284279636;59589021859
44;20;28867527906;4370022097;59849513206
44;21;36097449404;15316648904;59298396584
44;22;33207549983;8817895431;59469278847
44;23;27446931691;10822092403;59095928951
44;24;27115344897;4458832547;55947957980
44;25;38564254837;15367388313;59282123077


THREAD; REPETITION; AVERAGE; MIN; MAX (nanoseconds)
45;1;28158767500;12406982172;58910783214
45;2;36020085847;7782694728;59637022233
45;3;34435206430;7535917554;59800353746
45;4;27183672428;4987663586;56211209525
45;5;30647865204;11845500756;58486303218
45;6;26230712479;6243198787;59821341888
45;7;28100908192;7508379068;59890867345
45;8;34371131700;15848677975;59342720304
45;9;36622767063;6683908150;58511378052
45;10;33492839989;14489641002;54131897420
45;11;32819093324;15491580145;59137576075
45;12;35535727583;5688644507;57740340672
45;13;28818353339;11066043729;59558370547
45;14;34555137195;16665917596;59562185138
45;15;36248528992;12214141671;54503583206
45;16;28509243649;6254667283;59696259720
45;17;26435327974;6903948476;59744133752
45;18;26890365407;8520157170;58232198086
45;19;31150426632;12048648223;59417025138
45;20;31683391314;20288961656;59151906317
45;21;35264470453;14875123305;56351676051
45;22;25232365713;6793460342;58690917700
45;23;31294957214;14806874687;57947810057
45;24;30151728326;6993556165;59569845190
45;25;30974148557;7023711323;59116556923


THREAD; REPETITION; AVERAGE; MIN; MAX (nanoseconds)
46;1;31654397384;8755052179;59257038674
46;2;26955349823;7705251645;59541700691
46;3;33919594140;15588232233;58230102220
46;4;39151772651;15076963413;59944690456
46;5;34824328735;10841917060;44895976514
46;6;32169210262;14520758714;59887285815
46;7;30396252613;5261331119;59313150414
46;8;27785667787;12133086538;59014534320
46;9;33634444230;12113714034;57888157993
46;10;28976856894;8069332555;58915831970
46;11;29092653089;6942581459;58481309496
46;12;33093464231;4820193908;59597037263
46;13;33844424891;12234257008;48852829131
46;14;37481262188;22271404676;59020728892
46;15;33260589810;12456687442;59977325470
46;16;31648787091;7469681831;59091848615
46;17;32283475689;14264499189;59684782843
46;18;31175432187;14796530565;59687944417
46;19;32212353992;6864468808;59700717340
46;20;39299087167;4842559319;59817152250
46;21;32417633828;7857285633;59614569659
46;22;32604048646;5312984192;59956351715
46;23;34376279284;7510342166;57594674393
46;24;30344511854;6684923223;58785514081
46;25;28935450335;11306761544;56418544046


THREAD; REPETITION; AVERAGE; MIN; MAX (nanoseconds)
47;1;33046857651;14591200837;59270114707
47;2;29879609413;5603065962;59382263947
47;3;35155865112;11979349680;58809659468
47;4;31021867925;14242410279;56301858686
47;5;30025956667;4521427862;58862034421
47;6;29367501077;6990974691;59495370850
47;7;31715794039;14159762763;57617953608
47;8;32160033284;16010150452;59722537991
47;9;33466485440;14411523043;55613922160
47;10;30928615719;14914238751;59293221834
47;11;32896466112;12071185025;59970626644
47;12;26304778784;4295846120;59910489951
47;13;32904939998;14436472094;59632348385
47;14;32270288627;5455249341;57725220384
47;15;35338101449;9572465635;59773008720
47;16;28915984352;6900211060;59666700167
47;17;31870259874;7767604822;59737363757
47;18;28661182546;3100231104;59347582514
47;19;36136772312;7241460926;59516614890
47;20;26202596948;11223891375;53727210302
47;21;37582432866;7177144232;59702780381
47;22;21996054729;6442208088;59614486268
47;23;29457566081;6988155129;59728849407
47;24;31075820620;6934005859;59586666462
47;25;38015990198;12457622338;58638659313


THREAD; REPETITION; AVERAGE; MIN; MAX (nanoseconds)
48;1;26213281768;8218182339;58640687713
48;2;31622817444;14896056343;55899035143
48;3;31610361220;11758709556;59629671718
48;4;20060054442;5768373355;59588085916
48;5;29138257213;11464260681;59836492277
48;6;34465734228;7490080094;59404739289
48;7;34135740088;7384102100;59543025021
48;8;35643555127;3478344593;59387268424
48;9;32439057906;7588542678;58364926828
48;10;33982061059;7953937791;59741799307
48;11;30371813456;6328980359;59655895581
48;12;33470121663;11329755319;56822851019
48;13;28722105312;5156739404;58012650700
48;14;32748376075;8681101509;59945048254
48;15;31188573672;18952950166;59959118967
48;16;31657825210;7694148279;59950979175
48;17;27765082269;7353570565;57785097408
48;18;36142038790;7750585200;59927436867
48;19;34921131730;15765367596;59219082454
48;20;27849984476;4501458914;57405880007
48;21;32370557195;15215772256;58593485555
48;22;34297925141;12501490623;58959885963
48;23;34532141410;7218092383;59521846142
48;24;31425656866;7380896944;59116653932
48;25;34957392596;15650777264;59422467800


THREAD; REPETITION; AVERAGE; MIN; MAX (nanoseconds)
49;1;27518135897;6937815072;42385193509
49;2;25764038220;12396001447;58318071571
49;3;30107511512;8453032019;59283845154
49;4;35740942241;12216978485;59307468896
49;5;28853122036;11766536179;59138861783
49;6;29559720586;5505912832;59871367800
49;7;35813536769;15339637510;53653889321
49;8;32128877658;14779537902;53455343206
49;9;28159388277;7261006008;59258045715
49;10;31941879211;12849114832;59408719684
49;11;32971871547;15218992288;59651090572
49;12;34431863126;5680908258;54907889201
49;13;26288432160;4977011185;57003326890
49;14;25957159503;6692209135;59646499346
49;15;32468181205;15835743369;48861112166
49;16;34215327110;14414488364;58671011260
49;17;30066865728;14624509120;58992755364
49;18;31610916788;6711263442;59603967264
49;19;26742338417;8022849273;59757685195
49;20;26516649168;11187191808;56717078847
49;21;30893803203;15465214085;59839363173
49;22;31169037142;3128077242;59732600722
49;23;23369202268;6830383191;59068537692
49;24;32696329548;7891569460;56464471952
49;25;28137364885;6139336703;59794556920


THREAD; REPETITION; AVERAGE; MIN; MAX (nanoseconds)
50;1;32255067849;7928460671;59805807861
50;2;35820971661;7368142040;49837152976
50;3;28188305793;13150852064;56694334336
50;4;27583640605;6929899820;59522938390
50;5;23761347531;6150473244;59980624353
50;6;34427501601;15064886599;59618275507
50;7;29409529340;13747597739;59208648166
50;8;32783725901;7876108207;59698389041
50;9;31568826728;7971438828;59822957946
50;10;32617364870;12813634973;59234590430
50;11;33949842535;7082255985;59936062684
50;12;28204333294;13973215311;56093120145
50;13;37165329533;14802509118;59721117558
50;14;32003558369;12388406138;59751690298
50;15;31637027208;15110660992;59963664725
50;16;33829276582;12700318267;55621697729
50;17;31179480262;6191782056;59469397926
50;18;27832674475;14544845435;58143823237
50;19;33648653436;5648697530;59519328154
50;20;31724350848;7357561995;57496415955
50;21;32618819214;6057032040;59525053674
50;22;35290407709;6327212397;59418140365
50;23;33742716456;16598524534;59704042763
50;24;31687165301;11331498557;59881929547
50;25;33195692242;15477604556;57908205722


