THREAD; AVERAGE-REPETITIONS; MIN-REPETITIONS; MAX-REPETITIONS (nanoseconds)
1;1576737987;6016770;3024228425
2;511970405;3467611;623820242
3;389842518;2798992;490769240
4;320492006;2605342;411449997
5;244974761;2450727;349848148
6;235029358;2390575;328069687
7;207005202;2346868;294099364
8;181260729;2347211;279653344
9;163888717;2343582;269769336
10;156162051;2339853;268747363
11;153360954;2369150;256726639
12;153048520;2432443;253169271
13;154263718;2535565;255022113
14;154346319;2640539;251518438
15;153328986;2735004;262193158
16;151759133;2806920;259753513
17;151432560;2884824;257486742
18;150397451;2930160;255958086
19;149292225;3029094;248779400
20;147507357;3118379;251706800
21;145790437;3334711;254424182
22;143543361;3359264;242905933
23;142896245;3399007;252942664
24;142251947;3622940;246439206
25;141881004;3588053;249848475
26;141790785;3747735;249424572
27;141009899;3688289;240126809
28;140709290;3854934;246707447
29;140384862;4139760;246308606
30;141169093;3756854;238665796
31;141141328;4384121;238029135
32;141631691;4846898;253456847
33;141341906;4446509;250064122
34;142325043;4646716;245828754
35;141396527;4659530;248645604
36;140793506;5065417;247288965
37;151863739;4627537;255115373
38;158731805;4762189;273363617
39;159679998;4448308;274151033
40;158691099;4183439;260823540
41;161032142;5122874;271589143
42;159758977;4639690;271126065
43;159819131;4844632;271167450
44;158926216;5086442;262394326
45;158737052;4979035;261281897
46;158351187;4903262;269118295
47;159004855;4856016;271514793
48;157501785;4901673;268787466
49;158753694;4614879;261550744
50;157720570;4270651;268595545
THREAD; REPETITION; AVERAGE; MIN; MAX (nanoseconds)
1;1;1475221035;5952502;2666062097
1;2;1134639282;5898166;2255999366
1;3;1012726007;5812261;2005357035
1;4;1510218636;6102731;2880282131
1;5;1435337034;5803601;2785547814
1;6;2432478279;6588338;5410956979
1;7;1322373301;5862338;2737443376
1;8;1297394397;5932457;2428667191
1;9;1270260786;5810795;2457527633
1;10;1614053199;5906477;3438903059
1;11;1451904715;5939372;2326722042
1;12;1828793141;5873162;3412395779
1;13;2059568919;6225373;3546309796
1;14;1426398545;5901518;3092214374
1;15;995494763;5874630;1993243065
1;16;1632222633;5851512;2764941075
1;17;1761961506;6077797;2613164034
1;18;1607117039;5883639;3251930412
1;19;2198896161;7196586;4785865732
1;20;1434214973;5851651;2691085320
1;21;1470613665;5869392;3627222315
1;22;1284259938;5877283;2523210073
1;23;1890120347;6031562;2921937705
1;24;2014056386;5894045;3604970953
1;25;1858125010;6402070;3383751287


THREAD; REPETITION; AVERAGE; MIN; MAX (nanoseconds)
2;1;514302324;3495905;592814101
2;2;520269042;3570915;611277621
2;3;505766962;3614566;597049556
2;4;509346711;3200197;604620000
2;5;508307748;3538439;587955173
2;6;510773759;3653677;660951951
2;7;512164464;3610934;618704612
2;8;524006238;3565048;644093313
2;9;507105962;3483334;633431483
2;10;511251352;3580902;601182692
2;11;508765028;3471460;632068042
2;12;510873419;3192375;721682644
2;13;511398301;3544305;622653787
2;14;515631404;3617010;629658657
2;15;510828254;3308242;587019230
2;16;522029377;3551289;609379125
2;17;511155806;3538090;624991654
2;18;509023035;3509664;622801082
2;19;516096166;3501073;628887820
2;20;511494432;3543397;596946399
2;21;507734893;3136363;608184908
2;22;508517139;3600318;652618279
2;23;510249330;3085518;606803449
2;24;504678903;3656400;604511327
2;25;517490095;3120858;695219155


THREAD; REPETITION; AVERAGE; MIN; MAX (nanoseconds)
3;1;394807411;2844077;559042560
3;2;390518484;2839677;467377837
3;3;387562179;2789670;453578318
3;4;389097584;2700413;463523017
3;5;387762003;2757194;549739492
3;6;384666887;2640070;544860659
3;7;389641090;2775283;494680190
3;8;390628416;2864540;483405154
3;9;394732514;2983410;467551043
3;10;388955367;2786946;460845233
3;11;391135952;2666820;565134326
3;12;387582404;2801544;469338911
3;13;385808437;2815372;480156277
3;14;390343268;2846451;475430886
3;15;384578590;2856509;453069455
3;16;388405925;2814114;449018869
3;17;386250632;2800426;470397775
3;18;393193146;2759150;494102952
3;19;393074515;2784711;537661839
3;20;394320499;2702439;487630481
3;21;393047489;2998915;468356873
3;22;385944619;2841213;469829825
3;23;390656053;2694336;462211468
3;24;390687948;2831715;510371290
3;25;392661553;2779822;531916277


THREAD; REPETITION; AVERAGE; MIN; MAX (nanoseconds)
4;1;318796341;2651594;425819204
4;2;320096722;2801403;392206901
4;3;322923210;2785619;395154342
4;4;317183709;2498222;398085720
4;5;320715158;2253988;426674759
4;6;317702441;2636438;423503057
4;7;318881791;2510375;386336741
4;8;320490323;2737708;432703878
4;9;322589439;2847359;395465206
4;10;319190379;2613461;373857292
4;11;318685145;2480622;395976025
4;12;320891744;2654597;465794955
4;13;321507763;2415810;422141362
4;14;325264685;2492496;431120575
4;15;321329228;2768788;389545180
4;16;321854112;2712775;393352298
4;17;321170150;2649360;397260545
4;18;327955080;2621912;475180365
4;19;323061661;2430965;405199963
4;20;322073761;2472591;435397306
4;21;322934144;2491029;398720857
4;22;316422845;2833182;400860515
4;23;317465051;2659067;388644856
4;24;315998473;2623587;428173064
4;25;317116803;2490610;409074966


THREAD; REPETITION; AVERAGE; MIN; MAX (nanoseconds)
5;1;241915102;2451709;403864248
5;2;241773709;2487467;361701626
5;3;243988868;2482508;327727407
5;4;243919480;2439206;352785689
5;5;242611895;2410013;323899615
5;6;242295950;2488235;386717725
5;7;240874848;2439277;345496844
5;8;249495090;2660673;354821632
5;9;241465273;2592089;319027907
5;10;242567081;2445772;322569489
5;11;241016399;2484604;321764498
5;12;239396747;2266349;383975757
5;13;240197696;2419302;369504714
5;14;245785902;2451429;367353253
5;15;243550580;2367200;319048511
5;16;243533095;2387943;329479654
5;17;250236460;2435574;328739058
5;18;245130415;2441861;343013148
5;19;243782940;2370134;343012101
5;20;252950381;2376769;377550638
5;21;248870078;2447588;416763723
5;22;243576415;2512330;321392314
5;23;260440450;2429080;344578292
5;24;244471236;2470775;325999115
5;25;250522952;2510305;355416749


THREAD; REPETITION; AVERAGE; MIN; MAX (nanoseconds)
6;1;237833027;2455340;403330241
6;2;235576626;2371181;354644794
6;3;233454100;2337379;309654858
6;4;233885048;2403099;303554432
6;5;233622873;2305252;311382801
6;6;233800509;2444515;390992151
6;7;233663906;2236458;315078453
6;8;236713109;2571486;315762897
6;9;233968400;2445911;312684783
6;10;233649495;2437810;308328363
6;11;233578079;2395346;315421583
6;12;235746487;2415601;419894428
6;13;235200137;2288909;308721779
6;14;235550071;2276547;341913148
6;15;235858602;2391854;311078014
6;16;236098272;2409594;310413264
6;17;239098118;2347296;305634585
6;18;236264334;2427823;327816734
6;19;233905046;2368737;345507599
6;20;234177415;2436133;337673713
6;21;236078081;2409245;317084504
6;22;233828311;2541315;312370077
6;23;235371741;2321734;300882305
6;24;234053635;2284788;303685384
6;25;234758532;2441023;318231298


THREAD; REPETITION; AVERAGE; MIN; MAX (nanoseconds)
7;1;207509708;2416508;333568652
7;2;208079087;2402819;321165679
7;3;207736856;2270680;284393896
7;4;210107788;2392692;298152488
7;5;204662762;2371949;302543619
7;6;207306941;2334305;297141047
7;7;207040355;2294705;321739914
7;8;205391821;2279899;284729903
7;9;210399612;2425518;291747764
7;10;208404571;2470915;288667205
7;11;207800656;2410013;280134277
7;12;205509651;2400515;288113573
7;13;206426331;2239600;309209760
7;14;203971371;2405264;284899686
7;15;205850158;2379912;287035573
7;16;210091326;2342547;283057553
7;17;207892336;2390528;300700438
7;18;200611411;2282971;281379338
7;19;203134604;2336889;282013077
7;20;206604748;2332071;289138634
7;21;209420409;2341639;305812261
7;22;209551108;2268864;281856074
7;23;208191391;2190642;288974996
7;24;207625301;2279969;284532811
7;25;205809755;2410293;281775896


THREAD; REPETITION; AVERAGE; MIN; MAX (nanoseconds)
8;1;178440968;2396184;280461134
8;2;179238878;2381308;323588612
8;3;182938842;2370343;259528585
8;4;187958538;2380191;291977611
8;5;184182148;2328439;271772041
8;6;187429659;2455549;315153742
8;7;178449307;2311886;267221532
8;8;177457369;2376000;258470141
8;9;180659898;2396953;288953135
8;10;178929515;2366293;263063671
8;11;180869615;2388990;259492966
8;12;180284956;2193854;272334961
8;13;178210608;2364337;301433841
8;14;178709516;2305879;254407264
8;15;178510784;2351137;285832836
8;16;177977657;2214528;262759652
8;17;185392945;2331163;261989163
8;18;180570942;2281505;266406625
8;19;181650684;2410502;292952457
8;20;182196780;2321664;293653174
8;21;178629405;2351207;292725892
8;22;183384588;2345200;331336455
8;23;185533323;2333956;262466668
8;24;180363273;2359518;269828428
8;25;183548040;2363708;263523017


THREAD; REPETITION; AVERAGE; MIN; MAX (nanoseconds)
9;1;163328903;2393041;306227537
9;2;164265440;2391645;322717762
9;3;163372088;2377537;260605678
9;4;166096333;2392553;246714247
9;5;166810350;2417346;258320890
9;6;163699446;2275988;250430292
9;7;159439836;2339054;259114287
9;8;165318534;2329067;305751080
9;9;161293471;2316286;267725158
9;10;158657208;2288070;253184763
9;11;163914863;2296731;246807905
9;12;157858833;2245118;249290902
9;13;161652767;2489073;271700384
9;14;165463968;2407080;250080178
9;15;163057230;2350578;298334705
9;16;167888946;2325505;312493767
9;17;166138183;2321105;254297054
9;18;166028202;2346947;260752344
9;19;166875679;2392343;289828037
9;20;162940628;2343663;267623120
9;21;164444692;2361613;272383222
9;22;167597217;2290096;273935933
9;23;166099473;2311607;257711315
9;24;164255357;2318800;255834192
9;25;160720288;2268724;252368667


THREAD; REPETITION; AVERAGE; MIN; MAX (nanoseconds)
10;1;152999279;2431943;262894166
10;2;154592043;2340451;251425600
10;3;156000424;2224654;291796234
10;4;156505606;2184705;236834849
10;5;156839961;2409314;233756315
10;6;157850110;2307136;259556522
10;7;155151052;2398070;293619929
10;8;152275128;2406452;259362154
10;9;156813093;2318661;329056416
10;10;159089622;2361543;242499256
10;11;155208663;2264325;234094487
10;12;157072607;2279200;243431218
10;13;155251842;2208102;255288102
10;14;156083341;2321525;282770016
10;15;156766017;2303785;272854162
10;16;156018003;2316426;350185219
10;17;159217937;2452406;232784823
10;18;158786322;2218508;240551593
10;19;152717225;2438648;251995994
10;20;151614437;2428032;319967481
10;21;156374500;2323549;291929212
10;22;157391809;2379563;338213935
10;23;159789454;2380610;252147479
10;24;156588383;2384940;233734595
10;25;157054440;2413784;257934318


THREAD; REPETITION; AVERAGE; MIN; MAX (nanoseconds)
11;1;152067927;2470985;300338660
11;2;151515880;2439626;237590532
11;3;153247752;2498432;239499363
11;4;155309661;2357003;330060804
11;5;150112284;2452407;235297293
11;6;152857577;2442629;246851485
11;7;152036699;2337867;236164373
11;8;151787325;2362451;265516427
11;9;154319492;2316775;288003364
11;10;151970733;2385708;233591350
11;11;154117889;2357213;235969237
11;12;156380764;2302597;246309238
11;13;153441421;2269911;235835980
11;14;152598661;2389130;271547291
11;15;153320389;2389898;266660777
11;16;153302350;2323759;273169356
11;17;155645512;2380470;262608865
11;18;154481332;2441023;236989408
11;19;153180898;2100966;230712492
11;20;151732554;2342127;316220148
11;21;151331957;2404705;254337004
11;22;152282030;2387314;249653378
11;23;155803953;2419092;254278057
11;24;157328239;2391645;232996373
11;25;153850572;2265022;237964741


THREAD; REPETITION; AVERAGE; MIN; MAX (nanoseconds)
12;1;152601463;2366432;243927929
12;2;153091862;2440882;243615808
12;3;148297190;2454712;283178099
12;4;153284967;2418603;255653931
12;5;156763916;2376908;236265852
12;6;153815289;2377886;237910265
12;7;152501550;2416159;238384488
12;8;156025185;2523086;259207944
12;9;151570352;2527207;264427253
12;10;152731534;2416788;274374326
12;11;154752701;2490330;261126205
12;12;152747034;2442210;237701999
12;13;154763933;2489562;242053180
12;14;150402784;2446121;251447321
12;15;152434294;2549417;265322129
12;16;153310024;2520292;290792545
12;17;154232625;2425937;259356985
12;18;156681760;2260623;236702291
12;19;151758260;2423073;234683947
12;20;154741276;2362032;260801163
12;21;152399519;2536705;250838165
12;22;152638787;2451917;255407321
12;23;150758291;2450521;253792382
12;24;149817077;2130648;261674668
12;25;154091348;2513029;230585592


THREAD; REPETITION; AVERAGE; MIN; MAX (nanoseconds)
13;1;153437149;2573861;244664545
13;2;155340548;2594883;230877039
13;3;147134100;2565480;328488048
13;4;154464735;2540965;251975879
13;5;154166868;2466026;269738263
13;6;155644917;2476712;228695407
13;7;155783396;2406870;238694163
13;8;157817569;2550045;242350983
13;9;156979176;2486699;266456561
13;10;155598157;2544877;257967632
13;11;152195064;2517848;238761700
13;12;156844849;2606825;250645473
13;13;156899789;2614439;240942774
13;14;153349230;2500946;234348918
13;15;151876112;2561708;277165394
13;16;151817703;2573302;242289243
13;17;151868612;2557937;252526648
13;18;156794868;2614298;296920768
13;19;154633950;2593626;242140831
13;20;155363091;2492565;246492082
13;21;154288259;2475803;251630095
13;22;151558601;2620166;298781409
13;23;151136910;2563664;241073656
13;24;153942750;2354350;262083310
13;25;157656547;2535239;239842005


THREAD; REPETITION; AVERAGE; MIN; MAX (nanoseconds)
14;1;157125898;2730096;256411429
14;2;152507593;2661442;238118392
14;3;156244555;2789041;269770670
14;4;154714071;2739385;284598602
14;5;155067020;2514146;267788225
14;6;159385504;2691822;239946488
14;7;156593200;2578749;240366164
14;8;154253089;2648730;242636215
14;9;151094021;2712705;227995527
14;10;151722623;2664724;247567009
14;11;151030808;2708654;298282463
14;12;158786539;2445423;288881478
14;13;157202064;2455689;245942431
14;14;152195017;2505067;237761154
14;15;152183215;2589016;238324703
14;16;150921506;2475873;235477344
14;17;154787154;2764108;254926045
14;18;154924923;2638185;257842198
14;19;157392149;2743645;234492094
14;20;155982888;2481251;256172922
14;21;154286893;2699086;238683758
14;22;151142266;2758102;238338881
14;23;150276398;2642375;240887669
14;24;152447172;2688540;260262128
14;25;156391414;2687632;246486984


THREAD; REPETITION; AVERAGE; MIN; MAX (nanoseconds)
15;1;155073320;2847988;239632690
15;2;152321676;2792184;246590628
15;3;152849943;2779543;289081364
15;4;149239849;2801124;248885892
15;5;150937543;2872502;281612118
15;6;153521952;2585873;251547753
15;7;153728905;2728839;234092112
15;8;153762442;2847568;242863898
15;9;154557897;2675340;311451735
15;10;150404447;2579028;242195167
15;11;152968767;2690915;297578044
15;12;155613008;2508559;361867570
15;13;153869263;2678832;241954564
15;14;153337136;2677715;226846429
15;15;154251999;2599004;261481418
15;16;150657497;2720109;274496758
15;17;150610062;2691823;252699016
15;18;152246121;2882838;259351608
15;19;157110753;2861816;252374603
15;20;157443878;2763271;232115325
15;21;152101206;2875016;246016533
15;22;151739077;2742178;239031707
15;23;152481349;2524552;260126287
15;24;156780883;2693708;324117660
15;25;155615699;2954775;236818087


THREAD; REPETITION; AVERAGE; MIN; MAX (nanoseconds)
16;1;155971837;2942832;237879046
16;2;149699367;2777309;252776680
16;3;149401944;2549835;251804978
16;4;147575826;2806292;308640763
16;5;150856908;2950096;319983616
16;6;153949412;2549486;305905849
16;7;157493478;2901556;235802874
16;8;151467034;2787366;237966069
16;9;153880548;2788133;236201947
16;10;147220509;2805524;236223179
16;11;147530923;2657042;246799873
16;12;154259643;2759568;257974128
16;13;153827454;2919016;247159695
16;14;154568980;2756426;247359092
16;15;147629229;2845753;230804823
16;16;147851996;2833041;296856793
16;17;147782014;2953029;256199392
16;18;154836994;2947651;286017357
16;19;155155443;2765016;239087929
16;20;157573290;2965949;231678886
16;21;152630876;2866844;244673834
16;22;150772153;2662699;290838920
16;23;149431834;2955543;284994672
16;24;148680535;2845264;265451335
16;25;153930110;2581752;244756108


THREAD; REPETITION; AVERAGE; MIN; MAX (nanoseconds)
17;1;152431007;3055486;230858391
17;2;147727425;2750489;241019739
17;3;148406705;2808387;263924186
17;4;148809133;2852109;239956405
17;5;150499862;2858115;305149467
17;6;157061413;3002826;257858262
17;7;153155661;2768997;243946647
17;8;152340890;2676318;235350233
17;9;148745610;2950794;245515142
17;10;146575332;2831016;240619687
17;11;148744690;3014140;252942902
17;12;151100178;2932566;251578483
17;13;155002351;2842470;232541775
17;14;153174879;2908051;242887783
17;15;148851112;3047874;233206245
17;16;151652953;2965531;308058287
17;17;150831654;2999334;289447123
17;18;151259784;3034743;231086283
17;19;154268608;2968394;264628186
17;20;153363953;2988509;224313775
17;21;154425153;2682533;263892618
17;22;149778369;2931518;263276268
17;23;152315212;2922229;319118002
17;24;151014078;2650128;267579818
17;25;154278008;2678064;288412843


THREAD; REPETITION; AVERAGE; MIN; MAX (nanoseconds)
18;1;152713488;2996750;233184385
18;2;149204749;2653410;222216231
18;3;148321884;3010508;250375467
18;4;143587863;3058560;271546942
18;5;149200975;2719130;247164863
18;6;150947964;2845054;247796089
18;7;151904928;3113524;238832030
18;8;152788420;3118204;248017625
18;9;150125679;3144953;247213333
18;10;147403113;2909239;325196848
18;11;150416356;3165346;239299897
18;12;150538498;3097880;253459937
18;13;154603943;3056533;253906362
18;14;155561738;2923277;234154061
18;15;150344199;3292248;253903290
18;16;150650773;2502972;260395036
18;17;146708925;2788763;263638605
18;18;149395806;3072109;235130722
18;19;149908686;3117436;256919106
18;20;151812486;3135873;222158054
18;21;150717832;2835905;248174628
18;22;153528515;2991651;228293610
18;23;147379636;2757194;293898177
18;24;149475825;2605219;290477909
18;25;152693997;2342267;333598963


THREAD; REPETITION; AVERAGE; MIN; MAX (nanoseconds)
19;1;153127303;3291130;236522100
19;2;150016677;2868102;248737968
19;3;151492878;2680508;252304343
19;4;146533731;2962317;249032209
19;5;147521913;2847220;228536169
19;6;148233394;2978730;276347413
19;7;149397128;3281771;235484678
19;8;151094405;3131054;242603250
19;9;152296775;2898414;235919928
19;10;150175076;3423061;245600629
19;11;147501253;3218635;258717868
19;12;147456217;2909797;274377330
19;13;151210311;2951283;258467906
19;14;154567628;2983479;236734697
19;15;151993027;3070223;226009451
19;16;148267856;3165207;230194410
19;17;145315772;3241404;222088771
19;18;143521492;2847778;267799120
19;19;147560118;3159410;242771917
19;20;151325074;3101930;248852578
19;21;149234188;2582870;220864034
19;22;149886127;3106471;230915452
19;23;147459518;2707886;227984423
19;24;148533888;3240636;326719457
19;25;148583879;3078044;295898920


THREAD; REPETITION; AVERAGE; MIN; MAX (nanoseconds)
20;1;148121242;2410572;244368558
20;2;147553189;3409791;218039862
20;3;149477972;3350845;231768912
20;4;143210441;3190280;222884263
20;5;143115920;3211581;281562112
20;6;142561361;3111429;241527834
20;7;146813686;3396172;325279401
20;8;148038800;3306496;231726867
20;9;148818391;2820679;228521502
20;10;148484489;2683931;240422107
20;11;148948412;3590052;268220821
20;12;145343850;3184623;264288478
20;13;146527253;3154730;248972775
20;14;148624120;2744622;244538622
20;15;151869987;3366071;230331369
20;16;148586429;3119600;227365838
20;17;143372956;3192794;263960224
20;18;142499758;2415950;242641732
20;19;149842162;3010160;346502837
20;20;151878179;3309779;251246807
20;21;151602326;3288896;263010662
20;22;150163850;3585442;227429464
20;23;150832287;3194610;245827472
20;24;145987711;3405531;268199869
20;25;145409171;2504858;234031630


THREAD; REPETITION; AVERAGE; MIN; MAX (nanoseconds)
21;1;147318901;3793848;280058429
21;2;148941818;3492692;229068429
21;3;147495654;3350217;237638093
21;4;145538592;3217658;255631373
21;5;146613074;3380248;252294915
21;6;143973456;3463638;236145585
21;7;141708042;3180502;232311439
21;8;149807721;3689785;274839191
21;9;145298851;3357271;223272302
21;10;145055964;3366978;246870902
21;11;147175308;3349378;245883275
21;12;143597880;3579366;252223327
21;13;147577275;3639220;241990952
21;14;147390313;2766413;236771014
21;15;148341560;3421943;228796537
21;16;146303967;3520560;240244151
21;17;140981616;3391144;280029725
21;18;139386383;3450858;265389456
21;19;141172615;2925302;233753731
21;20;146924959;2951632;298911314
21;21;149218486;3558064;237197255
21;22;148924252;2785759;250582826
21;23;143664425;3137620;243277079
21;24;145879354;3081397;377407604
21;25;146470479;3516299;260015659


THREAD; REPETITION; AVERAGE; MIN; MAX (nanoseconds)
22;1;146744418;3583207;285356100
22;2;142021056;3273391;224465261
22;3;146484778;2678972;228433433
22;4;144233493;3677841;220254389
22;5;141931154;3628045;233451598
22;6;139606773;3522864;285589858
22;7;141149039;3327798;238314018
22;8;145548519;3527962;248894972
22;9;143431496;3251740;222807997
22;10;149985470;3729455;232026696
22;11;141705196;2721714;221028511
22;12;140529499;3412515;260085430
22;13;140992522;3371798;285298342
22;14;145338257;3331918;273378879
22;15;149499844;3627137;269142028
22;16;150065726;3824578;234286760
22;17;142986287;3398686;227880010
22;18;140110283;3470413;241464838
22;19;141742351;2566527;219905882
22;20;139743019;3259772;212390750
22;21;143614146;2753003;236279052
22;22;145920973;3482635;234076188
22;23;147773075;3509594;227997204
22;24;138044332;3501981;250291447
22;25;139382330;3548076;259548700


THREAD; REPETITION; AVERAGE; MIN; MAX (nanoseconds)
23;1;140868132;3610654;255207296
23;2;150443742;3736648;256616972
23;3;146490287;3767937;230156557
23;4;147283556;3641524;234050696
23;5;142654377;2780033;217855062
23;6;142895665;2644749;329084213
23;7;142130197;3083143;230772486
23;8;146412656;2799727;305211836
23;9;144190918;3684407;235427687
23;10;148701060;3413143;237052265
23;11;143409160;3755645;229229343
23;12;140999520;3618476;221475285
23;13;136155784;3060864;285840309
23;14;138141769;3441988;234034632
23;15;143513362;3761581;343621326
23;16;140726449;3937860;218272364
23;17;144885423;3723238;245737378
23;18;139011116;3642502;242560088
23;19;138823660;2809645;247017009
23;20;138236208;3555340;318631488
23;21;144118960;3711645;273594549
23;22;143650737;3239518;231741465
23;23;145662423;3515461;216915488
23;24;142967309;3630838;247274025
23;25;140033660;2408616;236186792


THREAD; REPETITION; AVERAGE; MIN; MAX (nanoseconds)
24;1;137973474;3916699;221248511
24;2;137450528;3846299;223562282
24;3;140534238;3629651;242881777
24;4;143871121;3710527;229246734
24;5;149089827;3390864;248238673
24;6;141396389;2958407;236311319
24;7;139200038;3581949;298036203
24;8;137999393;3667645;221061126
24;9;141914954;3395892;351220756
24;10;147169887;3705359;264996040
24;11;143940162;4071468;227612936
24;12;143804567;3560509;233691643
24;13;137888115;3719467;257407855
24;14;138465566;3340090;225273603
24;15;142323989;3768635;255369467
24;16;144869168;3423200;227882175
24;17;144740878;3726242;229628277
24;18;140400096;3407137;225329896
24;19;140025296;3735949;296919999
24;20;139944200;3724007;264161856
24;21;141011312;3585023;220873882
24;22;149522423;3816267;248509238
24;23;146001630;3792102;225778067
24;24;143759881;3808654;237034037
24;25;143001563;3291480;248703816


THREAD; REPETITION; AVERAGE; MIN; MAX (nanoseconds)
25;1;137918545;3574476;244233974
25;2;140270098;3194401;236330665
25;3;145546581;4069861;239348227
25;4;143131483;2831017;228070258
25;5;143808218;4095842;231361108
25;6;140037133;3948057;243179370
25;7;138751079;3236724;250548463
25;8;139030591;3513016;276878277
25;9;146279536;3275416;305154007
25;10;144421943;3105003;228105947
25;11;145591340;3859289;236440944
25;12;146466813;3979696;244259675
25;13;135775603;3692298;239171180
25;14;139239545;3282540;271629075
25;15;141888274;4166801;234432448
25;16;143989985;3797829;230971324
25;17;143836020;3461613;240557529
25;18;140028114;3960350;230720804
25;19;136108917;3361182;218426365
25;20;138214905;2813486;309295665
25;21;137708452;3692298;221117419
25;22;144576043;3579924;332575649
25;23;145918882;3558273;231781833
25;24;144071714;3744820;218314827
25;25;144415293;3907130;303306845


THREAD; REPETITION; AVERAGE; MIN; MAX (nanoseconds)
26;1;140636963;4179791;244454323
26;2;140504253;2984737;247318933
26;3;140197225;4067696;245233822
26;4;144008910;3915860;228054683
26;5;142602465;4127899;252118915
26;6;139391020;3034114;222609717
26;7;135684832;3609467;256109016
26;8;137023457;3692787;248081949
26;9;139387440;2780032;248122318
26;10;143220654;4076077;231187553
26;11;144377880;3747403;251141835
26;12;139637255;2545156;243946717
26;13;139765114;4076146;254279944
26;14;140293154;3892673;248347556
26;15;142583522;4065950;283811769
26;16;145295449;4264159;247414964
26;17;144488242;3938978;222372606
26;18;144715106;3810750;225035444
26;19;138323387;2761873;279301909
26;20;139334535;3702286;245413104
26;21;144582541;3867321;339959757
26;22;141701339;4105131;266070688
26;23;149830357;3972222;233377148
26;24;144710724;4333092;240897516
26;25;142473801;4141797;230952118


THREAD; REPETITION; AVERAGE; MIN; MAX (nanoseconds)
27;1;139070436;3648159;262677589
27;2;140825044;4295168;213005284
27;3;143426505;2713892;282655128
27;4;147862276;3305518;228491819
27;5;141064221;4069582;235527281
27;6;141193505;3716813;255303607
27;7;137004221;4018737;239492659
27;8;136316390;4046534;213402751
27;9;137278551;3746915;248520412
27;10;143988013;2758451;256571645
27;11;143458178;3842876;222084162
27;12;141789981;3983258;231305655
27;13;137810813;4207099;221974860
27;14;137065376;2805943;240192538
27;15;137694050;3881569;237764716
27;16;138467332;3929270;222885590
27;17;147849885;4547784;229961630
27;18;148159408;2754889;229983280
27;19;139993821;3824229;242343231
27;20;136246275;4174622;249886578
27;21;138973447;4212687;261721881
27;22;141280054;4271144;263151602
27;23;145163044;2591600;230841140
27;24;143389381;2883537;221754162
27;25;139877285;3976972;261671036


THREAD; REPETITION; AVERAGE; MIN; MAX (nanoseconds)
28;1;137832500;3675467;239536031
28;2;140270551;2676806;244147929
28;3;145666379;4354953;290689389
28;4;139962460;3735041;218867132
28;5;142657140;4041506;241453383
28;6;140235744;3949315;220415234
28;7;138888009;4250819;226616721
28;8;134843988;3644947;209883658
28;9;139464144;4550788;275045082
28;10;144064531;3855448;235386550
28;11;145933833;2875924;229214747
28;12;143106163;2428242;225934581
28;13;139837420;4195226;235854627
28;14;135201069;4181747;240832774
28;15;137119061;4100102;221256892
28;16;144474919;3773245;256268045
28;17;143682953;4431429;228461369
28;18;140658046;4186146;223592314
28;19;141058334;4286718;230781356
28;20;138138203;4386242;354581937
28;21;134805223;4241251;228897388
28;22;140336782;4031448;374083369
28;23;144157370;2543131;239667122
28;24;143254481;4218693;247251955
28;25;142082948;3758718;228966601


THREAD; REPETITION; AVERAGE; MIN; MAX (nanoseconds)
29;1;140830247;3993594;253778902
29;2;136885471;3710039;226619514
29;3;138301913;4019087;247812083
29;4;144865812;4582356;261742764
29;5;142231740;3286102;222867502
29;6;140938319;4713727;231174283
29;7;138915292;4194737;261078084
29;8;140483142;4245860;261382243
29;9;135934067;4270235;231796220
29;10;140820773;4516845;361735710
29;11;143569553;3769055;231911947
29;12;143936425;4386591;239349833
29;13;137897214;4543525;246251828
29;14;135665207;3908318;222193463
29;15;134115436;2519873;225643063
29;16;136438795;3938768;230890099
29;17;146910958;4709187;326671616
29;18;146527144;4700527;236583001
29;19;139731594;4367315;253131893
29;20;139760062;4409708;228227121
29;21;136401160;4160026;233947262
29;22;138271131;3931226;229140087
29;23;143389886;4612807;248054222
29;24;146166595;4545829;223080028
29;25;140633614;3458679;222652390


THREAD; REPETITION; AVERAGE; MIN; MAX (nanoseconds)
30;1;137075597;4061061;239230265
30;2;133364203;3005270;223010117
30;3;138865106;3842947;239700088
30;4;143056404;3253766;238968850
30;5;149148795;2617023;228852131
30;6;145273198;4808851;224162219
30;7;140738178;3930876;234841300
30;8;139321403;2709073;276212899
30;9;136214030;4309486;229765375
30;10;137126362;2830737;230399813
30;11;144397214;4850547;231231693
30;12;143476674;4559518;223853940
30;13;143239068;2708794;241188125
30;14;136620890;3015607;219106130
30;15;140046423;2686375;250352489
30;16;136556515;3625112;214164300
30;17;144255263;4643607;247725339
30;18;147151100;3877937;226677134
30;19;141090552;4836019;235389903
30;20;139561426;4069651;228118867
30;21;136346197;4452730;229692601
30;22;139466409;3485429;291530139
30;23;145974900;3900985;292326469
30;24;148629084;3220940;242365649
30;25;142232345;4619023;227779089


THREAD; REPETITION; AVERAGE; MIN; MAX (nanoseconds)
31;1;141229386;3388420;233578011
31;2;136381138;2894851;238930926
31;3;134867517;4875340;244030177
31;4;141393491;4889588;243925974
31;5;142305522;3050527;226106041
31;6;144639434;5226922;224986067
31;7;143128273;4624471;238579484
31;8;140314308;3553874;256679201
31;9;137701121;5061398;257373074
31;10;139111892;5021797;233112099
31;11;144936913;5087868;253738813
31;12;142405835;5235931;220085793
31;13;143254141;2597536;244170209
31;14;145267700;3186858;227484569
31;15;136011198;4997283;215793488
31;16;137952175;2679530;230713890
31;17;142522910;4941270;227280003
31;18;145700233;3790565;242338621
31;19;141328439;5082419;228536309
31;20;140184579;5022984;228322035
31;21;137841590;5107004;226971514
31;22;137958007;4975702;270638028
31;23;139287502;4067137;267082129
31;24;145744692;4925695;238772875
31;25;147065204;5318064;231499045


THREAD; REPETITION; AVERAGE; MIN; MAX (nanoseconds)
32;1;142526601;5451461;259121480
32;2;140194060;5124464;248465308
32;3;139307906;3172679;298457067
32;4;140475485;4425353;244410533
32;5;149997167;3203061;238151916
32;6;143305628;5578223;221846771
32;7;144331640;4898178;241694126
32;8;138441597;5075854;232837274
32;9;138261053;5167975;256397880
32;10;136447927;5486801;265627544
32;11;139939306;5303398;301573943
32;12;144000510;5722375;236789243
32;13;149861835;5636960;245236545
32;14;141032487;5089613;221858225
32;15;139098772;5058954;336418176
32;16;138177885;5292921;223570245
32;17;140459840;3162134;253727778
32;18;145469305;2809644;238558183
32;19;143253278;5328121;221543939
32;20;141046363;5337341;229993267
32;21;138850820;5143181;280415877
32;22;136641439;3992756;211168389
32;23;141629093;4654362;319108085
32;24;143021124;5482052;266045894
32;25;145021162;5574591;243403491


THREAD; REPETITION; AVERAGE; MIN; MAX (nanoseconds)
33;1;142101017;3401549;247296653
33;2;139956003;5328331;215688167
33;3;137324066;5255137;280524340
33;4;138959144;5286077;239547205
33;5;145949254;5703518;294702818
33;6;144423462;2625543;221110225
33;7;143136456;5316179;228306111
33;8;140400179;5260794;234570036
33;9;137139692;3015397;242303422
33;10;137296845;5113289;291650336
33;11;142537946;5729080;227472137
33;12;144962956;5506427;222168390
33;13;145164875;4951398;249408794
33;14;140144628;3486058;223919660
33;15;136827631;3299232;278429521
33;16;143022022;5343277;331152283
33;17;140115328;5464801;288775040
33;18;144133791;4862419;220944282
33;19;142895646;4340496;223368542
33;20;140571528;3245594;219969717
33;21;138097454;3302026;247774997
33;22;139650620;2872153;259810325
33;23;142584931;3681404;317121729
33;24;142002606;5844597;218645805
33;25;144149583;2927956;226942531


THREAD; REPETITION; AVERAGE; MIN; MAX (nanoseconds)
34;1;141540853;3434864;221119933
34;2;137683405;5200661;234383420
34;3;137643027;5092058;269822142
34;4;146943681;5713226;257132191
34;5;142973879;5782579;296450946
34;6;143591517;2948908;229424061
34;7;142448249;4824496;242120647
34;8;142039252;3086356;243645003
34;9;138113450;5166508;249993435
34;10;137969494;5508801;228713007
34;11;146622042;5303747;268993406
34;12;143922301;5628788;237992049
34;13;143538829;3250064;220602689
34;14;144615868;5181454;240829002
34;15;138965370;5642477;241736031
34;16;143241569;4474870;318826066
34;17;145610499;3212141;252524832
34;18;143128615;5434210;235829763
34;19;147059398;2908750;238524240
34;20;142101820;5179708;235464004
34;21;137325754;3564280;241541243
34;22;138810167;5662591;231823807
34;23;136428092;5308216;217121031
34;24;146641795;4884560;264084612
34;25;149167169;3773594;227021311


THREAD; REPETITION; AVERAGE; MIN; MAX (nanoseconds)
35;1;144674765;3024756;238591427
35;2;139986319;4457829;235678697
35;3;135928508;5401524;240323770
35;4;140061006;4465162;258704039
35;5;140960062;5438401;243794463
35;6;144827781;5997969;239484418
35;7;140322616;5700935;231675045
35;8;137023028;2935988;236287084
35;9;141035528;2640070;241718571
35;10;140712788;2978870;287354887
35;11;143114525;4381912;249490996
35;12;143382826;3729943;230837928
35;13;142699775;5618870;232961941
35;14;139502831;4259620;248027403
35;15;136569498;5844667;231493667
35;16;137631310;2928305;252356864
35;17;143324372;6031912;326973609
35;18;143558007;4708350;231448760
35;19;141363002;5547493;247392197
35;20;142354483;4666724;238814081
35;21;137928790;5400477;235614164
35;22;140477850;3075670;287966837
35;23;146288718;5906058;257957156
35;24;146405557;6019270;254897899
35;25;144779233;5327493;236294208


THREAD; REPETITION; AVERAGE; MIN; MAX (nanoseconds)
36;1;142077711;2826756;231109960
36;2;140816075;5100159;232189635
36;3;137522256;2398210;246730939
36;4;141848897;6152528;269858669
36;5;141365399;5961232;271691724
36;6;143576317;5498395;229013045
36;7;141870929;5175169;252109277
36;8;142400408;2462813;230155368
36;9;139427641;3767308;267875596
36;10;137154417;5995803;320263888
36;11;140460268;5569702;263377329
36;12;149071428;6184165;266721259
36;13;143028304;6161258;233573122
36;14;141078138;5297741;218906034
36;15;137923503;5647505;214096763
36;16;141987085;5263308;253002477
36;17;140643840;4628941;275985146
36;18;141404233;4331696;229441940
36;19;140257471;5829302;231402873
36;20;142487294;5593029;229367559
36;21;138163380;3045080;229266010
36;22;134991922;6007887;249415987
36;23;137305718;5854235;243053307
36;24;140960820;6020249;269422720
36;25;142014219;5862966;224193508


THREAD; REPETITION; AVERAGE; MIN; MAX (nanoseconds)
37;1;143846414;5944959;223398993
37;2;143698604;5965143;235320411
37;3;140783329;5797734;258033144
37;4;136758839;6117887;263397583
37;5;138660065;5908991;238787471
37;6;144126859;5389651;255640661
37;7;142755688;5637169;234148684
37;8;139662798;3266616;217144707
37;9;137093451;5836077;213872224
37;10;137793121;6262109;246218513
37;11;158008887;4158489;250148064
37;12;156706548;6603703;282275681
37;13;161042944;2982083;238836640
37;14;160982200;3190140;241612971
37;15;164021362;3548635;245852685
37;16;156840900;5958579;257397379
37;17;157393845;2789670;239096101
37;18;158916844;4002813;334720684
37;19;162419988;5435467;290849116
37;20;159375418;2705442;255042680
37;21;159762975;2560241;246436698
37;22;158403500;3442057;258820394
37;23;157009159;2588667;284418621
37;24;159816277;3026712;267972536
37;25;160713484;6569410;298441702


THREAD; REPETITION; AVERAGE; MIN; MAX (nanoseconds)
38;1;163863159;4188103;301217753
38;2;159804195;3348890;252067651
38;3;157655630;6370433;255352985
38;4;156168250;6150433;299822114
38;5;157139847;3161924;276359495
38;6;159569351;6523245;332762474
38;7;163226750;5028014;254654851
38;8;161783184;4091163;242213885
38;9;158465609;3929061;245820977
38;10;158976608;3103257;256820490
38;11;155564491;4821144;255490851
38;12;156972190;2862794;318587349
38;13;156993140;5889017;248907403
38;14;160415889;3352451;256576674
38;15;159123403;3096552;258734490
38;16;157177397;6392642;267805824
38;17;157327913;5405296;289357656
38;18;157111801;3041239;311233691
38;19;159311290;6868820;294787466
38;20;161472081;6032540;253284146
38;21;159027573;6257429;291696431
38;22;160071106;6702597;275570288
38;23;157132932;3015118;249428769
38;24;156759629;6586940;288589541
38;25;157181724;2835626;256947182


THREAD; REPETITION; AVERAGE; MIN; MAX (nanoseconds)
39;1;162104007;2443118;279962118
39;2;160911373;4088857;258312928
39;3;160854403;3960909;237236507
39;4;158880855;5234673;267716637
39;5;158966039;3899378;357712433
39;6;159996379;6710210;267025068
39;7;161111510;6387264;284479242
39;8;158780290;4054356;256374623
39;9;162780410;3314457;256996490
39;10;159464401;3413632;261032058
39;11;158362301;3318229;281441426
39;12;158971944;2969861;237331350
39;13;157320728;5684731;255950058
39;14;161377684;2949327;267215456
39;15;155945935;3886318;257527493
39;16;161801310;2779124;314870465
39;17;157389454;5541976;324170809
39;18;157032501;6221391;257016395
39;19;161765702;3659963;289798075
39;20;158113215;6204210;248239650
39;21;162714110;6920852;272992447
39;22;160723528;5911226;310951182
39;23;158663251;2786528;257037766
39;24;157464668;3305728;275727851
39;25;160503966;5561391;276657299


THREAD; REPETITION; AVERAGE; MIN; MAX (nanoseconds)
40;1;154276239;4348318;238590798
40;2;158514059;4382540;240916513
40;3;160933855;4646610;260186420
40;4;155458274;2881581;224605850
40;5;156913669;4193340;250225028
40;6;156666609;3800203;284381674
40;7;154513398;2608782;275441711
40;8;162424508;5647854;286823465
40;9;159894445;3634610;251022686
40;10;160223295;3788820;252781918
40;11;159157917;6669772;253020495
40;12;158151735;2776191;272765742
40;13;157138134;3032020;287986601
40;14;160680205;3100115;271832174
40;15;159021258;3789518;248908870
40;16;162439090;2577003;264319488
40;17;159573727;7288426;258717100
40;18;157135872;6344312;260073487
40;19;158714388;6934191;238142138
40;20;156683531;3220311;261383710
40;21;165662670;2966997;294720837
40;22;158702821;6010960;247951694
40;23;158359709;3150959;260652960
40;24;158363446;2729886;291421186
40;25;157674635;4062667;243715961


THREAD; REPETITION; AVERAGE; MIN; MAX (nanoseconds)
41;1;161656348;2989486;245373015
41;2;162645002;3521607;244552380
41;3;158344474;6064737;247121910
41;4;163476127;2995632;255197518
41;5;159041761;2972584;286909999
41;6;155737156;7191696;256594204
41;7;162692702;6827124;248412089
41;8;162596285;7568210;264062751
41;9;158362085;3582159;262729202
41;10;161120223;3845740;305818058
41;11;157342617;6684718;270310892
41;12;158061050;4357049;351057816
41;13;161852906;7677791;251318953
41;14;163194462;2810482;276850340
41;15;163725673;7439493;237877719
41;16;166926688;6041829;257478535
41;17;165124510;7426572;319718079
41;18;160932272;2950096;301517651
41;19;155858632;7334032;294521720
41;20;165065812;3216331;300635276
41;21;166329531;7879423;299889931
41;22;157299434;4762547;239476665
41;23;160758357;5319740;247788895
41;24;161708914;3502330;270986047
41;25;155950550;3110451;253528940


THREAD; REPETITION; AVERAGE; MIN; MAX (nanoseconds)
42;1;159710298;3312292;265035431
42;2;161808370;4601981;303569587
42;3;160389957;5536597;242007504
42;4;160984928;3091105;363977335
42;5;163716289;2985087;269151526
42;6;156656260;3122184;247396736
42;7;164923279;4238318;307267824
42;8;162284674;3201873;254359982
42;9;163811506;5236140;274991025
42;10;162740976;4693124;269023996
42;11;156893238;3265429;261212947
42;12;156940477;6598534;260272814
42;13;159295365;7080928;252213061
42;14;158560581;6862255;253287499
42;15;157963684;2499201;262643996
42;16;162388292;3506172;274874740
42;17;157745561;6692401;228835019
42;18;158843808;2846661;291753701
42;19;156098206;2831435;280244486
42;20;158071899;3406997;284938729
42;21;157161623;7225919;247648095
42;22;159933910;6784871;289670824
42;23;159251450;6162515;233530379
42;24;159492629;6988947;258028954
42;25;158307185;3221289;302215435


THREAD; REPETITION; AVERAGE; MIN; MAX (nanoseconds)
43;1;157733235;3213048;265284485
43;2;161933513;4517683;269344917
43;3;162698587;7502421;273808682
43;4;157731271;3235257;265143824
43;5;158548756;5525982;316336364
43;6;156533042;4876457;258745455
43;7;159789070;6420509;269965316
43;8;161800107;5988051;256959055
43;9;161242029;2863213;260924992
43;10;163299986;6458851;273453330
43;11;159852356;7894649;284578347
43;12;163317180;2675061;278701064
43;13;164082245;2595581;332865559
43;14;157267382;3985912;276048422
43;15;162424346;7775080;265498269
43;16;157674877;3711715;229913928
43;17;159372214;4460693;242945751
43;18;158822669;3529918;304274636
43;19;157185679;7784578;254533607
43;20;160861809;4001836;268782555
43;21;159338439;5221194;247048927
43;22;157611157;3226737;253788540
43;23;160331814;4633480;247613942
43;24;159633944;5843760;290073809
43;25;156392591;3174146;292552475


THREAD; REPETITION; AVERAGE; MIN; MAX (nanoseconds)
44;1;161953987;6927417;273078352
44;2;163288583;7641963;278461718
44;3;156927992;5183969;273283965
44;4;160463013;7962185;249805003
44;5;158056387;3946451;255975271
44;6;158801133;7477207;284906881
44;7;160847032;3027689;261522764
44;8;156874583;7142249;272979247
44;9;157035493;5929175;239270564
44;10;161159701;6389639;248305441
44;11;159793123;6768388;236779185
44;12;157914378;7321042;280593203
44;13;158585065;3852375;262759024
44;14;160021345;2739594;295610755
44;15;160252130;7737227;269888212
44;16;159530527;2688051;254465232
44;17;158657570;4784896;245012075
44;18;160663390;7689524;273977419
44;19;158638947;4314026;246881447
44;20;156972525;2886051;295104126
44;21;158791098;3095016;248280927
44;22;158217033;2760756;251546635
44;23;159043854;2629105;290788284
44;24;153872097;3368305;227315134
44;25;156794420;2898762;243267300


THREAD; REPETITION; AVERAGE; MIN; MAX (nanoseconds)
45;1;154975021;2693079;265652059
45;2;159058112;7332008;322127952
45;3;155932303;5262750;228581985
45;4;158000110;3058489;254529067
45;5;157000013;5440705;251427904
45;6;156610450;3537740;266306682
45;7;158184795;3517207;247935073
45;8;158965641;3401760;247402742
45;9;161559706;7664033;281857122
45;10;162917790;5213861;272322530
45;11;158321360;5897747;257517436
45;12;159059140;2880883;260464738
45;13;157112169;2708864;227555946
45;14;157322288;3227854;297109689
45;15;158414235;6765944;232254938
45;16;161867765;7137360;255260725
45;17;161430326;2831086;239008100
45;18;159822899;7214953;235806226
45;19;156198721;2881511;276897274
45;20;157537497;7431392;268293945
45;21;161038307;5880357;261910941
45;22;161787295;4519778;263873761
45;23;160314105;7522115;242253485
45;24;159723717;2741340;255799480
45;25;155272558;7713061;319897641


THREAD; REPETITION; AVERAGE; MIN; MAX (nanoseconds)
46;1;155818578;7035741;293629777
46;2;156961093;4116096;294079345
46;3;160376440;7053480;283657839
46;4;159754790;3004222;240164462
46;5;156481257;7767397;250197441
46;6;156423713;6199950;245731092
46;7;156651173;2795118;271745292
46;8;157784795;3177359;278301013
46;9;163586806;4206610;265657088
46;10;159554636;4002953;271120072
46;11;158471932;3029366;261928262
46;12;156397100;2987600;266836777
46;13;155456644;3155359;294259605
46;14;157498126;7061581;277140460
46;15;156408907;7460166;252035524
46;16;157555422;5486941;242381294
46;17;159029022;2656971;255366884
46;18;160675903;2919226;286375712
46;19;157762186;2708864;295190660
46;20;157822390;3132801;265094446
46;21;161079955;4301105;239086811
46;22;162346514;6300871;248228406
46;23;160757326;7013670;278860791
46;24;158382568;7373353;241386126
46;25;155742419;7634770;329502213


THREAD; REPETITION; AVERAGE; MIN; MAX (nanoseconds)
47;1;155423000;2694686;276206613
47;2;158492190;4099892;312456122
47;3;159659946;3197473;307165296
47;4;160734803;4864026;314596617
47;5;162186573;6516051;273498028
47;6;156184373;5793334;228586455
47;7;161193754;3080629;285855535
47;8;161752728;6490350;251404508
47;9;162924313;7888084;294087516
47;10;164600538;8009398;285949262
47;11;158806218;3784489;256140375
47;12;159364131;3251810;285430271
47;13;161131797;4272401;250716711
47;14;157768200;3938070;250688495
47;15;160166743;7847855;277150797
47;16;158461094;3054928;236895891
47;17;159470186;5948591;275185534
47;18;158147590;5715670;245179625
47;19;159234830;3186439;255151562
47;20;155054537;7336128;270877235
47;21;154051801;3162553;277993013
47;22;157929544;5422268;315918433
47;23;160618379;4297962;252367061
47;24;156826366;3081327;244648063
47;25;154937743;4466000;263720808


THREAD; REPETITION; AVERAGE; MIN; MAX (nanoseconds)
48;1;157469281;5153308;282570340
48;2;156319199;3501563;271981984
48;3;157150516;2999613;246437536
48;4;157857356;5841944;259521042
48;5;159843806;3573219;268148745
48;6;157965530;3461055;252515474
48;7;157643901;7544115;252840794
48;8;152639641;2932006;253404274
48;9;151266548;7916020;262867277
48;10;162011471;3141670;303642572
48;11;163432777;3298883;265017691
48;12;158359280;7407645;227310804
48;13;155589962;3022521;244611815
48;14;156866371;2982153;316125373
48;15;156730336;2885492;272545114
48;16;162270939;8698382;322255901
48;17;161241010;8141957;275698937
48;18;157321261;4614693;279540976
48;19;153675123;2502344;259389252
48;20;156033819;5123347;283773007
48;21;155051655;8074211;274231641
48;22;157760746;7713131;296775009
48;23;161234008;5086820;235205033
48;24;158751549;3318369;273464226
48;25;153058549;3607372;239811834


THREAD; REPETITION; AVERAGE; MIN; MAX (nanoseconds)
49;1;154250949;4647727;265966694
49;2;156263552;7359106;275632517
49;3;156770777;2971886;257934249
49;4;161607881;3087473;274096848
49;5;163531318;5638147;257254554
49;6;161087882;3482706;284219713
49;7;156031939;3373543;292608977
49;8;156885183;4013569;313314750
49;9;158275401;2820051;245400743
49;10;163656856;3482426;269842955
49;11;159059581;2731353;246594330
49;12;157529452;8734769;241440951
49;13;156259650;2988509;299434147
49;14;152150584;2535099;245562494
49;15;155078109;8007932;245186539
49;16;162497130;3122185;260525499
49;17;163679005;4076496;252546413
49;18;163216153;3052832;259104299
49;19;158805056;2792534;238996856
49;20;155257517;3333664;234545801
49;21;156612359;6917429;261897671
49;22;161627653;8555068;274907286
49;23;160479720;3627346;244260932
49;24;161111790;5606090;253245454
49;25;157116871;8414058;244247942


THREAD; REPETITION; AVERAGE; MIN; MAX (nanoseconds)
50;1;153620696;3166045;262592731
50;2;155010043;2545225;296826832
50;3;158836556;5228109;254591436
50;4;158123639;4632503;238773433
50;5;160907860;3571823;278643515
50;6;160086773;3941493;336155992
50;7;155395043;3018470;267610897
50;8;158227582;3478864;254595696
50;9;160625624;7035182;278013198
50;10;163026088;8638738;262433074
50;11;157873076;4716941;248993797
50;12;157691918;7164178;255245569
50;13;158157259;3142159;290613192
50;14;154697903;2884934;278773839
50;15;154573265;2918806;267395507
50;16;158396169;3451836;289063205
50;17;157409457;5711201;259451271
50;18;159791472;8205232;261496434
50;19;156853898;2488515;236416779
50;20;155766964;5042541;281494994
50;21;156886841;3346166;314552408
50;22;158672042;2997588;266027806
50;23;159864054;2812927;251222502
50;24;157958313;2869429;239527929
50;25;154561716;3757391;244376589


