THREAD; AVERAGE-REPETITIONS; MIN-REPETITIONS; MAX-REPETITIONS (nanoseconds)
1;23466699414;7015972999;45233455707
2;13866265914;1174859254;39649977726
3;6595400203;858241907;30043950368
4;1032161980;3229027;1762227674
5;776339818;2790363;1220678460
6;735084766;2660427;1035464954
7;772018745;2558431;999800667
8;587340857;2480491;902268321
9;761360885;2421701;985967641
10;730780608;2422307;950859184
11;687484092;2370273;948705259
12;533809107;2428590;867748741
13;598537949;2523658;912517984
14;614985322;2568619;935186734
15;614598133;2647241;908421254
16;609196562;2760825;933750177
17;599883508;2771170;951603594
18;616505882;2925629;944703435
19;615578411;3028787;962196796
20;619921118;3221292;937134635
21;612370143;3281531;918831622
22;608643259;3458950;935432576
23;577092669;3506149;912974372
24;584638043;3746442;992724206
25;569244167;3783453;867302875
26;580171122;3845919;894563437
27;578859350;4152013;896717552
28;586670179;4287514;878030045
29;598637537;4341358;903227832
30;605972891;4749584;930322412
31;613778252;4838050;921150442
32;618750711;4923955;929432106
33;615165017;5318592;935211910
34;614268541;5376205;921306976
35;612244664;5617510;966165937
36;614194684;5516893;910665053
37;619479457;5918034;937019386
38;603472580;5831067;908955825
39;606008827;6032870;924307597
40;607697978;6316783;935762701
41;608997929;6115036;890742180
42;613781361;6422900;905615384
43;614388907;6595734;906840436
44;624021049;6174929;931952376
45;620187646;6540733;954520197
46;626633695;6399670;948114101
47;619478006;6783429;941378591
48;623538239;7062841;900482552
49;620843022;6948955;925473321
50;623650163;6391468;919758223
THREAD; REPETITION; AVERAGE; MIN; MAX (nanoseconds)
1;1;25473682224;8776430733;42425108708
1;2;25429028557;3561565994;43904433175
1;3;23062101217;2438643389;58396982368
1;4;24947900345;10918509475;43624265165
1;5;23494888237;3439030939;40601501867
1;6;23381091319;3463463513;41635825992
1;7;22706451338;3355547702;55518595869
1;8;23797445642;460792713;58337362500
1;9;22003092071;10749079352;51993185656
1;10;23737056697;18537139776;28003009740
1;11;21118951481;7027715603;57482526760
1;12;22724941004;10723141000;58181386111
1;13;25307083017;11024721718;43738806120
1;14;22631732142;7652950864;26481113242
1;15;22727460967;10084530576;56643189428
1;16;22080529413;7450128997;57277425064
1;17;24069514696;3465978637;41301123047
1;18;23405151741;5075476631;41528125083
1;19;24273276957;10291307205;42439318056
1;20;25461519241;11099002457;44067878739
1;21;24089237262;1497729111;42015651640
1;22;24518854373;3482997979;44452621982
1;23;21178086153;2401870699;58623503616
1;24;21180926688;7589066766;23692805510
1;25;23867482582;10832503153;28470647247


THREAD; REPETITION; AVERAGE; MIN; MAX (nanoseconds)
2;1;14003767567;266036186;38541202304
2;2;13772805185;256450331;38765284555
2;3;17477637583;1560363888;51889534703
2;4;14545956629;255258280;46261150998
2;5;13657875865;240903243;44675087686
2;6;13328020834;1009563227;37981898468
2;7;13554234021;258321240;36844510615
2;8;14066673048;235008849;42118355545
2;9;14068809869;1713998287;40919424815
2;10;13160570252;1732471935;35929196169
2;11;13798127638;1307256998;40869966365
2;12;13565595827;2260293766;37730919503
2;13;14230356926;2662346542;38628061598
2;14;13696712566;2147373619;39940746031
2;15;13968141462;1665842446;37936493744
2;16;13620248920;958696497;37838817853
2;17;12943965242;250733263;38014388560
2;18;13716943061;2753165486;37029156220
2;19;14054273717;1064991780;38516770148
2;20;12822524004;1046553473;35276837839
2;21;13831651888;1921260663;40633317921
2;22;13540727217;273378321;37103249645
2;23;14216314597;2241773116;40979450461
2;24;13312985884;274258530;39912279773
2;25;13701728054;1015181399;36913341639


THREAD; REPETITION; AVERAGE; MIN; MAX (nanoseconds)
3;1;6480031342;1062897659;28898054850
3;2;6607058045;179452836;33157923074
3;3;5831575073;171055679;27920885615
3;4;6745942152;938492462;33159388484
3;5;6638457728;942020634;29150556426
3;6;6352964269;900518781;28213550186
3;7;6313861350;523770479;29485948634
3;8;6656649226;193789434;29904110229
3;9;6309495365;1299142838;26918270339
3;10;6862311579;1304234337;30956735074
3;11;6286304921;721545197;27721156390
3;12;7393916608;832667839;27721258708
3;13;7034848078;1275844207;35511553983
3;14;6759115692;1078743527;26780385775
3;15;6227436549;1058641043;28225846861
3;16;6349207831;908652846;35316887900
3;17;6198145238;1093484646;27135417699
3;18;6764878601;194793891;29491886888
3;19;6629775992;1269178904;31070784834
3;20;6134815045;888995250;27644040932
3;21;6332685146;1297833104;29216558738
3;22;6957689089;978993698;30180157045
3;23;6846359734;190467922;35953811937
3;24;7052954002;897941289;31369972790
3;25;7118526427;1252889194;29993615809


THREAD; REPETITION; AVERAGE; MIN; MAX (nanoseconds)
4;1;1053013042;2941016;1721999723
4;2;1052873780;3469784;1692500723
4;3;1016457648;3512528;1634249954
4;4;1032227737;2919924;1828960455
4;5;1049624058;3051155;1774970282
4;6;1048149160;3474115;1615843494
4;7;1020908637;3060096;1687572931
4;8;1050640158;3036629;2070711431
4;9;1054606617;3244337;1939584011
4;10;1027466517;3290432;1662099652
4;11;1039688753;3296229;1795547689
4;12;1047138873;2817327;1995136951
4;13;1062223151;3128540;1991431383
4;14;1030518048;3086984;1637803128
4;15;1034822941;4071537;1647171777
4;16;1015067922;3123721;1836669465
4;17;1015493606;3351124;1625995064
4;18;1008428576;3312572;1640805605
4;19;1013148659;2833601;1630168709
4;20;1010303632;3360483;1974506047
4;21;1020264391;3183017;1921509298
4;22;1015142659;3521747;1625101445
4;23;1041040571;3391842;1620827438
4;24;1024464649;3072109;1655550426
4;25;1020335729;3174846;1828974772


THREAD; REPETITION; AVERAGE; MIN; MAX (nanoseconds)
5;1;798075034;2482648;1126962365
5;2;798091421;2951003;1261637862
5;3;765021916;2910566;994685777
5;4;763344234;2590553;1504977727
5;5;845760735;2654597;1366257932
5;6;778855546;2703627;1136184906
5;7;758758941;2908471;1350252825
5;8;767780582;2977962;1402781568
5;9;784268369;2890660;997846095
5;10;781562269;2771722;1356550763
5;11;760297339;2691614;1217566898
5;12;757456962;2910984;1132133065
5;13;785432408;3018680;1315656599
5;14;788814964;2401004;1110900967
5;15;747449108;3053670;1356801353
5;16;772601933;3094667;1110129430
5;17;801347300;2674572;1128275800
5;18;788902903;2672477;1345692469
5;19;744023810;2520502;989829713
5;20;763976960;2860560;1519275774
5;21;787886911;2726185;1333692271
5;22;759502176;2830318;1118145183
5;23;761825751;3065054;1206249747
5;24;771217874;2743087;1014811659
5;25;776240010;2653899;1119662764


THREAD; REPETITION; AVERAGE; MIN; MAX (nanoseconds)
6;1;709762665;2571695;982578512
6;2;685965764;2633924;922295222
6;3;705946327;2607105;997042920
6;4;747474456;2696990;1006811410
6;5;714916843;2672755;933746118
6;6;771042935;2517778;1097441923
6;7;786361642;2576863;1184171871
6;8;759819128;2934661;1256871125
6;9;726073942;2721436;974331305
6;10;728825047;2643074;965045558
6;11;742064733;2647264;940484824
6;12;713336323;2693289;991451288
6;13;717195266;2755238;965243417
6;14;750652596;2683651;941809992
6;15;761463385;2600540;1093923180
6;16;730735706;2640211;974671152
6;17;702171422;2734775;921608334
6;18;746794684;2746578;1417948720
6;19;720428886;2609130;1392762139
6;20;742883414;2829061;1097609263
6;21;730842847;2373905;935379007
6;22;729351607;2541524;994481911
6;23;743223976;2756216;946807415
6;24;745433931;2623168;956661112
6;25;764351632;2699855;995446139


THREAD; REPETITION; AVERAGE; MIN; MAX (nanoseconds)
7;1;766552337;2570998;1335728564
7;2;778878138;2271657;939752189
7;3;780567587;2737220;992331707
7;4;765617642;2592089;1087177560
7;5;758900148;2322921;947866139
7;6;764305651;2509258;949269670
7;7;776639761;2702368;979164112
7;8;773962339;2559194;943943713
7;9;781096012;2502972;934084570
7;10;755588517;2468122;964543539
7;11;792621067;2830108;998315498
7;12;779770756;2832063;998430317
7;13;763028115;2390806;1171240130
7;14;769918551;2493613;984760703
7;15;782320833;2663956;952366292
7;16;768396707;2674293;989697154
7;17;769612816;2512121;1249951740
7;18;776194239;2618699;960869189
7;19;788441777;2488096;965289792
7;20;776551863;2596000;963209849
7;21;764656162;2508350;939686678
7;22;768936456;2599283;927600715
7;23;763181594;2692172;960988058
7;24;770078845;2535308;947928088
7;25;764650720;2289118;910820719


THREAD; REPETITION; AVERAGE; MIN; MAX (nanoseconds)
8;1;565341882;2412737;877734391
8;2;604673918;2582731;913088884
8;3;587659277;2445422;852644190
8;4;574714234;2473219;896291707
8;5;561021842;2577632;879091477
8;6;602204992;2361334;902935220
8;7;587674949;2592857;907743442
8;8;570284044;2317333;773526314
8;9;564015817;2409594;989451802
8;10;620027347;2382006;978472962
8;11;633182523;2461975;982953699
8;12;574563567;2464769;799313670
8;13;600432039;2586712;997337999
8;14;622841354;2360286;943923739
8;15;628504732;2580775;933744373
8;16;565225561;2651804;854273658
8;17;574035635;2504858;935991935
8;18;594587559;2615277;998049124
8;19;603524501;2504438;892308380
8;20;560862816;2627918;800481486
8;21;559876161;2592020;849752552
8;22;592162986;2370344;992007644
8;23;602013742;2330324;932640182
8;24;567554844;2398070;778234105
8;25;566535108;2407848;894715111


THREAD; REPETITION; AVERAGE; MIN; MAX (nanoseconds)
9;1;785469811;2350857;959964605
9;2;758918902;2484464;946450316
9;3;781532411;2432432;939493008
9;4;767557307;2370413;936928855
9;5;771004907;2574560;1272511660
9;6;706905201;2421327;924602988
9;7;730772048;2470355;922837679
9;8;778089413;2357702;944931689
9;9;769728592;2258387;964285475
9;10;741358986;2515613;1003154660
9;11;755714646;2477340;926155070
9;12;792599980;2380261;1264630841
9;13;781492427;2451080;955135639
9;14;732924081;2558705;935161662
9;15;755490654;2483416;981529566
9;16;756336244;2522387;924541387
9;17;747515029;2400166;945402837
9;18;733887679;2416299;999275815
9;19;726279356;2293448;929467362
9;20;795003276;2254057;979836473
9;21;791249950;2454013;931103813
9;22;749485249;2384242;1080507578
9;23;745814564;2409664;938421713
9;24;791487773;2309372;932299497
9;25;787403658;2511982;1110560839


THREAD; REPETITION; AVERAGE; MIN; MAX (nanoseconds)
10;1;711907643;2410711;975114505
10;2;727787993;2434317;912512834
10;3;747233051;2570298;958589011
10;4;720420361;2295753;898188666
10;5;722695819;2527974;917439647
10;6;730356532;2489143;910490020
10;7;755529207;2528883;915501272
10;8;743571009;2493823;967802263
10;9;707708072;2292680;905260864
10;10;748323641;2368109;912240662
10;11;732337087;2431804;1164630630
10;12;745005585;2537124;1085669757
10;13;712919027;2492635;909429271
10;14;705161662;2467981;961667754
10;15;759306740;2416369;939828386
10;16;734705393;2216064;959104718
10;17;716490628;2382146;990371262
10;18;713636135;2466095;983472201
10;19;740018865;2312235;885487191
10;20;735359404;2360076;916606580
10;21;735512135;2315796;926626708
10;22;712708839;2494661;987930240
10;23;733116393;2547251;907888014
10;24;749595610;2284718;935603477
10;25;728108382;2421048;944023681


THREAD; REPETITION; AVERAGE; MIN; MAX (nanoseconds)
11;1;610115878;2353092;912672979
11;2;704116443;2453385;925881642
11;3;716288650;2452407;925007857
11;4;700625205;2379213;918194840
11;5;636467649;2402819;987556659
11;6;697807191;2468610;945201066
11;7;721087580;2397511;910592128
11;8;681831127;2226889;952217530
11;9;654352123;2364756;899918006
11;10;739131364;2370064;948020558
11;11;753854628;2473150;941553884
11;12;735042081;2316007;991964132
11;13;671609478;2589505;1202082597
11;14;708860394;2431803;943984571
11;15;705979209;2239949;966606021
11;16;705851987;2438508;916129006
11;17;631578727;2146292;942041167
11;18;652978212;2384870;926289794
11;19;711708025;2406032;978605032
11;20;726026822;2298756;939907237
11;21;681025281;2458692;936524335
11;22;620513580;2343804;919558980
11;23;685969426;2301410;921371780
11;24;676656864;2086439;929571985
11;25;657624399;2472870;936177712


THREAD; REPETITION; AVERAGE; MIN; MAX (nanoseconds)
12;1;535430642;2481390;842317110
12;2;504644364;2301899;776911242
12;3;539229880;2390807;773493069
12;4;563033922;2571136;885705027
12;5;526334632;2351486;755487149
12;6;510984951;2365943;1209304884
12;7;534842459;2381029;879299812
12;8;563070398;2532445;848352095
12;9;540483768;2625613;820688942
12;10;515509843;2530139;768649298
12;11;552305781;2348552;838418989
12;12;551330076;2278922;800784667
12;13;511530311;2414553;742768005
12;14;513876810;2479085;908083220
12;15;537914220;2396744;842388068
12;16;546585160;2460089;876032778
12;17;531495233;2495987;776415438
12;18;519265444;2388572;768713481
12;19;545393583;2407220;1404199277
12;20;565439317;2398350;849533111
12;21;538355515;2532725;803486128
12;22;517518072;2309582;885444938
12;23;540214601;2320337;999236635
12;24;531273582;2533073;791648449
12;25;509165118;2419093;846356730


THREAD; REPETITION; AVERAGE; MIN; MAX (nanoseconds)
13;1;589443784;2553887;969129247
13;2;599272878;2628827;882169312
13;3;639882559;2688680;908696286
13;4;609808412;2621423;887918576
13;5;563765717;2557657;846261396
13;6;588444582;2669753;858190147
13;7;629265389;2446400;868322441
13;8;603003885;2709352;913074078
13;9;576196114;2540336;904776236
13;10;593101143;2468051;974747977
13;11;614497240;2540267;893503923
13;12;592006152;2435645;943129225
13;13;589258186;2580914;937791046
13;14;590487603;2518965;869220530
13;15;623469389;2469378;901147632
13;16;614432926;2390667;950920647
13;17;576449494;2475245;982649750
13;18;593725953;2546832;980226677
13;19;611710595;2455690;882630823
13;20;597535224;2615904;994651974
13;21;574883986;2451708;829054391
13;22;590778721;2509119;882769807
13;23;608031456;2267676;936351896
13;24;609131900;2450451;928464022
13;25;584865446;2498642;887151580


THREAD; REPETITION; AVERAGE; MIN; MAX (nanoseconds)
14;1;596014807;2346807;855151563
14;2;641766186;2521200;919359932
14;3;602858497;2689238;961953125
14;4;595185431;2685955;903474673
14;5;601832869;2338775;891980196
14;6;644447274;2575467;978608384
14;7;612653379;2563454;928502016
14;8;593193226;2386197;908616808
14;9;613227472;2526508;1127988054
14;10;645987189;2833950;888964030
14;11;648744855;2647544;880528461
14;12;608416744;2674013;957653556
14;13;617594393;2727442;933394817
14;14;640891359;2565270;935330049
14;15;594290606;2613949;862068922
14;16;570852476;2641817;804289232
14;17;602205858;2566737;849460896
14;18;643394565;2580007;955097296
14;19;612548091;2620864;913892967
14;20;596811920;2495778;1309109189
14;21;617521119;2703905;911278109
14;22;639627284;2627289;920782878
14;23;636170380;2353231;912681290
14;24;599128765;2364057;951471974
14;25;599268318;2566038;918029945


THREAD; REPETITION; AVERAGE; MIN; MAX (nanoseconds)
15;1;665881354;2648870;900357029
15;2;626823089;2625613;972781666
15;3;564273306;2619816;857560039
15;4;585735766;2320127;924912174
15;5;647468945;2798610;934287528
15;6;609051062;2677086;942111218
15;7;610246270;2536845;847107872
15;8;596270771;2582800;880938359
15;9;636354707;2440115;930476638
15;10;644273698;2617651;963202656
15;11;611161929;2703626;988678659
15;12;607709682;2645518;895078635
15;13;649770842;2595092;923068715
15;14;618675237;2638254;967809596
15;15;585541181;2698388;908004718
15;16;583751045;2821029;771158974
15;17;629246178;2795327;903050877
15;18;636285036;2790229;968317132
15;19;599724011;2518197;827913463
15;20;598800784;2789530;904417670
15;21;655101844;2944298;949671187
15;22;618196068;2669403;949460476
15;23;577470148;2694197;811815468
15;24;572936551;2527486;840937675
15;25;634203843;2482928;947412939


THREAD; REPETITION; AVERAGE; MIN; MAX (nanoseconds)
16;1;642406061;2715359;961271684
16;2;585440458;2684000;874911406
16;3;604481174;2724020;901564025
16;4;624954357;2542433;923947946
16;5;642890357;2973492;972621031
16;6;581448742;2705791;940998577
16;7;590464172;2732889;840029249
16;8;621236093;2700762;947432075
16;9;622348166;2841771;876667705
16;10;606318646;2739943;904921645
16;11;583553532;2992280;867129411
16;12;610321368;2618419;924295196
16;13;637539176;2639512;994351307
16;14;592941743;2724019;903537251
16;15;580808114;2813416;965803056
16;16;603486038;2653690;926384149
16;17;645491325;2843029;905073969
16;18;589125361;2857137;910528572
16;19;584989455;2599562;980644258
16;20;624569074;2995213;1184255402
16;21;629800558;2588667;925802162
16;22;625155046;2706629;919862231
16;23;577537287;2812927;907306516
16;24;599161499;2889054;959580897
16;25;623446259;2926629;924834720


THREAD; REPETITION; AVERAGE; MIN; MAX (nanoseconds)
17;1;624780265;2953588;941909376
17;2;576912382;2765017;941827244
17;3;599696960;2611155;939912754
17;4;635257188;2925092;988580532
17;5;584246211;2590343;845118304
17;6;565206442;2748115;864634821
17;7;591331537;2890521;885953313
17;8;631556332;2747067;953240007
17;9;590669038;2841422;873392358
17;10;577273392;2629105;860884414
17;11;589580340;2611365;1202852248
17;12;625888403;2646147;987255015
17;13;606486335;2910636;1095385168
17;14;568262613;2542501;866741792
17;15;595720701;2922089;981332403
17;16;633128501;2805314;981322487
17;17;600526087;2890730;896611231
17;18;603959415;2702997;1231249292
17;19;591729089;2957988;949860806
17;20;613339656;2919436;971475774
17;21;616854414;2863772;897617434
17;22;568592008;2860420;867277405
17;23;574793185;2812299;870049965
17;24;624870654;2461696;952369924
17;25;606426574;2670451;943235802


THREAD; REPETITION; AVERAGE; MIN; MAX (nanoseconds)
18;1;590446476;2881023;1191122475
18;2;605762507;2833671;926977032
18;3;623562214;2774026;905918280
18;4;616218683;3071969;951624648
18;5;592216151;2859093;861539456
18;6;598902298;3137271;933882867
18;7;639253195;2928305;1092048501
18;8;639897542;3087893;952222909
18;9;606826487;2754679;1162674027
18;10;613620202;2655435;925470416
18;11;642999991;2935709;925846232
18;12;638216313;2843867;890027853
18;13;609362438;2803359;942183782
18;14;608419827;3217797;908773252
18;15;647313776;3286591;926180422
18;16;636743624;2857626;928548321
18;17;592931325;3047175;896918952
18;18;593012699;2774655;957435442
18;19;637291519;3035861;911376445
18;20;626011264;3000380;932183211
18;21;580978015;2909239;836128545
18;22;595589520;2827664;850835511
18;23;626839335;2847848;959049055
18;24;643255707;3025804;988204297
18;25;606975951;2743785;860413963


THREAD; REPETITION; AVERAGE; MIN; MAX (nanoseconds)
19;1;582915056;3172750;819440949
19;2;642467045;2760407;997590615
19;3;643603617;3135525;997000597
19;4;599632516;2626660;869482643
19;5;586078596;2802171;1166078999
19;6;626396203;3072248;962102377
19;7;635506249;2965181;973509343
19;8;586158157;3086704;917126618
19;9;602302429;3085309;924559965
19;10;638488869;2908749;1008134344
19;11;648246391;3129797;944631022
19;12;580267555;2746649;706752953
19;13;604266786;3279747;943871638
19;14;624115485;2810064;933152677
19;15;641273654;3134476;1162620808
19;16;596022207;2735823;820566720
19;17;594576855;3338553;918046707
19;18;641084663;3324654;970617983
19;19;639569918;3142648;953308172
19;20;597705843;3000870;948723092
19;21;605121572;2948349;925046340
19;22;656933540;3128121;1387712265
19;23;633817067;3225061;918254415
19;24;598011730;3043823;910408236
19;25;584898274;3115340;976180422


THREAD; REPETITION; AVERAGE; MIN; MAX (nanoseconds)
20;1;628227645;3204318;1010978909
20;2;641163652;3271295;992818779
20;3;591298392;3342115;883883287
20;4;603012511;3196635;811252547
20;5;631893232;3252578;974846035
20;6;644097289;3290153;943759892
20;7;613121165;3347004;903410909
20;8;591439720;3374521;870361666
20;9;640746351;3246642;1113926490
20;10;647023183;3123930;916059444
20;11;598640802;3141112;858106058
20;12;585648751;3169188;867862396
20;13;625450505;3160737;948887777
20;14;636192071;3496534;902803010
20;15;607920410;3301467;819106688
20;16;605400068;3248109;1241434596
20;17;617675732;3301816;906586801
20;18;633515124;3171212;975308733
20;19;614172197;3056743;908433963
20;20;603549133;3453302;926434714
20;21;613509961;2774585;913501437
20;22;639854065;2963925;908630636
20;23;580302217;3227086;974231572
20;24;631838310;3280445;913881094
20;25;672335471;3136851;941858463


THREAD; REPETITION; AVERAGE; MIN; MAX (nanoseconds)
21;1;640025500;3204947;946653416
21;2;614696280;3404483;865957475
21;3;604468287;3296229;990111523
21;4;598077384;2818025;875409095
21;5;652809563;2644470;903876680
21;6;618938070;3480051;904771975
21;7;601967827;3505334;956371620
21;8;586585985;3542699;861049379
21;9;635359930;3450229;884009420
21;10;609275542;3459099;890473161
21;11;612834283;3350356;891605428
21;12;585275660;3348470;851577435
21;13;631390216;3563511;908058915
21;14;604681099;3231067;948265282
21;15;571638533;3143417;858103265
21;16;573950318;3530686;902257479
21;17;635834584;3345607;951207766
21;18;618589835;3503937;992706126
21;19;568361813;3374870;934447605
21;20;584343676;3278629;899314926
21;21;630770015;2923417;913011431
21;22;634231853;2920903;1174949609
21;23;622380980;3275626;921528575
21;24;633388974;3220661;862942567
21;25;639377378;3221569;882130411


THREAD; REPETITION; AVERAGE; MIN; MAX (nanoseconds)
22;1;622552696;3337994;924655229
22;2;627338279;3612261;884138487
22;3;606141153;3408744;869050187
22;4;657787433;3755296;962354782
22;5;631652897;3764235;976565248
22;6;602376962;2798819;901803371
22;7;603953483;3381715;1001933487
22;8;634922706;3607512;911861354
22;9;630435659;3409721;898205429
22;10;579134423;3562324;908096211
22;11;594311359;3520839;1152805385
22;12;627583945;3787563;943040177
22;13;608923310;3574756;898494222
22;14;576392530;3771010;803403435
22;15;590718646;3298744;956309461
22;16;625162983;3497092;947862578
22;17;623834686;3170306;907242331
22;18;577993160;3218496;918081488
22;19;574744949;3573849;883204500
22;20;609909895;3707804;915017620
22;21;611125819;3532432;921665463
22;22;577343792;3022311;1106382166
22;23;607407757;3580133;907461493
22;24;637240680;3404204;903940934
22;25;577092279;3175613;982239363


THREAD; REPETITION; AVERAGE; MIN; MAX (nanoseconds)
23;1;562728033;3649905;945490349
23;2;572456541;3405949;982261503
23;3;600245122;3570007;874930473
23;4;587553189;3641594;909408598
23;5;550934750;3201734;865060853
23;6;557507839;3642921;896147904
23;7;610158611;3559252;883370162
23;8;570193556;3844203;838979955
23;9;549068763;2836325;802412248
23;10;566426083;3574965;846310005
23;11;598243464;3728058;875024549
23;12;563326926;3155779;885541878
23;13;563551946;3488921;898977943
23;14;594314869;3855588;969734841
23;15;611783344;3686991;980366011
23;16;588654430;3477188;940537205
23;17;554277675;3312921;849434774
23;18;555729206;3314597;880381376
23;19;615521019;3635797;933907103
23;20;580158005;3442337;872118733
23;21;563074012;3530267;1186459801
23;22;564840515;3415937;848511752
23;23;603137438;3770801;959370604
23;24;594840751;3586629;923076118
23;25;548590654;3325074;976544575


THREAD; REPETITION; AVERAGE; MIN; MAX (nanoseconds)
24;1;570645099;3821086;1357155518
24;2;603049126;3769403;930485090
24;3;585665340;3501563;969733095
24;4;558560911;3632305;927535273
24;5;586091511;3441010;962546078
24;6;620439635;3826045;903284356
24;7;589322579;3958604;913475665
24;8;560677310;3921099;1233511592
24;9;554699752;3712274;926435274
24;10;620436304;4013359;901349963
24;11;587103665;3299372;906794998
24;12;548763658;3369632;879346048
24;13;564726602;3558064;1167645748
24;14;604416541;3464547;872394745
24;15;620751126;4129714;949632216
24;16;547158048;3699422;828500620
24;17;565817067;3648717;949272952
24;18;596734365;4244254;981736437
24;19;601350661;3872419;976011546
24;20;548881923;3873676;782767154
24;21;574555973;3626439;1281818639
24;22;621291079;3843436;954209822
24;23;630098071;3740978;928912404
24;24;590130162;3758857;1380980474
24;25;564584568;3934788;952569461


THREAD; REPETITION; AVERAGE; MIN; MAX (nanoseconds)
25;1;617576924;3653188;924321387
25;2;559799488;3848813;893024882
25;3;549577222;3605626;796634978
25;4;574122568;4163518;879418544
25;5;617844937;3080350;926945324
25;6;539863516;3695511;691721085
25;7;554443506;4191455;877797178
25;8;565355677;3365163;920881006
25;9;557332440;3526635;963222979
25;10;558807671;4037944;812391309
25;11;540322544;3782115;855650368
25;12;559000487;3677004;930033077
25;13;540338041;3626648;681644594
25;14;542199035;3848534;807062630
25;15;560259235;3953156;797620647
25;16;563005624;3855379;864276535
25;17;539029073;3720655;680050676
25;18;632027702;3883245;889842354
25;19;586106444;3777296;1170038022
25;20;595002362;3840154;915306205
25;21;583011205;3837081;899946641
25;22;581461507;3935347;891638811
25;23;582455374;3812775;977792639
25;24;565006917;4011403;808061290
25;25;567154693;3857333;827248715


THREAD; REPETITION; AVERAGE; MIN; MAX (nanoseconds)
26;1;599324459;3959931;1255923519
26;2;597348088;4065461;857171023
26;3;575477515;4183283;874795959
26;4;575605915;3915861;917301920
26;5;570084850;2606267;869343031
26;6;582185933;4437016;866799691
26;7;580353516;3618338;863726884
26;8;584830145;4072026;781873395
26;9;575709345;4005746;966374777
26;10;578656676;3180083;968818872
26;11;592844548;3869975;907978528
26;12;576076201;4219112;831601852
26;13;572631708;3091873;898188527
26;14;571069479;3850978;948296571
26;15;584654676;3926268;904522362
26;16;571634387;3783442;881281490
26;17;575420836;3974388;891487536
26;18;588341178;4141100;961205055
26;19;560030045;4137049;737274710
26;20;567936414;3851258;821347406
26;21;565501399;3299302;930515401
26;22;574051074;3890579;833815331
26;23;624664242;3864039;862293322
26;24;579723889;4253753;884732906
26;25;580121543;3950851;847415873


THREAD; REPETITION; AVERAGE; MIN; MAX (nanoseconds)
27;1;580869859;4756611;914507570
27;2;593922499;3903010;867206586
27;3;607630050;4433664;1359760178
27;4;590503560;4263182;874815445
27;5;586241497;4069163;879230042
27;6;586897395;4076915;894747517
27;7;591590796;4434782;1199847816
27;8;593511754;4378419;888839503
27;9;552451297;3690553;746322508
27;10;575410403;4432477;1143346920
27;11;581658398;4137537;921135159
27;12;606618571;4215759;869277171
27;13;560780165;4368432;803500236
27;14;576332154;4268699;867442999
27;15;569912070;3770172;828515146
27;16;569347489;3717372;789757847
27;17;555974730;3645714;883244449
27;18;583241326;3925360;851018844
27;19;580939628;4195436;815896504
27;20;571363842;4011544;788445040
27;21;575984270;4145988;944713783
27;22;592926952;4564407;956350388
27;23;553918443;4172248;719235685
27;24;556339721;4077962;680912030
27;25;577116903;4144940;929869438


THREAD; REPETITION; AVERAGE; MIN; MAX (nanoseconds)
28;1;629991021;4375067;906443138
28;2;599835105;4566013;822412974
28;3;562846477;3960559;888566005
28;4;591661840;4572858;905092197
28;5;624884562;3908877;931666804
28;6;594219897;4441766;812943265
28;7;582441510;4133835;811679278
28;8;598879977;4411455;958926484
28;9;605970274;4362216;894162806
28;10;574314406;4324642;816560135
28;11;582685734;4570763;958366636
28;12;571654876;4539124;867425469
28;13;587835609;4273587;848760526
28;14;587890475;4567690;887681744
28;15;572750868;3457702;933961019
28;16;593638799;4479061;872257438
28;17;571180196;4610292;831462868
28;18;564068502;4217575;815681811
28;19;563459536;4368362;935444588
28;20;586210055;4210800;848059949
28;21;574158210;3649556;921210308
28;22;572957660;3966915;838793618
28;23;575464410;4620699;908573715
28;24;587635526;4132020;858975442
28;25;610118957;4466419;875642923


THREAD; REPETITION; AVERAGE; MIN; MAX (nanoseconds)
29;1;581198137;4478432;896066609
29;2;589173920;4888121;1009116382
29;3;605738161;4401747;871161837
29;4;561874894;3949106;762362395
29;5;587227179;2785759;1350712381
29;6;590509180;4581239;856203651
29;7;579375901;4679855;797368730
29;8;566792008;4374928;931120715
29;9;586911165;4478991;829312384
29;10;656679088;4790133;918048034
29;11;645352295;4570902;883040023
29;12;597810309;4515728;912605583
29;13;604349389;4547505;878969115
29;14;610885317;4675803;921018942
29;15;579742998;4483880;868073876
29;16;576983776;4591226;875622251
29;17;638881426;5161480;935214951
29;18;620025745;4488419;876634181
29;19;557886010;4396019;869685463
29;20;609998227;3204597;906272446
29;21;625821232;3708851;917748625
29;22;585002913;3307683;854608896
29;23;573309049;4307810;859473481
29;24;622742081;4514401;881384436
29;25;611668025;4651359;918870415


THREAD; REPETITION; AVERAGE; MIN; MAX (nanoseconds)
30;1;562063907;5025779;793813529
30;2;570903881;4906838;880882975
30;3;603937915;4734610;924039020
30;4;619104903;5061747;880073655
30;5;554647162;4327924;812266992
30;6;584611341;4834204;912116693
30;7;662793805;4932051;912871049
30;8;611877867;5099391;899412566
30;9;563834733;4695570;906833829
30;10;591070315;5114686;1144424361
30;11;643545904;4540242;881902099
30;12;590747711;4822540;920230225
30;13;563026902;4560077;914720866
30;14;610982444;5046591;988729363
30;15;626135093;4693893;911544274
30;16;578823159;4744807;881748728
30;17;592103456;3694673;889529605
30;18;637928157;4823169;1104662394
30;19;648347484;4622026;906312744
30;20;608167629;4132020;886811452
30;21;597925019;4714076;1190485243
30;22;673817466;4595276;903092852
30;23;619017693;4859067;887300341
30;24;596417161;4794254;965129437
30;25;637491183;5364090;959126020


THREAD; REPETITION; AVERAGE; MIN; MAX (nanoseconds)
31;1;673431612;5207995;926306347
31;2;596302603;4940013;912949550
31;3;584135407;4153321;991583497
31;4;639096802;4957683;911453550
31;5;640549413;3754108;879454302
31;6;601285802;4945880;873783260
31;7;592404159;5094503;912135481
31;8;661551688;4544153;925216055
31;9;598675803;4998052;852716825
31;10;574869883;4908864;938632912
31;11;604682653;5228248;905071874
31;12;660380699;4658204;917992999
31;13;596692329;2791765;868150910
31;14;580829047;5129283;818626389
31;15;625462283;5219798;1139122500
31;16;648772376;5398242;875797413
31;17;586322786;4978985;874161730
31;18;585649941;5010134;917004187
31;19;637733741;5364439;909554357
31;20;613224234;4957124;897635454
31;21;566924118;5105118;1183230550
31;22;605261581;4421303;892747752
31;23;669052982;5061397;887182309
31;24;605801316;4944902;862576040
31;25;595363048;5177753;955674814


THREAD; REPETITION; AVERAGE; MIN; MAX (nanoseconds)
32;1;636960152;3554851;1159317525
32;2;647733451;5104000;870206758
32;3;584062541;5092617;840250437
32;4;601183602;5226711;979548517
32;5;638690110;3403156;913940180
32;6;634666761;5900890;871638783
32;7;566445243;5480654;814639081
32;8;601455899;3256490;973508644
32;9;670232629;4775048;893661206
32;10;620108592;5029411;932530460
32;11;583093312;5028363;910722801
32;12;637416112;5564674;980548226
32;13;664862682;5520115;877431211
32;14;618952648;4946020;877949921
32;15;570489284;5157569;848564831
32;16;662738791;5747239;911120268
32;17;624285039;5280071;868186878
32;18;566676777;5348235;913823195
32;19;604941447;5004198;1184756652
32;20;674725470;5569073;875189095
32;21;595313454;3097321;883645896
32;22;580705519;5096249;1197973555
32;23;629722624;5191373;909684331
32;24;665151762;5505239;903629022
32;25;588153894;4219321;843335187


THREAD; REPETITION; AVERAGE; MIN; MAX (nanoseconds)
33;1;586242969;5118039;899192355
33;2;672527277;5266871;1834827751
33;3;658434509;5699468;911320363
33;4;572699897;5383156;809278624
33;5;606380741;5528147;897414266
33;6;652501771;5855283;901899892
33;7;649518772;5198636;922366600
33;8;591281298;5546585;962137995
33;9;601672196;5252064;848568324
33;10;643851835;5815055;918890669
33;11;590777449;5119714;884947948
33;12;600518772;5149817;986246017
33;13;633888842;5782578;1091811041
33;14;633751338;5837264;910846141
33;15;573739937;5210997;786755789
33;16;600085912;5175797;929479934
33;17;639886644;3143556;884745058
33;18;622904477;5251715;912859315
33;19;585448747;5364858;838670347
33;20;584209901;5199194;849514952
33;21;641269818;5339017;906315258
33;22;605688739;5449715;834983915
33;23;588170437;5069289;858526293
33;24;607956009;5835517;898135029
33;25;635717150;5372471;900563898


THREAD; REPETITION; AVERAGE; MIN; MAX (nanoseconds)
34;1;622552677;5552382;880986271
34;2;603349957;5331613;987181820
34;3;617317141;5761906;964261590
34;4;635094917;5341112;888785865
34;5;591063648;5624318;908383049
34;6;610839401;5731246;899571034
34;7;647962129;5449506;1157540972
34;8;634544451;5530731;934287737
34;9;565041592;5230343;738495675
34;10;610619784;5691855;911121665
34;11;652680207;3381994;895215523
34;12;641863827;5200312;884307364
34;13;592757002;5551264;966024244
34;14;639645939;5541277;1188257237
34;15;635694096;5163296;905461518
34;16;586257460;5068312;850526463
34;17;594340322;5577246;949676007
34;18;653604465;5974781;882637458
34;19;637035919;4879042;906670052
34;20;568049062;5661404;805853328
34;21;602392608;5365626;952235060
34;22;617218488;5864503;884945782
34;23;601403889;5223639;860507690
34;24;574773776;5199265;926809343
34;25;620610790;5508172;902931658


THREAD; REPETITION; AVERAGE; MIN; MAX (nanoseconds)
35;1;627620673;6058312;967109996
35;2;573221123;5649671;850287396
35;3;589972503;5658191;979628765
35;4;644207470;6023810;930778423
35;5;634252714;5863874;950969118
35;6;571402583;5430509;840690716
35;7;604606740;5191093;860840623
35;8;652790398;5854585;913010173
35;9;605516091;5848020;847903365
35;10;604531077;4670216;880070861
35;11;633715129;5395309;948440514
35;12;642080974;5883080;915781195
35;13;579184298;5488547;871029488
35;14;609925320;5637029;1236126798
35;15;643295151;5917651;930819769
35;16;614474301;5686407;915009519
35;17;577293008;4473754;739676551
35;18;600566460;5507544;1986165979
35;19;631018744;5765118;887990304
35;20;605054115;5670134;876876181
35;21;596826395;6002788;968008713
35;22;607987111;5811563;1223852404
35;23;641769479;5738649;908020712
35;24;629021656;5345302;893635085
35;25;585783099;5866598;831425781


THREAD; REPETITION; AVERAGE; MIN; MAX (nanoseconds)
36;1;645028821;3196076;893521732
36;2;652605057;5663919;898728260
36;3;593634140;5981207;977906060
36;4;639423655;5862407;1288409071
36;5;661362401;5574381;895363726
36;6;585530691;5683404;948664006
36;7;582535348;5637309;880281083
36;8;629388626;6287950;891442488
36;9;613122343;5728591;921181044
36;10;585728269;5804579;794397123
36;11;609197915;5838172;970923889
36;12;642605715;5332032;880094816
36;13;617891416;5757366;904641372
36;14;581308231;5701492;798631180
36;15;625486035;6035334;993486393
36;16;632629337;6088134;905012718
36;17;600245582;5510407;853550941
36;18;604393522;5789982;874273267
36;19;610675599;5634864;987232874
36;20;613171352;6019550;910851030
36;21;583470216;4319124;732439248
36;22;600871246;5716160;963156420
36;23;631088972;6015080;904580540
36;24;618360829;2863422;836039287
36;25;595111784;5881405;861817773


THREAD; REPETITION; AVERAGE; MIN; MAX (nanoseconds)
37;1;621638238;6183816;1354755842
37;2;649604024;6011518;943472564
37;3;620448676;6133461;912934395
37;4;643020563;4479341;939862888
37;5;645420482;6139747;954013708
37;6;641305940;6182490;922047495
37;7;586719203;6063270;884601115
37;8;593989146;5957251;851666063
37;9;644394208;5868413;1170428714
37;10;642569507;6386845;851654540
37;11;575993377;5638286;779859731
37;12;622777045;6071722;901866648
37;13;637000007;5656444;902066674
37;14;657234765;6003347;893761777
37;15;610423704;5866178;905495950
37;16;602154026;5780624;972245285
37;17;626388896;5792566;881646411
37;18;592763128;6092254;910289157
37;19;595051187;5936579;1178809597
37;20;605218583;6197296;853718489
37;21;658289023;6050979;876653248
37;22;570363732;5920026;807207969
37;23;595554723;5749054;888373173
37;24;636670998;6541474;959124205
37;25;611993260;5247873;928929026


THREAD; REPETITION; AVERAGE; MIN; MAX (nanoseconds)
38;1;570261862;5664267;896961695
38;2;602025395;6241855;966658263
38;3;629104197;5814845;921677965
38;4;608146983;5828045;873128079
38;5;599174252;2912451;1270628600
38;6;621757728;6134579;918057043
38;7;621449907;6520591;891149574
38;8;552118668;6147988;908815716
38;9;585136366;5290407;910853963
38;10;628531114;6326712;852832832
38;11;604185376;6208331;909833233
38;12;571128186;5852909;833807998
38;13;597905452;5676769;905715322
38;14;652931779;6193175;907456814
38;15;603596389;6180883;886288831
38;16;582550804;6306877;866389234
38;17;598509007;6154623;895565148
38;18;629071731;3834356;886084753
38;19;600009359;6170616;893967739
38;20;594004564;6327340;974201540
38;21;616427954;5803601;859317945
38;22;635396656;5585696;930206493
38;23;561640354;6439995;745076818
38;24;592556652;5848299;880325711
38;25;629193786;6311487;938894329


THREAD; REPETITION; AVERAGE; MIN; MAX (nanoseconds)
39;1;669033331;6494052;926730352
39;2;576459217;6225931;815614554
39;3;596193520;5874629;1166792847
39;4;618055945;6192477;918945215
39;5;625480667;6044343;879907014
39;6;590418866;4640325;1166147933
39;7;643119136;5300115;910878827
39;8;612371793;6518775;859905519
39;9;576712063;6489512;844782228
39;10;599533399;5749613;943959498
39;11;626196193;6275099;913459602
39;12;590597891;6636458;860575437
39;13;572591558;6196388;820433184
39;14;612258068;6410451;903907201
39;15;635489048;6328737;943346990
39;16;596961888;6462483;879808537
39;17;581520125;5989658;971471373
39;18;613947214;6464928;906628426
39;19;632150176;6411569;903566096
39;20;572653621;5993010;841679808
39;21;588802956;2934242;883696112
39;22;642051924;6578001;869383889
39;23;617658387;6446769;905222661
39;24;559010961;6281106;802598724
39;25;600952743;5883081;1268247920


THREAD; REPETITION; AVERAGE; MIN; MAX (nanoseconds)
40;1;622247759;6515563;912757697
40;2;590448430;6292350;875664854
40;3;592478463;6302337;876046118
40;4;616856249;6024229;895572692
40;5;605039893;6631919;888254093
40;6;627245361;6338165;914535088
40;7;609751066;6194223;1496560108
40;8;636014693;6683810;894358082
40;9;611951210;6011030;895770831
40;10;562644522;6413245;833301579
40;11;608938661;6360235;872104066
40;12;624687696;6498382;918743374
40;13;603489246;6616204;919505691
40;14;573718954;6268534;869986897
40;15;609914159;5959556;927942378
40;16;601945689;6476033;933230271
40;17;602459074;6387823;900610343
40;18;618743913;6260363;959053176
40;19;625118656;6055868;923149870
40;20;616641780;6787524;867759869
40;21;607210464;6145893;878454873
40;22;625098758;6569200;1133047496
40;23;635949106;6494331;898925980
40;24;568956425;5956274;803150121
40;25;594899230;5676489;1105581995


THREAD; REPETITION; AVERAGE; MIN; MAX (nanoseconds)
41;1;644757805;6608591;911593792
41;2;618302218;6736261;898474247
41;3;585390154;6033937;838867999
41;4;595763543;5516483;913511773
41;5;630937538;6833410;868988726
41;6;620399491;5801995;888930786
41;7;566430208;6810293;730171083
41;8;606967202;5798992;928540639
41;9;626447452;6640788;954164426
41;10;610607015;4517892;863114865
41;11;594518174;6723271;921164561
41;12;584780992;6227817;891502970
41;13;619827984;6666838;937099338
41;14;579012992;6435245;831409857
41;15;600510657;6458783;903355525
41;16;640056946;6343963;904623842
41;17;619881743;6643651;883876094
41;18;603668622;3149073;876937083
41;19;575365283;3528591;819240434
41;20;645700889;6925671;929221661
41;21;625639003;6027023;921655196
41;22;595519986;6742686;895312253
41;23;597182165;6230681;973170193
41;24;630483731;6712165;884329713
41;25;606796444;6761823;899297467


THREAD; REPETITION; AVERAGE; MIN; MAX (nanoseconds)
42;1;592580738;6596020;909620706
42;2;606161703;6812667;903422781
42;3;651982233;3793359;899580393
42;4;602024124;6565708;854058267
42;5;596011272;6266997;862567449
42;6;614296086;6697639;869273470
42;7;618389841;6488394;862108801
42;8;576953030;6520941;930232963
42;9;613745363;6835995;864523285
42;10;630469133;6847239;933259814
42;11;616338500;7105861;891142799
42;12;602316385;6901017;868541114
42;13;621747420;6709931;925528314
42;14;650379030;3834635;882229795
42;15;609541589;6820350;844063422
42;16;599331660;6268604;888917656
42;17;638164826;6645048;1207840033
42;18;623364468;6367290;888129636
42;19;592408488;6556630;846144692
42;20;598398304;6758400;984194080
42;21;650464263;6074026;885406596
42;22;616612698;6692261;906358839
42;23;580165726;7160129;815192154
42;24;616589368;6838719;965882046
42;25;626097791;6414642;952165498


THREAD; REPETITION; AVERAGE; MIN; MAX (nanoseconds)
43;1;641476842;6957029;901997670
43;2;602470445;6851359;941390387
43;3;617078578;7136242;914341488
43;4;639253567;7008154;943380863
43;5;582297519;6787035;878163216
43;6;616238119;6703436;905835588
43;7;637235368;7370839;940356176
43;8;614256807;6890121;870089774
43;9;581358094;7058648;747703549
43;10;603819254;6700014;848357822
43;11;629842465;6936077;888433656
43;12;609141313;6636807;887079154
43;13;593391967;7213626;845161396
43;14;621239508;3064076;938557205
43;15;646722157;5235512;900368622
43;16;598049051;6750299;880091604
43;17;609261159;6653220;884592944
43;18;626961098;6836064;966329031
43;19;625453622;6868680;883103648
43;20;602273439;5826997;870466498
43;21;609729856;7081137;911165246
43;22;636135032;6759169;914241195
43;23;615411478;7087004;899785657
43;24;603195304;6272655;873756721
43;25;597430646;6209169;1236261801


THREAD; REPETITION; AVERAGE; MIN; MAX (nanoseconds)
44;1;662357686;6829010;942725961
44;2;619060432;7014159;922645266
44;3;607682905;6382096;1246052780
44;4;630871423;6927068;962804910
44;5;621332148;6758959;879549425
44;6;605917730;5740953;877326238
44;7;615010804;6375182;967969184
44;8;658956716;4625798;970478790
44;9;621296760;3712344;902417277
44;10;606408329;3069035;834891725
44;11;643875780;6983778;903961816
44;12;648401206;3107867;926516429
44;13;610713236;7373283;965373532
44;14;591149791;6904858;873301914
44;15;620190913;5908154;856873429
44;16;639694934;5724400;893454196
44;17;617332820;7002147;899207441
44;18;618228084;7136032;956644978
44;19;623970076;6748972;917169222
44;20;624808724;6547201;897136089
44;21;598911219;6515702;842493460
44;22;616311318;7319156;1204053169
44;23;648517069;6449074;895948786
44;24;650420311;6764896;936536068
44;25;599105817;6453124;823277330


THREAD; REPETITION; AVERAGE; MIN; MAX (nanoseconds)
45;1;629808567;3793290;893162260
45;2;655818315;7173468;921317723
45;3;618262510;6906884;916350681
45;4;614714126;6490978;928452638
45;5;610210188;6818116;985238766
45;6;611947012;5993429;864937513
45;7;598401041;6829778;872419749
45;8;618643824;7122134;1196398076
45;9;635880342;3287010;998098711
45;10;626600360;6606775;889124805
45;11;600194954;7376356;896876419
45;12;608767424;7081976;1281584042
45;13;633324581;5604553;909789373
45;14;603536250;6917360;895745409
45;15;610433818;6753372;950091912
45;16;612751213;6441810;1174205242
45;17;604757361;7109773;935079877
45;18;626124818;7305537;869761101
45;19;621588368;7187017;987722113
45;20;640499106;6921480;992886945
45;21;645064531;6839068;902745391
45;22;590122160;6461715;905976597
45;23;610072812;6832711;910577881
45;24;639426959;6785500;907582947
45;25;637740530;6878249;876878766


THREAD; REPETITION; AVERAGE; MIN; MAX (nanoseconds)
46;1;589428432;6707067;847655917
46;2;631622762;3401759;1193539402
46;3;651512849;7285074;935949681
46;4;614896441;7037836;898954755
46;5;608568973;7168159;1178538822
46;6;644954151;7096782;936032024
46;7;632890500;7212020;897721219
46;8;643698904;6855410;880760334
46;9;631829018;6689887;863902046
46;10;636772395;7125137;934160766
46;11;632511933;6412616;864715558
46;12;607950047;7583436;1212230116
46;13;631051731;4690331;904469912
46;14;638871247;3523143;932233566
46;15;608625015;7255880;861435881
46;16;604219296;3762769;956533232
46;17;638713112;7649785;925258867
46;18;638230137;7042445;896962464
46;19;634682499;7128420;887123084
46;20;667924650;7410789;1205253810
46;21;643387162;6196178;951367492
46;22;617485739;7332566;931134265
46;23;592993668;7044401;853245594
46;24;594138788;7046706;882404747
46;25;628882937;3333175;871268974


THREAD; REPETITION; AVERAGE; MIN; MAX (nanoseconds)
47;1;608155681;6717754;858651589
47;2;604503984;7634630;930475661
47;3;623460671;7885639;904940432
47;4;637962168;6768039;933635839
47;5;590815942;7455068;774144828
47;6;594466085;7006408;839863516
47;7;662953935;6577442;915574396
47;8;616993660;7153702;900766648
47;9;615835402;6005092;900666566
47;10;615679254;6593087;1161473107
47;11;630467644;3278350;924706213
47;12;620902962;6569201;908277729
47;13;620613432;6658528;1144981764
47;14;619301851;7315804;874057946
47;15;627498866;7657188;850621867
47;16;607209174;6816370;842677841
47;17;615741146;7020515;1283012017
47;18;642671489;7525119;915172529
47;19;647680413;7059486;923228650
47;20;591289603;7056763;942891625
47;21;614083588;7438655;893369898
47;22;637470023;3298325;890456539
47;23;606269224;7378243;915004212
47;24;605472394;7260490;1169585730
47;25;629451563;7455836;936227649


THREAD; REPETITION; AVERAGE; MIN; MAX (nanoseconds)
48;1;617106269;7178986;869064922
48;2;589891122;6155950;891759777
48;3;601656987;6093582;931639984
48;4;635727454;7096293;878873991
48;5;605461131;6731652;829613889
48;6;638855390;7437328;858051512
48;7;635136627;7433277;909679862
48;8;634423175;6930280;875886461
48;9;669573987;7310496;952541036
48;10;612959845;6084084;839714125
48;11;631060469;7513944;870787209
48;12;635980981;7279487;906187308
48;13;610559400;7418192;855302699
48;14;619872210;7008363;900407174
48;15;673531909;7616471;926594162
48;16;599042745;6504878;851592800
48;17;608608734;6525410;911481906
48;18;623501894;6548947;949668603
48;19;636801688;7517715;915744040
48;20;597099425;7083443;806463601
48;21;614051658;7716972;1259905309
48;22;651058403;7050268;909780782
48;23;662395682;7524140;897868864
48;24;576871567;7542229;853126864
48;25;607227233;7268661;860326940


THREAD; REPETITION; AVERAGE; MIN; MAX (nanoseconds)
49;1;636893969;7032388;911481208
49;2;618672211;6658039;930604100
49;3;591022971;4460483;967816650
49;4;647212641;6852337;1180171363
49;5;634956593;3859569;910363608
49;6;645954569;7411905;896831999
49;7;600147989;7108026;960008046
49;8;638352756;7366788;916161551
49;9;612353168;7052224;859022585
49;10;580910150;6772508;881440937
49;11;605426759;7323347;1281330938
49;12;637051291;6937334;883615725
49;13;619608257;7515689;874866428
49;14;588931608;7320135;862603907
49;15;618237841;6476381;928493775
49;16;624390694;7350236;878196670
49;17;614680907;7300579;848905308
49;18;652203352;7514363;890999763
49;19;648817240;6967924;913808110
49;20;619283241;7309868;878441046
49;21;592348378;8118280;911078573
49;22;623872342;7225360;939143593
49;23;626007443;7552147;895728088
49;24;633201608;7349676;902605848
49;25;610537588;6888306;833113217


THREAD; REPETITION; AVERAGE; MIN; MAX (nanoseconds)
50;1;618775365;4376185;1209715201
50;2;658612950;8325499;924954079
50;3;614422590;6520381;920803831
50;4;634636094;6921551;863576935
50;5;634586507;7608020;906415410
50;6;638171998;7635118;895831174
50;7;615695474;2692451;874669476
50;8;605448362;7544674;882997839
50;9;653696959;2967346;919761102
50;10;627249981;3146769;935857141
50;11;593968371;7252109;823202879
50;12;608818322;3953436;882492537
50;13;648288452;6251283;894808837
50;14;599328065;7508985;874474200
50;15;603310043;7386902;910865627
50;16;637104775;4610851;858014845
50;17;617064542;7765582;892309916
50;18;605581711;6619905;870323113
50;19;619835703;7726541;883937763
50;20;617419847;7649855;970475088
50;21;647082865;7511150;930635947
50;22;613501600;7014579;867784802
50;23;621702881;6047417;1235499344
50;24;638186754;7283677;871630054
50;25;618763881;7466452;892918443


