THREAD; AVERAGE-REPETITIONS; MIN-REPETITIONS; MAX-REPETITIONS (nanoseconds)
1;0;0;0
2;0;0;0
3;27571010885;27490551726;27692580897
4;21398352227;20280328214;22620575173
5;16258170464;13068104602;19385966328
6;26455683677;16086585968;33400011546
7;29330201152;22620622601;34107540975
8;25439468955;16605202485;30864803487
9;25049855597;18331654945;30428707729
10;23684628942;16690008501;29446045793
11;24372845905;19463641753;29041959427
12;22304743489;17088468241;26417408483
13;25467762059;20998496459;30504001578
14;27830281590;21249744199;38611176708
15;33331923901;19185880889;45351485624
16;33035995044;18526540088;47194685637
17;37639622604;17575118169;58253210100
18;36952086083;17362430635;58465425382
19;36394560340;14820568488;58194062636
20;36256605499;16228401372;58118955205
21;36921388655;15553811956;57000754651
22;36446526777;16226837304;56960540948
23;35533985373;15442648372;57176179980
24;35978788613;16112138863;57183074902
25;34997603808;15664278250;57307021470
26;35800509910;15254313487;57754732984
27;35764996918;15252853759;56844502957
28;36445208960;15798252311;57681713790
29;35503030569;14828569885;57740665134
30;36007386859;14898968072;57637022811
31;36325433441;16068535612;57898593474
32;35642530211;15633956209;57802173030
33;35380431950;14116775799;58091130020
34;35574752597;13783254586;58188813991
35;35926682367;13379740774;58104033199
36;35511986582;13360459980;57766497557
37;35821492532;13993354163;56588465081
38;35921887622;11467875947;58020878927
39;35729059893;13695990308;56778061678
40;35757439347;13637941034;57431477134
41;35129843930;11706957842;57456146119
42;36337867680;9852743792;57885690214
43;36250898679;11463798013;56861384268
44;35692180984;11976923494;57545710281
45;36204282889;9537357261;58298349158
46;36617919027;11885431397;57947298016
47;35318777758;12450014895;58225271943
48;36319486458;12150304170;57493568498
49;35773597550;11703351247;57211108311
50;35390662237;10493606729;58731172601
THREAD; REPETITION; AVERAGE; MIN; MAX (nanoseconds)
1;1;0;0;0
1;2;0;0;0
1;3;0;0;0
1;4;0;0;0
1;5;0;0;0
1;6;0;0;0
1;7;0;0;0
1;8;0;0;0
1;9;0;0;0
1;10;0;0;0
1;11;0;0;0
1;12;0;0;0
1;13;0;0;0
1;14;0;0;0
1;15;0;0;0
1;16;0;0;0
1;17;0;0;0
1;18;0;0;0
1;19;0;0;0
1;20;0;0;0
1;21;0;0;0
1;22;0;0;0
1;23;0;0;0
1;24;0;0;0
1;25;0;0;0


THREAD; REPETITION; AVERAGE; MIN; MAX (nanoseconds)
2;1;0;0;0
2;2;0;0;0
2;3;0;0;0
2;4;0;0;0
2;5;0;0;0
2;6;0;0;0
2;7;0;0;0
2;8;0;0;0
2;9;0;0;0
2;10;0;0;0
2;11;0;0;0
2;12;0;0;0
2;13;0;0;0
2;14;0;0;0
2;15;0;0;0
2;16;0;0;0
2;17;0;0;0
2;18;0;0;0
2;19;0;0;0
2;20;0;0;0
2;21;0;0;0
2;22;0;0;0
2;23;0;0;0
2;24;0;0;0
2;25;0;0;0


THREAD; REPETITION; AVERAGE; MIN; MAX (nanoseconds)
3;1;0;0;0
3;2;35686206627;35686206627;35686206627
3;3;0;0;0
3;4;24468852885;24468852885;24468852885
3;5;36999000327;36995683530;37002317124
3;6;33158303151;33158303151;33158303151
3;7;35652779124;35652779124;35652779124
3;8;54645027464;53615000370;56703876121
3;9;0;0;0
3;10;35163479925;35163479925;35163479925
3;11;0;0;0
3;12;34711035411;34711035411;34711035411
3;13;59814347285;59814347285;59814347285
3;14;36393750393;36393750393;36393750393
3;15;35461579998;35461383430;35461776566
3;16;37866611015;37845611802;37887610228
3;17;0;0;0
3;18;52396230736;52396230736;52396230736
3;19;36632461388;36629270759;36634601814
3;20;0;0;0
3;21;35051784829;34100627454;36002942204
3;22;0;0;0
3;23;34666852211;34665493869;34668210554
3;24;36782365776;36782365776;36782365776
3;25;33724603581;33723370638;33725836524


THREAD; REPETITION; AVERAGE; MIN; MAX (nanoseconds)
4;1;24241138923;17622296200;30859981646
4;2;30303780042;23694238304;34054457131
4;3;32590069303;32205633468;32974505139
4;4;0;0;0
4;5;0;0;0
4;6;17502083295;17502083295;17502083295
4;7;23951445086;23950430991;23952459181
4;8;35649360487;32380525947;42170775267
4;9;17107210972;17107210972;17107210972
4;10;12855076204;12855076204;12855076204
4;11;22776126016;22776126016;22776126016
4;12;18550040036;14044439656;23843558958
4;13;22829768797;22829768797;22829768797
4;14;23470164783;23470164783;23470164783
4;15;0;0;0
4;16;22972500765;22972500765;22972500765
4;17;23794875815;23794875815;23794875815
4;18;32572756873;32572756873;32572756873
4;19;24051308732;17489449707;32036506944
4;20;33520856771;33520856771;33520856771
4;21;0;0;0
4;22;42487480183;42487480183;42487480183
4;23;23024557380;23024085393;23025029368
4;24;23793642558;23793642558;23793642558
4;25;26914562675;26914562675;26914562675


THREAD; REPETITION; AVERAGE; MIN; MAX (nanoseconds)
5;1;46174549885;22994355917;57890881383
5;2;20543865398;14941485301;26817988949
5;3;0;0;0
5;4;18247540749;18247540749;18247540749
5;5;17786295849;15251472394;20321119304
5;6;13578743982;12609619938;14547868026
5;7;17402898622;13246829066;21476650315
5;8;17932610825;12994262190;21385301274
5;9;15468483075;15468483075;15468483075
5;10;0;0;0
5;11;15314990173;15314990173;15314990173
5;12;0;0;0
5;13;21027124956;21027124956;21027124956
5;14;17567594764;12578509559;22556679969
5;15;14663174474;13365958383;15960390566
5;16;0;0;0
5;17;13136114017;13136114017;13136114017
5;18;17404958311;16531033483;19148630204
5;19;20457102998;20457102998;20457102998
5;20;21925008928;20169094535;25433089192
5;21;30362525311;15120312218;55830900226
5;22;18251269138;13433305979;20731564208
5;23;17127685129;13172959762;21375348962
5;24;17135061474;11695396830;22574726118
5;25;14946663543;14946663543;14946663543


THREAD; REPETITION; AVERAGE; MIN; MAX (nanoseconds)
6;1;17952899252;17952899252;17952899252
6;2;15618003370;12521243691;18714763050
6;3;20221958843;11843939593;36976536893
6;4;37680794451;37664901126;37696687777
6;5;0;0;0
6;6;29719499517;12657975874;39221554276
6;7;34089396819;13900886496;40830887305
6;8;20667432383;6706537214;35019885978
6;9;23831296994;12153590400;36337402938
6;10;34882118840;34878953960;34887888615
6;11;23583401452;11947270533;35229106353
6;12;31085089026;11121249070;35092011624
6;13;24885380701;11600491123;38172793609
6;14;33282914920;17876909356;40043271841
6;15;41116613040;41111571652;41121654428
6;16;25717917919;11677563210;36663820472
6;17;32601437333;11669008422;37919057101
6;18;36729723004;36723907717;36735194557
6;19;11048438035;11042742374;11054133696
6;20;24115625572;11136701313;35212534903
6;21;23303906502;11340498443;38249490927
6;22;29110445462;18945906184;39274984740
6;23;31117810678;11674109838;37610330921
6;24;25433122691;11589589738;37146759015
6;25;33596865139;12426202632;37836638386


THREAD; REPETITION; AVERAGE; MIN; MAX (nanoseconds)
7;1;33201529887;33193833573;33213879278
7;2;17456683088;11110436033;25663589856
7;3;35697665020;34634733116;36078067325
7;4;30231776374;15835682188;32636373128
7;5;35542106359;12290609701;39430754119
7;6;28968394563;26821831755;33092609605
7;7;30869791796;27647012400;32204566432
7;8;38487651642;34814824859;45154859137
7;9;24015371115;11640441872;39532932887
7;10;34421580769;34388455377;34482935192
7;11;31791881056;29329785280;34253976832
7;12;31477020682;28751251904;34202789461
7;13;32932399473;32929977553;32939040297
7;14;24499604785;11288771687;33608549690
7;15;29081114169;11271857387;32853772756
7;16;37472907730;33913984529;42788967872
7;17;25347658152;10713610878;32169531672
7;18;20290942019;10946051593;32806659855
7;19;26126799278;11925698518;32975497724
7;20;31528592935;28975212842;32505742140
7;21;18830987772;11078543712;35719131691
7;22;23931575062;11873226137;32268723819
7;23;33419717381;33405002452;33445138210
7;24;27697066456;26943127408;28451005505
7;25;29934211261;29791602285;30209429900


THREAD; REPETITION; AVERAGE; MIN; MAX (nanoseconds)
8;1;22275361452;12726530467;27464283729
8;2;27133286318;24275073159;29991499478
8;3;25362476208;11577567261;32775515952
8;4;24364068035;10932779166;33891822564
8;5;34452751170;34235576868;34735058716
8;6;21741860432;10745340469;24494083396
8;7;20887264722;9874407082;26454382960
8;8;21045803761;11048524184;30928894594
8;9;27756010732;26470927311;31583908220
8;10;20718821002;10459292801;32979403318
8;11;24966296251;11212452071;33618270758
8;12;26417476013;11247182882;30642254043
8;13;24946772320;11086944011;32563736243
8;14;18847966274;11205503074;26518119830
8;15;26645045948;24055814356;29634958284
8;16;25929749626;10152747415;33354262483
8;17;29565243055;25298650597;31231887643
8;18;30781813680;27091453663;33788513204
8;19;21238498029;7146916927;29772074245
8;20;28049871122;16574061089;30575423622
8;21;26385808140;24102297359;29739801777
8;22;26926162682;11195701689;34334418411
8;23;30197427943;27430232334;30764570148
8;24;23124800676;10321602327;30430989344
8;25;26226088301;24662483570;29351954229


THREAD; REPETITION; AVERAGE; MIN; MAX (nanoseconds)
9;1;28397126188;10983786277;50226149343
9;2;22958408254;10882435826;32360851659
9;3;19826355794;9545486508;27098071613
9;4;23822117389;23807252528;23830307344
9;5;25228411991;23723149451;29736421039
9;6;23416055672;10401420712;25773822651
9;7;24852144947;23582928556;29067563405
9;8;31108093644;28521255145;33709783367
9;9;25176504737;10539476945;33107684078
9;10;22850929051;20707087004;23951821111
9;11;32250407649;28252529233;34878609223
9;12;24604168596;23808012541;29342472018
9;13;25243018421;24261970097;30083647154
9;14;23083652286;9820664358;29861621240
9;15;29308765010;24858522592;33752916292
9;16;24795911274;10009801107;29298735384
9;17;25377267350;13509143970;32426076917
9;18;20430716194;10427094435;24310029837
9;19;28457942583;28128875807;28988657078
9;20;26644118072;23879660404;29408575741
9;21;27067002196;25231023426;34801159645
9;22;18233412192;9909121272;28761589951
9;23;23788163129;19346238348;27707746585
9;24;23838350295;23781497369;23912963240
9;25;25487347012;10372939717;34320417329


THREAD; REPETITION; AVERAGE; MIN; MAX (nanoseconds)
10;1;26103488516;20642494786;28025814105
10;2;21138822232;9827478632;25074223050
10;3;17704921443;9039948373;22437254945
10;4;24067680487;24047757047;24096181707
10;5;22718110765;22703774712;22738288665
10;6;17569487818;9756567804;22373310574
10;7;24301463865;9594188158;29057939905
10;8;29279881321;21621862625;35646995428
10;9;19395222486;9663355748;28827932809
10;10;24119197971;24119197971;24119197971
10;11;20773503406;6122996429;23854671055
10;12;23824985570;19340410513;29242861243
10;13;23780624478;10330079940;32924120314
10;14;22394423336;22341553605;22437167503
10;15;32412519503;25747080355;35708767944
10;16;27479608178;25740906665;33721561470
10;17;23073283650;22679481540;23467085761
10;18;26213990715;10651823835;33840834799
10;19;24377874399;22085164315;28406352624
10;20;21005356383;9832733839;29728828175
10;21;16817144357;10281838544;23627465781
10;22;28692792928;27035127509;34477354384
10;23;21564688878;10600372953;31558324802
10;24;24089848460;12892319485;47753149562
10;25;29216802414;20551697143;43005460261


THREAD; REPETITION; AVERAGE; MIN; MAX (nanoseconds)
11;1;17860864497;8808390801;22281784905
11;2;30035721273;20003431372;35166724124
11;3;14004294767;9376502740;22127021451
11;4;25916894493;19432457408;29050017460
11;5;26977162041;24361928611;33557776407
11;6;24708326975;23959903843;29683916252
11;7;27370138963;24586935909;34408166192
11;8;21116578464;10179537343;27988136691
11;9;23095276704;23095276704;23095276704
11;10;15715110216;11829828512;21548684330
11;11;25033388775;23192982976;29534340468
11;12;29633136489;16193139840;36111496782
11;13;23992386794;23963835139;24042042774
11;14;23979467251;23953598432;24005440985
11;15;18712116911;12456422534;22251355130
11;16;22642519460;22624829343;22669011913
11;17;24798012002;23915761430;29118824809
11;18;30632123193;10512907157;44361658256
11;19;18557549311;9622407038;28249619085
11;20;23334937960;23326394556;23350930007
11;21;27448466949;19436818995;30859140827
11;22;28064751549;22649862343;38880620582
11;23;29490259213;29466457679;29520199215
11;24;29337451358;25386296024;33290901985
11;25;26864212036;24255137105;30895898361


THREAD; REPETITION; AVERAGE; MIN; MAX (nanoseconds)
12;1;21344741266;21030836740;21667460250
12;2;35140280049;35068632047;35283394328
12;3;22525732362;18227726149;27903500165
12;4;24451808431;19343181256;29204420534
12;5;0;0;0
12;6;22217917046;22162802116;22258208794
12;7;21590441755;9551036654;30039279364
12;8;23670136482;19524651807;28493560354
12;9;21801312632;18394063491;22634842906
12;10;19384915878;7166920307;28908255588
12;11;25977437049;9808163956;30318633514
12;12;20302049361;10411103227;24939761897
12;13;23882498299;22338640874;28258235265
12;14;30062342455;26582289928;35415038644
12;15;24107529006;22332274214;27650498877
12;16;29247893936;29247893936;29247893936
12;17;0;0;0
12;18;29108952243;10056467024;36615710935
12;19;20404973736;10068520091;23594888526
12;20;24346371598;20007608230;29203644248
12;21;24152116931;24109324580;24183152188
12;22;17075961784;10749249346;32638840272
12;23;34392710865;27013248332;37468738415
12;24;17037981311;9699030673;22887843078
12;25;25392482763;24318041050;31619410009


THREAD; REPETITION; AVERAGE; MIN; MAX (nanoseconds)
13;1;26048357458;26025544308;26078103851
13;2;22842776508;22795639041;22907401849
13;3;24121869981;24072685704;24184493420
13;4;21390556248;18769742802;22716821272
13;5;26615912881;23984163350;29247662412
13;6;28803429653;23585874182;49518528263
13;7;27789742015;24616882732;33706385798
13;8;24010986749;22639043650;28043396926
13;9;22610619506;19476975705;23724044327
13;10;36408146845;23779264613;49037029077
13;11;25836882495;23515379888;29296327397
13;12;25352735403;24093424653;30226098149
13;13;23057070056;22992628952;23180410499
13;14;22584392958;12990232977;28775048994
13;15;20512647103;18478939153;22546355054
13;16;31903804638;27485973916;36365176021
13;17;24569239666;23767914917;29138052253
13;18;20099111016;9488108894;28649573130
13;19;27582057487;21003375219;34587626570
13;20;31936620599;23786919497;48155883290
13;21;24406409229;22836240360;29053753340
13;22;30846696655;21234657757;36936282545
13;23;22952936451;10413080503;29249841111
13;24;20851115050;9589799751;23699000991
13;25;23559934840;23539918970;23576742924


THREAD; REPETITION; AVERAGE; MIN; MAX (nanoseconds)
14;1;25730794963;20454897201;32831821921
14;2;37856348266;24850451314;59758455055
14;3;22287669342;17615145430;28088682920
14;4;23952419075;19497818857;30002532445
14;5;34051644543;22664206694;56683802620
14;6;27735282549;22593641720;50158986407
14;7;22650752504;22577448041;22839194437
14;8;27307388508;23804222254;38393205630
14;9;32095590501;25145063688;51314223386
14;10;21289756845;21086075744;21687629643
14;11;25884551563;19451062775;50021335533
14;12;27591072631;23768935367;30229508289
14;13;25304920038;19704942737;30769151805
14;14;16984335409;10325149634;23251362114
14;15;42637205737;22213431665;59113119964
14;16;27984130898;23284679827;31146189670
14;17;21882811446;18515117495;22745104754
14;18;29911438367;24493618393;49370628600
14;19;24224226682;24168978319;24301348775
14;20;25722473561;22675716537;36604184959
14;21;27601352511;24177872676;30988060284
14;22;27103217378;19664061005;34542373751
14;23;28110834163;22281724214;34734047623
14;24;35088258254;17579162575;57095211612
14;25;34768564038;18650180819;58609255506


THREAD; REPETITION; AVERAGE; MIN; MAX (nanoseconds)
15;1;23224304051;6252589784;32713396814
15;2;30309573622;22628578214;42604705136
15;3;36133091396;9461678929;51253143136
15;4;32784731344;24380384938;52869467977
15;5;31964222076;22409109328;56594104698
15;6;34514346292;18619256987;46156177112
15;7;36014525309;22488638569;40251184997
15;8;36964628546;26113834929;53632142214
15;9;26286654311;10546825504;38446962533
15;10;30477817498;23844599872;43476346924
15;11;38429408118;10403776109;59892791402
15;12;27047604341;22074398701;28046949334
15;13;35850984831;23327470390;36671019570
15;14;29788950545;9038498748;46333708963
15;15;36073852635;22700156933;54346125834
15;16;41065405513;20833289915;56557005918
15;17;32893687568;22731420195;42138806818
15;18;27397268141;21786862995;32087152766
15;19;41522765051;20379223127;52486603604
15;20;40112809174;21909124554;59702874039
15;21;30553061814;22271106244;39017294307
15;22;27911908884;22528111883;41208126591
15;23;38823053408;23318860637;44228692474
15;24;34867833465;18380093000;39449741797
15;25;32285609606;11219131760;43622615653


THREAD; REPETITION; AVERAGE; MIN; MAX (nanoseconds)
16;1;26603904545;17322540085;37604721061
16;2;32480666916;19153831004;39936486132
16;3;30368709878;8870417399;48789546716
16;4;32652988486;21233428969;37320163317
16;5;28434440748;18438107078;36372901794
16;6;29269012314;10391602913;37387533750
16;7;28473650060;18379679819;37570153050
16;8;42050450951;24666041214;58109541716
16;9;30278187654;20904584661;40867976935
16;10;32879094437;9075265153;42099126216
16;11;39436973521;17731063655;56772258974
16;12;37970238467;11330873687;54573906530
16;13;34094318381;22628046162;54549874635
16;14;30875441419;21693755072;50997204045
16;15;28157534392;17574461698;31917310231
16;16;41292184086;23468876352;51306506972
16;17;29522856770;17571100308;47770841685
16;18;35972939057;22562056491;59087503929
16;19;39735281794;23802289047;58498530050
16;20;30209262086;10461698973;39419044949
16;21;27721963663;21288639478;53004980591
16;22;33480724312;17809237696;59683653090
16;23;36160348243;21381252925;45147182393
16;24;34712903541;22494118247;54804064274
16;25;33065800392;22930534117;46276127902


THREAD; REPETITION; AVERAGE; MIN; MAX (nanoseconds)
17;1;34594118884;16487542690;58946760971
17;2;39624051623;16736669674;51948670921
17;3;35217223016;21904415086;57893068253
17;4;39391884763;10534009979;57261829088
17;5;36938165703;22365852084;59276278201
17;6;40577906010;24545871682;59543268837
17;7;36435455716;21208543264;59815055545
17;8;37763592188;17969189869;59833168810
17;9;37946390657;9006290534;58568166834
17;10;33814653199;18072963743;59975524334
17;11;38168856217;17317764269;59144261841
17;12;37780768510;10404000648;59984571224
17;13;42212931432;18397923269;59937829808
17;14;41494700292;18482543871;53411336566
17;15;39235380908;21855602667;58909488287
17;16;32584614464;15777920448;59338269039
17;17;44257501869;22757402338;57554994978
17;18;33225720050;17434466252;58831845598
17;19;42655477689;22756048535;57790552990
17;20;32033591198;18659541994;54950377074
17;21;36722225041;17243791320;57913383544
17;22;36353658247;10366809399;58147616386
17;23;36936867694;21339708189;59473514371
17;24;44764598164;10490889904;59837129091
17;25;30260231585;17262192541;58043289929


THREAD; REPETITION; AVERAGE; MIN; MAX (nanoseconds)
18;1;35017752130;21352626311;59962192821
18;2;34483664734;15795682901;59916777831
18;3;40469118438;18691686024;54001238426
18;4;38235594371;16486612265;58751895492
18;5;37817886721;14104638508;53001278654
18;6;37372400394;16295589453;59110493722
18;7;35506876364;16228980220;52830478734
18;8;34378670759;8591142100;55364788682
18;9;39060487096;22350732635;59445634082
18;10;38534640130;21171015729;59787758361
18;11;34648339875;17010160788;59131444081
18;12;33444434626;17043656317;59977831470
18;13;40522229777;17939967510;58074615420
18;14;36274564645;16440993688;59894903263
18;15;35368510560;17114392331;59984169915
18;16;34866099006;20710761353;59293674406
18;17;43479136471;23535289541;59076430036
18;18;41994043412;17182520753;58742349935
18;19;37156801278;22221305641;59976821566
18;20;35177253132;16973220898;58917054193
18;21;34550686912;17021470606;59788196894
18;22;36256408850;8025214028;59959331214
18;23;39594661301;17343506437;59905624598
18;24;35122745227;17427850257;59955638287
18;25;34469145876;17001749594;56785012481


THREAD; REPETITION; AVERAGE; MIN; MAX (nanoseconds)
19;1;34968713762;7865814370;59367874897
19;2;36368887207;7974229406;58374146155
19;3;36032261916;16146116266;57565940434
19;4;35088933219;8312033583;59675100746
19;5;32655799272;16926368854;59235981738
19;6;41111502483;17152527835;57773760073
19;7;34212545481;17041014082;56622575774
19;8;35598874706;16163345970;58939632691
19;9;38160917669;21101001035;58316862129
19;10;34064934244;17093899713;57418656770
19;11;32135559918;16078958499;55979516181
19;12;38802870919;16063823265;58799539258
19;13;33230352558;7961406757;58479732200
19;14;38254283002;10501649511;59212056979
19;15;36181301830;17074857210;58494047568
19;16;35208401683;18612891513;59019060313
19;17;41112466102;17027372963;55928584988
19;18;38806395313;16052319848;56135117941
19;19;36411822081;16474143991;55244778806
19;20;37041192815;16965553722;56404594648
19;21;41388821723;11509384852;59227159947
19;22;35153797274;10094163713;59791687561
19;23;33469429257;16221992040;59860821068
19;24;33630285750;17038127192;59656990763
19;25;40773658323;17061216020;59327346283


THREAD; REPETITION; AVERAGE; MIN; MAX (nanoseconds)
20;1;35467262774;16205855284;59555412769
20;2;33264465147;13328797654;51096112704
20;3;37520713517;15688970107;59795882018
20;4;33247669558;13121337140;59629323280
20;5;36073201892;21652985436;59641680437
20;6;34113131206;14250332234;55471459151
20;7;34040354202;10316673069;56160833778
20;8;39529891130;17747265086;59064624763
20;9;35479742176;16948108209;57684222506
20;10;38564777667;17964792802;58792456304
20;11;39341164353;24674423216;57523838086
20;12;36756359592;16118961698;55411989583
20;13;30449659714;15127513203;59002915384
20;14;37979396643;17036407071;55495307504
20;15;34914897371;16139584081;58974598307
20;16;33652843278;10556950394;59933559293
20;17;40108774915;18168023240;59437503230
20;18;36936383038;16448431854;58202137142
20;19;33513022395;16088008811;57212234725
20;20;37187590340;16634386703;59332220646
20;21;37857388757;16066386859;59916908504
20;22;38339120100;16115021881;59506511791
20;23;33180080930;16064602694;58601125772
20;24;36640277797;8350646171;59605961512
20;25;42256969003;24895569409;57925060936


THREAD; REPETITION; AVERAGE; MIN; MAX (nanoseconds)
21;1;34653922598;16230744830;59219745875
21;2;37012713339;16376074334;57565464605
21;3;42199121390;17775201807;59957166833
21;4;34103255953;16321779374;48652847010
21;5;34405953228;16463612065;59147312298
21;6;34766940297;10547703689;59474268937
21;7;33752307425;16058231843;59693059872
21;8;44506953514;18671798302;58026032848
21;9;36977197766;16316809050;56626064277
21;10;37383103757;16838620062;58679710131
21;11;38122090222;8276656740;59424239883
21;12;34740781827;16206021646;57650977988
21;13;42879494147;11507183944;53216814358
21;14;35167394924;16171760727;50192046754
21;15;34287301740;9956859113;58888237542
21;16;34147209005;16394891250;58061981690
21;17;38908088476;10157816426;57290686944
21;18;33171344969;16245278520;59778254010
21;19;35873816368;16941249935;54633086258
21;20;37658016673;16978754632;57593253822
21;21;36591244917;16443124335;54915383450
21;22;36594707838;21594639332;56285571141
21;23;42890315301;16938009021;56770128885
21;24;35805012039;16195531485;56429877121
21;25;36436428682;17236946455;56846653765


THREAD; REPETITION; AVERAGE; MIN; MAX (nanoseconds)
22;1;36473499792;16292057510;55897183650
22;2;37700851019;16352805315;59670523489
22;3;35838402541;16951483359;54134573738
22;4;37371561590;16980522525;58031275833
22;5;34580723336;16470306352;56782605680
22;6;32353864579;12816362904;56205397264
22;7;37188538276;16354300337;57816369818
22;8;35552293489;16958966573;52685844290
22;9;38510457615;17266429602;54003657727
22;10;33732573050;13037282741;58156369176
22;11;36956072061;16844840684;59482559725
22;12;35325591955;16806844445;58856140446
22;13;33703926134;16520916485;54566030110
22;14;38460871498;18438262824;59773208885
22;15;36506049611;17080261178;57915631107
22;16;35272370003;17077627603;54226941483
22;17;35994859493;10068589863;59225642505
22;18;35558130856;16220820802;57968017653
22;19;31394712815;16036679382;57288764842
22;20;39847808072;16765840980;59936355598
22;21;42951482503;14003196146;57060248509
22;22;39328835684;16204969766;56997608077
22;23;34959300747;21304740337;56972609717
22;24;37973337988;16667864630;52178005585
22;25;37627054738;16148960273;58181958811


THREAD; REPETITION; AVERAGE; MIN; MAX (nanoseconds)
23;1;31552801638;5108340096;54356976585
23;2;32967917645;16251189955;57257554871
23;3;35235090057;14150988533;57472197164
23;4;34074558363;17035381661;54843676919
23;5;43932870843;17317777888;59961416605
23;6;34593293600;15964963214;58185813421
23;7;35148687836;16189265815;59290019192
23;8;38640109376;16914297697;59959668058
23;9;33987188028;15008190636;58058590687
23;10;30188138284;14812468205;52403248668
23;11;34781783757;16499810451;59480866493
23;12;34716527520;12925495000;59534347173
23;13;38337930810;16109617843;58883436513
23;14;34736388341;16026513286;57611134096
23;15;33843811932;15953269550;59340227040
23;16;39348612835;16297340235;55819337583
23;17;35965710299;14317574720;58351187162
23;18;33177955822;15663559265;57495125149
23;19;35777551393;16406500966;56168932504
23;20;37435977252;16245342145;56890282285
23;21;34231714347;16817885443;55060185861
23;22;35752125102;16051354502;56652701530
23;23;33885043758;16103512038;56475976276
23;24;35785409153;13491440393;56551976787
23;25;40252436352;18404129784;53299620902


THREAD; REPETITION; AVERAGE; MIN; MAX (nanoseconds)
24;1;35298987733;13160169100;57999076699
24;2;32786142523;15715437018;46054584730
24;3;33729891064;16730692239;59497671142
24;4;33563222509;13293291605;55551807702
24;5;40045790883;13501636382;58540476374
24;6;34057216197;16015227843;59042237910
24;7;39156342314;21574427057;52297365727
24;8;34785796668;16144070126;58132343496
24;9;34652886502;15908627981;59687984506
24;10;32577274897;12886992550;58839577517
24;11;42050590311;16720947914;59252664165
24;12;41168623735;15698594374;58274469381
24;13;35858788137;16316832796;49253120579
24;14;37788082986;16267576605;59604424934
24;15;34397219487;15646396748;59040568074
24;16;33654667719;16194815752;53622795705
24;17;33420529730;14660384001;59304184400
24;18;36308113994;16926788321;54580806010
24;19;32572842079;21363087348;58970736853
24;20;39798334715;16693609313;58803060236
24;21;36083601267;16412090154;58229742607
24;22;32869363600;15654034940;59644847739
24;23;30830873697;14797362583;59912167049
24;24;36600501089;16346482584;57605752128
24;25;45414031504;18173896264;57834406887


THREAD; REPETITION; AVERAGE; MIN; MAX (nanoseconds)
25;1;31483766953;14508405607;59738523751
25;2;31091978057;14746377403;58971456637
25;3;35431409756;16065080130;59745475891
25;4;36949472395;16400494057;59849892165
25;5;39589887929;16565793697;54508419785
25;6;35091681840;16057339829;58590230532
25;7;34520493073;15970746492;59051096788
25;8;32817524870;15642606812;55515051843
25;9;38553819763;16675620505;59242293224
25;10;38294954100;16320217653;57925229184
25;11;29769072639;14632401465;48219829616
25;12;32279453547;16980208169;50842320532
25;13;32282941922;9711157074;55852191060
25;14;38402491861;16249956629;54663231569
25;15;35025311539;16919081965;57197299587
25;16;31066537898;15205150515;59589801776
25;17;31776301899;14558364332;59839298919
25;18;37171219444;16049359207;58903600737
25;19;37220350273;16909202217;57525471813
25;20;31009093675;14155846344;59692971732
25;21;33871827535;14852316355;56455667550
25;22;38347805404;16810136345;58532590315
25;23;34763607273;16106922178;56863602636
25;24;35176654995;16412256796;55449945873
25;25;42952436575;17101914490;59910043245


THREAD; REPETITION; AVERAGE; MIN; MAX (nanoseconds)
26;1;29933142674;8938946920;55508674078
26;2;33255394903;14582955027;59856711328
26;3;36207826409;16168581622;59459936040
26;4;34265412160;15922686753;54280952886
26;5;39806623049;16731640055;56753208299
26;6;40837592843;15928470099;59647958330
26;7;36070674205;15911753659;58433602176
26;8;38265357463;16270077063;58077113153
26;9;35521619912;15256491816;54293109041
26;10;27537540438;14341279618;57795395294
26;11;36047867111;16130066810;57537229103
26;12;38809559464;16526148785;58706966738
26;13;41370391844;17387390716;56807231645
26;14;34469136587;15073492860;57883522347
26;15;35988238772;16053795804;57253587048
26;16;39719742343;15305607696;58715763037
26;17;36987712637;15987787694;59959586693
26;18;36449952735;14910278751;57148896718
26;19;29580994460;14135783807;59418672415
26;20;34997081172;12591732958;55420388834
26;21;34220881860;14804155067;59556916242
26;22;33742338518;14607030293;55721769177
26;23;36784958153;15945093581;58376970746
26;24;35369148149;15996413860;57895078564
26;25;38773559900;15850175861;59359084674


THREAD; REPETITION; AVERAGE; MIN; MAX (nanoseconds)
27;1;33647586406;15821830359;58097859784
27;2;37382153834;15698620705;59009459652
27;3;37308491901;16023179831;56936678823
27;4;32962225600;12669730091;59801761048
27;5;34913747443;16023463317;59237511262
27;6;38876687058;15050329302;59618827183
27;7;37577669444;15860616573;56119227164
27;8;42719238665;18080896385;58953732388
27;9;29725836918;13490208951;43447851193
27;10;33629964144;15600482184;57770853209
27;11;37116707325;15707723118;58639374068
27;12;38842488516;16134530227;57851437892
27;13;36551889603;15698299156;48899975836
27;14;34073467030;15815116028;59439349763
27;15;32379756654;15276865914;58294752405
27;16;37471049381;15826007145;51111379868
27;17;40383654710;16477727337;59455507683
27;18;32866946082;12802305670;56717033729
27;19;35205155913;15775895121;56685058227
27;20;35473193759;15647486902;59585429363
27;21;34066542924;16227078092;59937218627
27;22;39928829025;12983765604;57213068141
27;23;33983140924;21230727788;59800275035
27;24;28805801177;4779466454;48702282274
27;25;38232698530;16618991730;59786669325


THREAD; REPETITION; AVERAGE; MIN; MAX (nanoseconds)
28;1;36458673863;15803446597;59279073108
28;2;41281527438;17660319119;59036191192
28;3;36969906664;16119515190;58150247727
28;4;35394374813;15187815840;59750883562
28;5;35513280986;15022339921;59470498904
28;6;40041958174;16024267330;55316239564
28;7;35878268698;15691246932;56548854044
28;8;34586680597;15623665089;56372820289
28;9;39241759669;15720361317;58420204872
28;10;35349917326;15615107856;58350028705
28;11;37230472852;16294149955;57831950570
28;12;34027294752;15877007344;57741046907
28;13;34429500309;15870369209;59878642887
28;14;37002603089;13212291925;56540667948
28;15;34537499617;15032995744;59846381942
28;16;32776358594;15597114089;57556828033
28;17;37970526669;16016753386;55467799050
28;18;35282719646;21157098179;59368867202
28;19;34490855312;15009881074;55917799957
28;20;38463711822;15861643798;54631110099
28;21;37107367788;15189069002;59653514832
28;22;34880596781;16550160984;58962525963
28;23;42410371616;13291127364;55699692978
28;24;32618393739;15600306883;57814353640
28;25;37185603207;15928253661;54436620786


THREAD; REPETITION; AVERAGE; MIN; MAX (nanoseconds)
29;1;37399401091;13013865030;50837961598
29;2;32975235837;15812376293;58576326670
29;3;38953572143;16442426831;59483741788
29;4;35015761407;14905334616;53254572858
29;5;36376101461;16064037538;59193754443
29;6;36872412665;15077680684;57212341233
29;7;38853828558;16804936102;59919531323
29;8;30417306972;14781076506;59744773638
29;9;39636872637;16219007303;55369671635
29;10;35925017030;15148131467;59581289522
29;11;28303164895;14569654174;58760253049
29;12;37588111185;15895598603;58872972752
29;13;36214692107;15641511770;58521237616
29;14;42004378414;16946465262;58309023073
29;15;36856697497;13665113443;56584145262
29;16;32695694240;12836405395;55739624379
29;17;34025260772;13627685711;58690983840
29;18;38247660966;7948486749;59865753678
29;19;37967878084;16418509545;59546064863
29;20;28121066144;14223482873;57310652681
29;21;35981229920;16120810885;57060947830
29;22;35327682980;16288714906;54871377368
29;23;35645656742;12754756541;59573775508
29;24;31492302468;14626039832;57572583946
29;25;34678778022;14882139071;59063267818


THREAD; REPETITION; AVERAGE; MIN; MAX (nanoseconds)
30;1;33795751322;16007253366;59472077248
30;2;36155098241;15352647403;55839557891
30;3;33801054059;15525431584;59486878919
30;4;37492548650;16106533512;54485287586
30;5;36034944761;15778170829;58942498070
30;6;32333581716;19708419645;58435443472
30;7;38272682059;15271022294;53540919586
30;8;35394008534;15049827981;58831746842
30;9;37084053521;15671783774;59817696314
30;10;34717476012;16050113911;58653350426
30;11;33570953441;14951226273;54092322627
30;12;34000010937;13460857316;59784513395
30;13;38655876422;15513616605;58349174476
30;14;36392729381;12985611369;59868635330
30;15;36649695150;16290077929;56263504998
30;16;33915669808;5392578108;59842378221
30;17;38481262481;16226872340;57078163984
30;18;38278344534;16280535934;54668465057
30;19;35000777885;16022955431;59594908361
30;20;34703949461;14606990483;54943732653
30;21;36677228333;15644203732;59057165156
30;22;34461338456;5373288504;54146047123
30;23;35488725922;16839280062;59438250741
30;24;37500608831;16078359750;59185166550
30;25;41326301573;16286543681;57107685264


THREAD; REPETITION; AVERAGE; MIN; MAX (nanoseconds)
31;1;34471859182;14686738817;58713018972
31;2;40205722236;16603908247;59793938197
31;3;31117039228;14833010201;57259172814
31;4;37570237669;14444564952;59185632461
31;5;35758199365;12782541776;59560071252
31;6;27533290429;19477939654;59341918107
31;7;34866351022;14531121902;59001825581
31;8;35460555819;16029516251;56399960539
31;9;37912865802;13308440668;51330327248
31;10;37408172442;15977714836;59211824617
31;11;40483537987;16935084278;56301674724
31;12;37624542431;15994466755;51389404799
31;13;35634868712;21058411125;58751044895
31;14;35019776324;16187740132;58562169633
31;15;34857533189;21281326328;54903361041
31;16;43484097548;17591078615;59875744054
31;17;36142026121;16020510009;59953501632
31;18;33836584435;16035268239;59776427241
31;19;36841755953;16577476257;59322849622
31;20;37353963233;15196905053;54592137758
31;21;33953555198;15802923626;58431241610
31;22;37277481265;15901424064;58396204196
31;23;39718104137;15937001630;59751146794
31;24;37769198373;12531347140;57714326193
31;25;35834517947;15986929764;59945912888


THREAD; REPETITION; AVERAGE; MIN; MAX (nanoseconds)
32;1;37093418821;14634132690;57336640899
32;2;30570081584;14898285676;58091003954
32;3;37918817412;15035036297;59565179793
32;4;34954616662;20936688741;59498372838
32;5;33561113160;21142102419;58260021525
32;6;35186344624;12560163233;59758863347
32;7;34506433705;6437657580;59550755054
32;8;33486189457;15505661892;57711464446
32;9;42381030276;16242197053;53767763920
32;10;30388434530;14524042441;59922852486
32;11;40267860749;17555002801;55685090144
32;12;31882588163;12419498567;58997619879
32;13;34359441076;19573952764;54867324059
32;14;37235192708;16119809781;55466166300
32;15;37293452602;12742164577;57684097421
32;16;34390619887;16188500424;56892241542
32;17;34527774211;15727599667;57140461707
32;18;38046621073;13587758988;59824727933
32;19;38893119771;20338997764;58427317508
32;20;39802147604;16001276908;59275305591
32;21;31641741888;21258694541;58459123506
32;22;32749640896;15629993058;55708620998
32;23;38755117479;14963502275;59984273141
32;24;27638682133;13741757402;53696705866
32;25;43532774827;13084427699;59482331902


THREAD; REPETITION; AVERAGE; MIN; MAX (nanoseconds)
33;1;34342054930;13097951625;57190408208
33;2;33251695848;14830042995;59378884188
33;3;40552499290;16916461938;55362372313
33;4;33445716171;16115121894;56762198198
33;5;34584160382;14942090195;56457288077
33;6;38571472792;16797111015;59695368895
33;7;36825138022;16645163142;58980041737
33;8;32793424717;7492049479;56537816538
33;9;33303499425;15034854290;59914484941
33;10;34752262741;14740488665;59708635245
33;11;35920846682;15999971575;59923401298
33;12;38717954131;15458584611;58253096832
33;13;36432437326;15961795564;55624252454
33;14;29922329139;19896003263;59960524312
33;15;33802215265;14681864455;51638921986
33;16;32657621725;12384857643;56146661098
33;17;39140480914;16064846790;59939434272
33;18;26918472097;7024591254;59211751843
33;19;38954155760;16319529856;59903419010
33;20;34746040477;14617361843;59219210472
33;21;36349364776;8344356965;59529640848
33;22;27977979689;19449324495;56047798533
33;23;42260593515;17095109504;58465062459
33;24;41733388841;7866784745;58587398329
33;25;36554994100;5143077192;59840178431


THREAD; REPETITION; AVERAGE; MIN; MAX (nanoseconds)
34;1;27479445719;11591250005;57301450673
34;2;39759593145;16851724381;59601099022
34;3;35361474334;7753159480;59517217831
34;4;35735615060;15552951842;59438937770
34;5;40291615603;16157655721;58326174346
34;6;36781618723;5304578585;57566799481
34;7;37885981370;21093017619;59747968456
34;8;37179458522;15023361489;55855922470
34;9;36486164571;16906321683;59513352395
34;10;36806721318;14822386505;59945430634
34;11;32595197513;5182579210;58428211826
34;12;36115861236;16055455162;58856678921
34;13;35709410024;15553073855;57854678318
34;14;31197972448;8132312975;59153706198
34;15;33693858065;16205967099;59888839084
34;16;34415476191;19932627052;49464683081
34;17;38454408037;16163920135;59082919757
34;18;30682658528;12391427821;59653884153
34;19;39377903754;8485150208;59251783118
34;20;27175789011;13550415346;54156954096
34;21;38496147018;16206351855;59310167842
34;22;37033306495;16864921519;59490900101
34;23;31946061585;5261302554;59872643939
34;24;36063535670;16137627129;58506612642
34;25;42643541008;17401825442;54933333636


THREAD; REPETITION; AVERAGE; MIN; MAX (nanoseconds)
35;1;27253855585;4842351333;59647697054
35;2;39643163246;16153115061;59747931581
35;3;35335945399;4459675740;58941994583
35;4;38507379724;14930071071;58181427318
35;5;36536009334;15891389200;59730494728
35;6;35789051995;9077897191;59744098901
35;7;34865074381;16562085056;59842510640
35;8;42771264811;16405204781;59245112158
35;9;36612866308;9929613331;59278302131
35;10;36018307488;17993148779;54508917684
35;11;36822808618;15586926830;59005333149
35;12;37418323056;12618875792;59188844811
35;13;33465849436;14770632441;55895751415
35;14;35990102977;16220229037;59026319057
35;15;37139063773;20515689494;58397784216
35;16;34809341092;16385532588;55852632318
35;17;33247689203;19889465002;59922610625
35;18;32324187015;14828928957;57174038251
35;19;39093858521;9408174922;58660484503
35;20;37969690506;15572815959;51149160228
35;21;34887299391;14865598072;57278118448
35;22;35483365637;7693634386;56509368439
35;23;37590218448;6380946111;59001223270
35;24;31245707077;10116502656;58418341019
35;25;37346636170;13395015568;58252333467


THREAD; REPETITION; AVERAGE; MIN; MAX (nanoseconds)
36;1;33509698991;16198627549;58223189679
36;2;36189551319;16103098019;59656378534
36;3;39020196303;15353553035;57152650756
36;4;34951861482;21009306700;58035987744
36;5;27525638380;11718410650;58569182605
36;6;40479956144;16113394858;57783664893
36;7;35788159031;14848287003;59544431555
36;8;33666626593;15591706628;56004415227
36;9;36383185492;7618375171;58014644459
36;10;33269103067;13399293206;59512060332
36;11;38304708577;7901743029;59246161174
36;12;35251757588;8292631885;55413985786
36;13;39965130594;17243313885;59988154220
36;14;37939414910;16417489234;59046768654
36;15;35585600813;5436153338;52571354460
36;16;34486174092;14774038321;58771534930
36;17;27746832359;13436099770;59039757078
36;18;36265702407;16289275523;59765248586
36;19;39043994240;15838247947;57800932730
36;20;38656032654;9083414023;53544840406
36;21;37903592054;16167220833;56497420203
36;22;35682357634;15990119904;56543912006
36;23;28375922287;4871513558;59631873534
36;24;35169999255;15002342896;58088662945
36;25;36638468291;9313842541;55715226446


THREAD; REPETITION; AVERAGE; MIN; MAX (nanoseconds)
37;1;34849485549;15625977255;50226748931
37;2;40813828288;17081903007;57704143124
37;3;44386609409;17894935320;59928299128
37;4;33829884014;15913843799;57334716982
37;5;37443741826;16423880130;58920708568
37;6;34580486577;8183856886;57169800282
37;7;41900582212;8438630957;59941397510
37;8;36699974019;5682851591;54773887813
37;9;41713740690;8018694555;56036066804
37;10;29334915713;18861220350;55696959389
37;11;36591831491;15001868673;58351164534
37;12;36188119180;21968637284;55128530511
37;13;34078855589;5351832565;58299532063
37;14;28916485559;14470490733;48530660321
37;15;29802367069;14474067095;55535026310
37;16;39229091057;9884417712;48055506007
37;17;33344106751;15549656940;59758933188
37;18;36767265347;16317350739;58943137676
37;19;36088444942;15886491020;57641763478
37;20;33023618345;15908954141;58044367859
37;21;33190827799;14376990232;55168038186
37;22;30067899781;20376452244;59987118824
37;23;41489903589;16826123152;58341228215
37;24;34692960911;5638269599;57036836246
37;25;36512287596;15676458112;58157055087


THREAD; REPETITION; AVERAGE; MIN; MAX (nanoseconds)
38;1;34940526590;6787424100;53090921541
38;2;39636113765;7988002526;59881858099
38;3;45289778893;9237355376;59251227251
38;4;30457697581;15044268894;59949285104
38;5;32346451248;5238324284;57968627856
38;6;38572168432;5496817403;55583067471
38;7;35184645271;16314103888;56481187972
38;8;38201351522;21137443865;59697031606
38;9;34544038476;8348190832;54426765413
38;10;42575552286;17910739633;59031159058
38;11;34203173122;15797817040;59914333036
38;12;37751591045;7675458263;59803306217
38;13;37470911230;7216867507;59498125530
38;14;32956287263;15608131690;58554673080
38;15;41013564763;16043798583;55531278696
38;16;25642902090;6150323365;59451549988
38;17;33026966444;14617882511;57595311764
38;18;36421316605;7312937958;56718936973
38;19;37093379601;20923502499;59818131354
38;20;32811984946;5312058097;57617621024
38;21;33184467148;8068556060;57979459889
38;22;32046434062;7290506196;59177681242
38;23;37907950879;16368521627;57262961145
38;24;36701068735;8529206645;57985386900
38;25;38066868554;16278659857;58252084972


THREAD; REPETITION; AVERAGE; MIN; MAX (nanoseconds)
39;1;36691667958;4710140395;59589739268
39;2;28765261426;11556351575;57266846624
39;3;37332126317;16485383548;59802699645
39;4;40502666843;15973544543;54780180791
39;5;40561350192;17180618068;57147281149
39;6;36082227750;21132265274;56882402581
39;7;34514682717;8096578895;51370048777
39;8;34305666002;15930272911;52196599009
39;9;34011327373;16513873411;40978973026
39;10;31514606455;20029525121;57596049358
39;11;40491199196;15995633663;59634263712
39;12;37334983136;5879291083;58852965740
39;13;25746358381;20131353776;57224162358
39;14;32629803788;9150073124;58405258489
39;15;36249387008;15761178377;59545674241
39;16;35695223638;3923188841;59632431077
39;17;42983353173;17883819242;56842987656
39;18;34669525384;7626223864;59883345719
39;19;37120743391;6820082022;59607917766
39;20;31305212037;21523805260;59867311488
39;21;36022920508;5515949024;59168057322
39;22;38772453570;17487528792;58745581910
39;23;36173542030;16942530685;52940530641
39;24;36823549877;13894719580;52492877377
39;25;36926659190;16255826649;58997356229


THREAD; REPETITION; AVERAGE; MIN; MAX (nanoseconds)
40;1;31933834638;20020161501;58240994665
40;2;30342895845;20360421087;59533989096
40;3;32411025157;15733371560;58125738676
40;4;53379342433;19155369607;59959033061
40;5;38226956821;16307877816;57258491303
40;6;37753607274;16254091093;57130357699
40;7;36693530870;10554071397;59966079488
40;8;36176405994;8443619929;41104992743
40;9;30726102328;6853262217;59640761535
40;10;35113418185;5440405485;59183617750
40;11;32444106763;15619089297;58028330836
40;12;36762275416;6105216096;53309292661
40;13;32055554375;15769571342;59867725158
40;14;30290010672;5140560044;59991897154
40;15;33871680345;15654050515;57743601422
40;16;34923369241;7968761253;54964476630
40;17;36852215787;22370552054;59588934278
40;18;39102592532;16835205452;59170175748
40;19;37790233329;22157910084;59456369594
40;20;33402141731;5280858950;59837945395
40;21;38360206919;5837900697;55511188433
40;22;39837933316;16478046931;57695107898
40;23;37061697890;15395706088;59160464249
40;24;33677812053;15601261543;52077820226
40;25;34747033768;15611183823;59239542665


THREAD; REPETITION; AVERAGE; MIN; MAX (nanoseconds)
41;1;36384198430;17072793120;59753276185
41;2;34985937117;15466579272;54800939923
41;3;36893469522;8319738961;59580148385
41;4;36273245857;16153785327;59951832844
41;5;27856513076;7188017471;59396298901
41;6;37295354453;10458644255;59718069127
41;7;27341376511;7052880393;54707635398
41;8;35377032608;5387901046;54422223146
41;9;38326184743;16186252442;59753703823
41;10;35489284844;7037481510;45551979580
41;11;26914054881;13711362688;56341284158
41;12;32920435880;16346484819;59518650764
41;13;41138947064;18315899926;58933627668
41;14;36184365310;7950057969;59933629204
41;15;37483556131;16682511465;52425910346
41;16;34039587468;3731193141;53924109838
41;17;36909173854;8521364307;59717792206
41;18;32580627246;6922380428;58052259854
41;19;37373012227;10906304083;56777621667
41;20;31522832344;7642764793;56432932119
41;21;38587196497;16646832349;59342643408
41;22;35923997534;17465788250;59853016306
41;23;36427497837;15670163946;59838499098
41;24;33487759962;5574520504;57688459148
41;25;40530456855;16262243596;59987109884


THREAD; REPETITION; AVERAGE; MIN; MAX (nanoseconds)
42;1;35421527027;5548218139;57597885625
42;2;32743293170;7503011905;50982384423
42;3;32330705947;7476324435;52112361138
42;4;35285071488;16609687475;55189879440
42;5;37604745955;7076397769;57542262844
42;6;33553147704;15570769330;58630414410
42;7;33321610735;16113354770;58558667513
42;8;37578191073;6687537592;59906799258
42;9;34518290979;7981726868;59186220735
42;10;33576083338;3673420365;57225257819
42;11;34642988424;8108646002;59526735032
42;12;39437803006;8625351476;59717372529
42;13;36069113124;8429323909;58883743465
42;14;40098237726;7681892671;58402339544
42;15;36635557179;16059509588;58376170993
42;16;32680824339;7180223255;58766979742
42;17;35009443508;7413539081;53227542188
42;18;38982237207;7799480241;59541751674
42;19;36859918626;8409727912;58257202312
42;20;43005312622;23230312512;59614002757
42;21;32896355760;5136314252;59416114897
42;22;35493295087;9467114116;58422352562
42;23;45769602826;8832441414;58496978666
42;24;37201006022;16815791392;59743852291
42;25;37732329136;8888478354;59816983513


THREAD; REPETITION; AVERAGE; MIN; MAX (nanoseconds)
43;1;31261889964;14616466688;59863815304
43;2;35912331742;8196274805;59546782622
43;3;34902514803;8748737130;59610019429
43;4;36719525786;8756074585;53287148018
43;5;33720906268;14713775354;55936386538
43;6;35623173731;7350436089;56814474466
43;7;38698242607;8401452698;43561742135
43;8;39031201475;17498474667;49838560348
43;9;37719312198;7166873234;59551413936
43;10;37319825360;9413489913;59613664446
43;11;37957464214;5704287556;58267779005
43;12;35194092754;8184881808;59085236462
43;13;37822097909;8265655971;59400601892
43;14;34812176869;6582820093;53074972867
43;15;35839909739;16116647437;52660605887
43;16;36073223884;10933559084;54190081700
43;17;37599301985;16373055235;59630806429
43;18;46785031615;18042705217;59485127299
43;19;30075647557;4534935865;59992979695
43;20;31910123967;15591305320;59587282741
43;21;35044611682;5734572131;59123469254
43;22;40684649589;21592812354;59611853532
43;23;35923179190;16064004434;56846724444
43;24;35401480380;7862868884;53006900876
43;25;34240551715;20148783784;59946177377


THREAD; REPETITION; AVERAGE; MIN; MAX (nanoseconds)
44;1;35900792724;8337410202;58924580708
44;2;36291796129;7670711431;58625420130
44;3;36742833968;16130521337;59597211866
44;4;37454337136;16039207636;53856290535
44;5;40292375669;16056856249;59491055218
44;6;34978201977;14952789949;58215256548
44;7;35844026163;5647138673;44134408842
44;8;36739037826;9758962871;52020488638
44;9;36340360041;8166179570;58788569287
44;10;39486468096;8777120067;53745250234
44;11;27568310886;19350110350;59713692662
44;12;34714186121;14907119829;55448450362
44;13;34678096769;16300544203;59792381993
44;14;41422051493;17946210272;59711747722
44;15;33750730083;4837833230;55949281194
44;16;36596103902;7658968319;59829102861
44;17;37827828699;15708229398;59416794523
44;18;34095772200;7658697126;58737377027
44;19;35586756904;16328093165;59802163893
44;20;38425118522;8299986660;55606873359
44;21;36376975805;16130252029;59555936299
44;22;31605536703;6753990800;59478143382
44;23;33703426478;8234249325;59861009360
44;24;33450029451;7569578186;58902596419
44;25;32433370864;20202326482;59438673979


THREAD; REPETITION; AVERAGE; MIN; MAX (nanoseconds)
45;1;38041371258;5833558525;58996674926
45;2;36999663113;4440943542;59395574367
45;3;40107106819;8367637367;59929889484
45;4;36756789657;5390561440;58254873734
45;5;37796146666;16302443118;59102187987
45;6;32746725558;15713117379;51543736634
45;7;38658305472;7779250854;57639114049
45;8;29269918740;7168935996;59854110997
45;9;38733483599;8669610314;59221570059
45;10;37066741673;8022468498;56453042984
45;11;35212146920;16936033560;58801022197
45;12;42691194011;7504174483;59761753589
45;13;36654212866;4428601470;50436110316
45;14;33165439614;10620981367;58097806705
45;15;39162830896;8744405434;59562120745
45;16;37438019891;16067314910;59557821525
45;17;35643208200;16906509137;59833568373
45;18;28566782538;14869099424;59388328405
45;19;37231845547;8185584621;59667740034
45;20;32337552292;8040400386;58176773095
45;21;31991666759;3810900199;59659001284
45;22;41026792502;5414130566;57777013279
45;23;34856024372;5127008530;59804567341
45;24;33678082470;7972360873;58994313942
45;25;39275020796;16117899552;57550012921


THREAD; REPETITION; AVERAGE; MIN; MAX (nanoseconds)
46;1;37364462312;7777975203;59800474781
46;2;37262227479;16312965195;58087078176
46;3;37131853257;13011327767;55335560036
46;4;37428886746;16180768646;59546277879
46;5;31687986825;14778525763;59955220426
46;6;35629931087;8346818451;58252611016
46;7;44131955508;18716191094;59939426798
46;8;31525810101;5201956464;59822515781
46;9;36236093184;8249135714;53700174324
46;10;34806602835;16330119261;54850407383
46;11;34867541273;8366277767;57239545948
46;12;36900582944;16030383331;59539005166
46;13;36144181128;11128806036;54610447836
46;14;38011988977;16082559934;58534479312
46;15;36889774358;16250067886;59102882908
46;16;38911739610;8226768695;58045270837
46;17;34464932722;7833680468;56780484321
46;18;36593326094;16100417651;58977172448
46;19;37881031605;8607716483;58591773745
46;20;35215179276;8966292295;55614109614
46;21;35157132589;5531330239;59396155098
46;22;39504142005;16285959947;59935704817
46;23;34864034022;8051079886;58188335249
46;24;42264042770;7887905377;57694331682
46;25;34572536982;16880755376;57143004837


THREAD; REPETITION; AVERAGE; MIN; MAX (nanoseconds)
47;1;32722208865;5147974324;53987961039
47;2;40549837646;13065255151;59956461506
47;3;32750770518;5078063972;59982688303
47;4;39538351471;17730788271;51904090255
47;5;37594563446;16126698994;57524199514
47;6;38314772959;15884392360;59983001122
47;7;35313920273;16019869913;58001271809
47;8;37488128270;16628934613;59449785169
47;9;33197899982;5742543046;58502517360
47;10;32962381604;14757927754;60002530070
47;11;39225760463;17194545535;59815115958
47;12;37553167651;21827154429;59469607799
47;13;29439976682;14295494889;59287428780
47;14;36159676651;16932425001;51718394098
47;15;32700006921;15054078242;59627475070
47;16;32861070462;7482679712;59349300540
47;17;35340515484;7713289259;56057238350
47;18;34669692889;16709909011;59885492639
47;19;41313531441;7505998038;59172385526
47;20;34648407304;16227333711;56650131651
47;21;33916962349;5298019720;59736044665
47;22;32929326341;8092894418;59198075803
47;23;36617206514;7807686522;59467878879
47;24;33042338457;7425262638;59074910149
47;25;32118969317;15501152870;57827812543


THREAD; REPETITION; AVERAGE; MIN; MAX (nanoseconds)
48;1;35587178402;16763901907;59277947058
48;2;41327176521;10842884919;58087449243
48;3;35685037507;7480158093;59503667715
48;4;37027024660;8323222644;59356069416
48;5;35372306657;9584778722;57023984403
48;6;33507174891;13323138695;53233143040
48;7;34625576365;16841802450;52917421977
48;8;38493137179;16665320872;59577123140
48;9;33569138973;12539073961;57371216524
48;10;32275670315;7224300435;58505567048
48;11;35646472027;5330527414;59909048706
48;12;34904033390;7897737422;55782864862
48;13;48297713130;23350376514;59494859054
48;14;36732594356;6648945048;56336992061
48;15;39457370459;16131117503;59539449916
48;16;35388758713;17027324073;58629260493
48;17;37386976038;8402615555;58586322912
48;18;32856058321;7507407785;59964731969
48;19;27615823499;14824291146;59054621957
48;20;33300580177;5395198621;59932335116
48;21;43178266111;17178605661;58084665789
48;22;39036866745;16612356878;55604038293
48;23;35715734710;13963132745;43117124872
48;24;35393371580;8250060413;58480495567
48;25;35607120747;15649324774;59968811329


THREAD; REPETITION; AVERAGE; MIN; MAX (nanoseconds)
49;1;36807175173;8479409325;54154712121
49;2;36566289015;5441499478;58719808244
49;3;35791643621;7430610944;57989799681
49;4;34069379524;16561604408;55019376904
49;5;37294666567;7720122879;58086579789
49;6;37976549063;5673303939;59810221481
49;7;35446275198;16483487077;45107273201
49;8;35528711326;16184663135;58610385329
49;9;31366226793;5171958447;59063682745
49;10;33394694035;7675549127;58018208111
49;11;50359892129;18537990653;59796345276
49;12;34756699900;11243985758;45762901011
49;13;39107397422;16541551440;59509488916
49;14;36531172688;16208634897;55157169417
49;15;34642963546;8732980658;59049319676
49;16;36821120006;16304885187;58455068312
49;17;26254603405;4518615285;52774746581
49;18;36495572397;12440037001;59891466793
49;19;38470247105;17208517632;59668637773
49;20;32246675900;15435936620;59273036727
49;21;35269116597;7700691918;59941058291
49;22;33383004278;9143663789;59856392502
49;23;37755165954;16823156784;59801994458
49;24;35596700569;17276265769;58914053322
49;25;32407996545;7644659028;57845981124


THREAD; REPETITION; AVERAGE; MIN; MAX (nanoseconds)
50;1;38248910740;6764195171;59589689612
50;2;41312421797;3551686737;57551818108
50;3;34069685072;16898090609;58686665274
50;4;25804478318;6127678727;59514523005
50;5;42124264919;17525112270;56433094430
50;6;36331407046;8213060878;59220485983
50;7;37691390977;16879961350;59730272702
50;8;32042155448;8065168828;59744523536
50;9;37458035655;13161360521;59822554543
50;10;28838564084;15259247962;56455446223
50;11;37122417085;8289596094;59520853558
50;12;31800272800;15877053788;59832535070
50;13;38504148033;8073415336;59237902163
50;14;34757666117;7725410841;57313102014
50;15;31752592300;7481064773;58796996825
50;16;38278184265;8251246038;52957262096
50;17;36965196753;16122534917;59628813020
50;18;37101810117;11337917249;59133689966
50;19;39461060000;8398259415;58738174685
50;20;35508727906;8232735515;59220910199
50;21;36950528284;8377579972;59215460135
50;22;33287487431;15527649814;59186126379
50;23;33778561557;5251534204;59853747753
50;24;38667271615;15987494151;59820888269
50;25;26909317608;4961113074;59073779489


