THREAD; AVERAGE-REPETITIONS; MIN-REPETITIONS; MAX-REPETITIONS (nanoseconds)
1;0;0;0
2;0;0;0
3;0;0;0
4;0;0;0
5;7015267067;6413291935;7567403790
6;31717470515;30323620756;32812937675
7;18798212265;17284601573;20718557917
8;15514794627;14283625832;17092883215
9;15452519332;14775080126;16452082834
10;12880212247;12417230175;13550554889
11;12000618413;11210741091;12790495736
12;9043140499;8670708087;9415572912
13;1565105296;1565105296;1565105296
14;0;0;0
15;0;0;0
16;0;0;0
17;1713425695;1713425695;1713425695
18;1683364095;1683364095;1683364095
19;1111699558;396793489;1826605627
20;0;0;0
21;1919836627;1919836627;1919836627
22;0;0;0
23;2030109921;2023014668;2037205175
24;1991458797;1991458797;1991458797
25;1963058669;1834079498;2028305351
26;7976309468;7842285170;8090688391
27;5930301971;5826784552;6054966840
28;9583752215;9142116098;9815064531
29;7641912223;7391499886;7850385191
30;13675870918;13611406919;13737145014
31;17373817170;16288802395;17715346604
32;17462794318;15631328842;18587233849
33;7609913802;7498059627;7792330790
34;21545819637;20380830136;21850331159
35;16771912381;15917493938;17072777987
36;16872241695;16358670808;17385812582
37;20394109029;20052762337;20863329632
38;15410735028;15211355515;15674029302
39;11343910646;10412933585;12330637611
40;22091356747;21798715317;22383998178
41;21581200269;21384395919;21778004620
42;3601360784;3601360784;3601360784
43;15729556985;15538203475;15920910495
44;10790842477;10738651186;10843033768
45;10665162703;10597604703;10732720703
46;2076989013;1950668073;2227457492
47;5368305899;5368305899;5368305899
48;6229351353;6229351353;6229351353
49;8409789478;8409789478;8409789478
50;6045965794;6001182465;6090749123
THREAD; REPETITION; AVERAGE; MIN; MAX (nanoseconds)
1;1;0;0;0
1;2;0;0;0
1;3;0;0;0
1;4;0;0;0
1;5;0;0;0
1;6;0;0;0
1;7;0;0;0
1;8;0;0;0
1;9;0;0;0
1;10;0;0;0
1;11;0;0;0
1;12;0;0;0
1;13;0;0;0
1;14;0;0;0
1;15;0;0;0
1;16;0;0;0
1;17;0;0;0
1;18;0;0;0
1;19;0;0;0
1;20;0;0;0
1;21;0;0;0
1;22;0;0;0
1;23;0;0;0
1;24;0;0;0
1;25;0;0;0


THREAD; REPETITION; AVERAGE; MIN; MAX (nanoseconds)
2;1;0;0;0
2;2;0;0;0
2;3;0;0;0
2;4;0;0;0
2;5;0;0;0
2;6;0;0;0
2;7;0;0;0
2;8;0;0;0
2;9;0;0;0
2;10;0;0;0
2;11;0;0;0
2;12;0;0;0
2;13;0;0;0
2;14;0;0;0
2;15;0;0;0
2;16;0;0;0
2;17;0;0;0
2;18;0;0;0
2;19;0;0;0
2;20;0;0;0
2;21;0;0;0
2;22;0;0;0
2;23;0;0;0
2;24;0;0;0
2;25;0;0;0


THREAD; REPETITION; AVERAGE; MIN; MAX (nanoseconds)
3;1;0;0;0
3;2;0;0;0
3;3;0;0;0
3;4;0;0;0
3;5;0;0;0
3;6;0;0;0
3;7;0;0;0
3;8;0;0;0
3;9;0;0;0
3;10;0;0;0
3;11;0;0;0
3;12;0;0;0
3;13;0;0;0
3;14;0;0;0
3;15;0;0;0
3;16;0;0;0
3;17;0;0;0
3;18;0;0;0
3;19;0;0;0
3;20;0;0;0
3;21;0;0;0
3;22;0;0;0
3;23;0;0;0
3;24;0;0;0
3;25;0;0;0


THREAD; REPETITION; AVERAGE; MIN; MAX (nanoseconds)
4;1;0;0;0
4;2;0;0;0
4;3;0;0;0
4;4;0;0;0
4;5;0;0;0
4;6;0;0;0
4;7;0;0;0
4;8;0;0;0
4;9;0;0;0
4;10;0;0;0
4;11;0;0;0
4;12;0;0;0
4;13;0;0;0
4;14;0;0;0
4;15;0;0;0
4;16;0;0;0
4;17;0;0;0
4;18;0;0;0
4;19;0;0;0
4;20;0;0;0
4;21;0;0;0
4;22;0;0;0
4;23;0;0;0
4;24;0;0;0
4;25;0;0;0


THREAD; REPETITION; AVERAGE; MIN; MAX (nanoseconds)
5;1;0;0;0
5;2;0;0;0
5;3;0;0;0
5;4;0;0;0
5;5;0;0;0
5;6;0;0;0
5;7;42337527697;42333857166;42342158221
5;8;0;0;0
5;9;0;0;0
5;10;0;0;0
5;11;0;0;0
5;12;34976438904;34976438904;34976438904
5;13;0;0;0
5;14;0;0;0
5;15;0;0;0
5;16;0;0;0
5;17;54092559809;54092559809;54092559809
5;18;0;0;0
5;19;43975150287;28929442500;57773937819
5;20;0;0;0
5;21;0;0;0
5;22;0;0;0
5;23;0;0;0
5;24;0;0;0
5;25;0;0;0


THREAD; REPETITION; AVERAGE; MIN; MAX (nanoseconds)
6;1;38281325699;38281325699;38281325699
6;2;30691313770;21983082346;39399545194
6;3;51193213833;38282531368;53727636263
6;4;0;0;0
6;5;0;0;0
6;6;40512648325;40512648325;40512648325
6;7;37153576013;37153576013;37153576013
6;8;40651063578;40650338172;40651788984
6;9;41146225044;41139177186;41153272902
6;10;0;0;0
6;11;41523299586;36290757693;51979381807
6;12;40215094830;39747474958;40682714703
6;13;53658443183;53658443183;53658443183
6;14;45420897628;45420897628;45420897628
6;15;39193650171;38727724544;39659575799
6;16;48989051401;48989051401;48989051401
6;17;41998850762;39061795633;44935905891
6;18;42011937020;38472865895;43244162875
6;19;35008161861;35008161861;35008161861
6;20;43264847279;43264847279;43264847279
6;21;40497781911;40497781911;40497781911
6;22;41525380984;40948037810;42102724159
6;23;0;0;0
6;24;0;0;0
6;25;0;0;0


THREAD; REPETITION; AVERAGE; MIN; MAX (nanoseconds)
7;1;0;0;0
7;2;0;0;0
7;3;39236844877;34255993428;49031251946
7;4;37292599548;28818989844;50982174480
7;5;41898629086;41898629086;41898629086
7;6;35984119489;34320142364;39311380078
7;7;0;0;0
7;8;0;0;0
7;9;0;0;0
7;10;0;0;0
7;11;0;0;0
7;12;28275199432;28275199432;28275199432
7;13;34761127276;34428284321;35425354829
7;14;22973429549;17346703981;28600155118
7;15;33607172594;33605988122;33608357067
7;16;0;0;0
7;17;34667289452;34098901396;35235677509
7;18;24965277360;17217901576;32329549006
7;19;0;0;0
7;20;0;0;0
7;21;0;0;0
7;22;27251227088;19848989467;33180753909
7;23;42215722669;42215722669;42215722669
7;24;32126334038;31083259464;33169408612
7;25;34700334190;34700334190;34700334190


THREAD; REPETITION; AVERAGE; MIN; MAX (nanoseconds)
8;1;49573923641;49573923641;49573923641
8;2;0;0;0
8;3;34879770544;34879770544;34879770544
8;4;30654452637;30653728337;30654819398
8;5;0;0;0
8;6;18674607457;18674607457;18674607457
8;7;34979683346;34977599737;34981766956
8;8;0;0;0
8;9;0;0;0
8;10;32000957990;22180403026;43848505887
8;11;27806042504;24646235485;33235286817
8;12;0;0;0
8;13;32673347799;32156279918;33190415681
8;14;0;0;0
8;15;0;0;0
8;16;0;0;0
8;17;30537069655;26882949509;37845094208
8;18;28596856443;28596856443;28596856443
8;19;0;0;0
8;20;35530458497;31392099276;46118823552
8;21;0;0;0
8;22;31962695172;22476192436;35722209807
8;23;0;0;0
8;24;0;0;0
8;25;0;0;0


THREAD; REPETITION; AVERAGE; MIN; MAX (nanoseconds)
9;1;0;0;0
9;2;45419901831;45419901831;45419901831
9;3;0;0;0
9;4;0;0;0
9;5;33652598130;33169647819;35096814190
9;6;0;0;0
9;7;0;0;0
9;8;33275298607;33275298607;33275298607
9;9;0;0;0
9;10;0;0;0
9;11;0;0;0
9;12;34017281456;33523240384;34511322528
9;13;26726510631;20502090000;30298716736
9;14;0;0;0
9;15;33487985624;33487985624;33487985624
9;16;37643675104;37643675104;37643675104
9;17;37224526563;32351544890;51841564430
9;18;32880525947;32880525947;32880525947
9;19;0;0;0
9;20;0;0;0
9;21;37892495729;33515517475;42269473983
9;22;0;0;0
9;23;34092183679;33607575474;34576791884
9;24;0;0;0
9;25;0;0;0


THREAD; REPETITION; AVERAGE; MIN; MAX (nanoseconds)
10;1;50008876967;50008876967;50008876967
10;2;37734283669;34601267060;45730472867
10;3;0;0;0
10;4;0;0;0
10;5;0;0;0
10;6;36282642207;36282642207;36282642207
10;7;0;0;0
10;8;0;0;0
10;9;0;0;0
10;10;33208722547;33208722547;33208722547
10;11;0;0;0
10;12;45270751904;37153349099;53388154710
10;13;0;0;0
10;14;0;0;0
10;15;0;0;0
10;16;53631088519;53631088519;53631088519
10;17;0;0;0
10;18;0;0;0
10;19;0;0;0
10;20;34682083383;34357951010;35327057419
10;21;0;0;0
10;22;0;0;0
10;23;31186856989;31186856989;31186856989
10;24;0;0;0
10;25;0;0;0


THREAD; REPETITION; AVERAGE; MIN; MAX (nanoseconds)
11;1;0;0;0
11;2;32191237084;32191237084;32191237084
11;3;0;0;0
11;4;0;0;0
11;5;0;0;0
11;6;0;0;0
11;7;51307822258;47495907650;55119736866
11;8;46316194027;46316194027;46316194027
11;9;0;0;0
11;10;0;0;0
11;11;0;0;0
11;12;0;0;0
11;13;0;0;0
11;14;0;0;0
11;15;51638448741;51638448741;51638448741
11;16;40024375409;34135606760;45913144058
11;17;0;0;0
11;18;0;0;0
11;19;0;0;0
11;20;0;0;0
11;21;0;0;0
11;22;0;0;0
11;23;45315852364;35269602561;55362102167
11;24;33221530460;33221530460;33221530460
11;25;0;0;0


THREAD; REPETITION; AVERAGE; MIN; MAX (nanoseconds)
12;1;0;0;0
12;2;0;0;0
12;3;0;0;0
12;4;53960626909;53960308014;53960945805
12;5;0;0;0
12;6;0;0;0
12;7;0;0;0
12;8;52118448155;50454123778;53782772532
12;9;0;0;0
12;10;0;0;0
12;11;37542251599;37542251599;37542251599
12;12;0;0;0
12;13;0;0;0
12;14;24741276545;17095109504;32387443586
12;15;0;0;0
12;16;0;0;0
12;17;0;0;0
12;18;0;0;0
12;19;0;0;0
12;20;0;0;0
12;21;0;0;0
12;22;0;0;0
12;23;0;0;0
12;24;57715909285;57715909285;57715909285
12;25;0;0;0


THREAD; REPETITION; AVERAGE; MIN; MAX (nanoseconds)
13;1;39127632424;39127632424;39127632424
13;2;0;0;0
13;3;0;0;0
13;4;0;0;0
13;5;0;0;0
13;6;0;0;0
13;7;0;0;0
13;8;0;0;0
13;9;0;0;0
13;10;0;0;0
13;11;0;0;0
13;12;0;0;0
13;13;0;0;0
13;14;0;0;0
13;15;0;0;0
13;16;0;0;0
13;17;0;0;0
13;18;0;0;0
13;19;0;0;0
13;20;0;0;0
13;21;0;0;0
13;22;0;0;0
13;23;0;0;0
13;24;0;0;0
13;25;0;0;0


THREAD; REPETITION; AVERAGE; MIN; MAX (nanoseconds)
14;1;0;0;0
14;2;0;0;0
14;3;0;0;0
14;4;0;0;0
14;5;0;0;0
14;6;0;0;0
14;7;0;0;0
14;8;0;0;0
14;9;0;0;0
14;10;0;0;0
14;11;0;0;0
14;12;0;0;0
14;13;0;0;0
14;14;0;0;0
14;15;0;0;0
14;16;0;0;0
14;17;0;0;0
14;18;0;0;0
14;19;0;0;0
14;20;0;0;0
14;21;0;0;0
14;22;0;0;0
14;23;0;0;0
14;24;0;0;0
14;25;0;0;0


THREAD; REPETITION; AVERAGE; MIN; MAX (nanoseconds)
15;1;0;0;0
15;2;0;0;0
15;3;0;0;0
15;4;0;0;0
15;5;0;0;0
15;6;0;0;0
15;7;0;0;0
15;8;0;0;0
15;9;0;0;0
15;10;0;0;0
15;11;0;0;0
15;12;0;0;0
15;13;0;0;0
15;14;0;0;0
15;15;0;0;0
15;16;0;0;0
15;17;0;0;0
15;18;0;0;0
15;19;0;0;0
15;20;0;0;0
15;21;0;0;0
15;22;0;0;0
15;23;0;0;0
15;24;0;0;0
15;25;0;0;0


THREAD; REPETITION; AVERAGE; MIN; MAX (nanoseconds)
16;1;0;0;0
16;2;0;0;0
16;3;0;0;0
16;4;0;0;0
16;5;0;0;0
16;6;0;0;0
16;7;0;0;0
16;8;0;0;0
16;9;0;0;0
16;10;0;0;0
16;11;0;0;0
16;12;0;0;0
16;13;0;0;0
16;14;0;0;0
16;15;0;0;0
16;16;0;0;0
16;17;0;0;0
16;18;0;0;0
16;19;0;0;0
16;20;0;0;0
16;21;0;0;0
16;22;0;0;0
16;23;0;0;0
16;24;0;0;0
16;25;0;0;0


THREAD; REPETITION; AVERAGE; MIN; MAX (nanoseconds)
17;1;0;0;0
17;2;0;0;0
17;3;0;0;0
17;4;0;0;0
17;5;0;0;0
17;6;0;0;0
17;7;0;0;0
17;8;0;0;0
17;9;0;0;0
17;10;0;0;0
17;11;0;0;0
17;12;0;0;0
17;13;0;0;0
17;14;0;0;0
17;15;0;0;0
17;16;0;0;0
17;17;0;0;0
17;18;0;0;0
17;19;42835642380;42835642380;42835642380
17;20;0;0;0
17;21;0;0;0
17;22;0;0;0
17;23;0;0;0
17;24;0;0;0
17;25;0;0;0


THREAD; REPETITION; AVERAGE; MIN; MAX (nanoseconds)
18;1;42084102379;42084102379;42084102379
18;2;0;0;0
18;3;0;0;0
18;4;0;0;0
18;5;0;0;0
18;6;0;0;0
18;7;0;0;0
18;8;0;0;0
18;9;0;0;0
18;10;0;0;0
18;11;0;0;0
18;12;0;0;0
18;13;0;0;0
18;14;0;0;0
18;15;0;0;0
18;16;0;0;0
18;17;0;0;0
18;18;0;0;0
18;19;0;0;0
18;20;0;0;0
18;21;0;0;0
18;22;0;0;0
18;23;0;0;0
18;24;0;0;0
18;25;0;0;0


THREAD; REPETITION; AVERAGE; MIN; MAX (nanoseconds)
19;1;27792488954;9919837228;45665140681
19;2;0;0;0
19;3;0;0;0
19;4;0;0;0
19;5;0;0;0
19;6;0;0;0
19;7;0;0;0
19;8;0;0;0
19;9;0;0;0
19;10;0;0;0
19;11;0;0;0
19;12;0;0;0
19;13;0;0;0
19;14;0;0;0
19;15;0;0;0
19;16;0;0;0
19;17;0;0;0
19;18;0;0;0
19;19;0;0;0
19;20;0;0;0
19;21;0;0;0
19;22;0;0;0
19;23;0;0;0
19;24;0;0;0
19;25;0;0;0


THREAD; REPETITION; AVERAGE; MIN; MAX (nanoseconds)
20;1;0;0;0
20;2;0;0;0
20;3;0;0;0
20;4;0;0;0
20;5;0;0;0
20;6;0;0;0
20;7;0;0;0
20;8;0;0;0
20;9;0;0;0
20;10;0;0;0
20;11;0;0;0
20;12;0;0;0
20;13;0;0;0
20;14;0;0;0
20;15;0;0;0
20;16;0;0;0
20;17;0;0;0
20;18;0;0;0
20;19;0;0;0
20;20;0;0;0
20;21;0;0;0
20;22;0;0;0
20;23;0;0;0
20;24;0;0;0
20;25;0;0;0


THREAD; REPETITION; AVERAGE; MIN; MAX (nanoseconds)
21;1;0;0;0
21;2;0;0;0
21;3;0;0;0
21;4;0;0;0
21;5;0;0;0
21;6;0;0;0
21;7;0;0;0
21;8;0;0;0
21;9;0;0;0
21;10;0;0;0
21;11;0;0;0
21;12;0;0;0
21;13;0;0;0
21;14;0;0;0
21;15;0;0;0
21;16;0;0;0
21;17;0;0;0
21;18;0;0;0
21;19;0;0;0
21;20;0;0;0
21;21;0;0;0
21;22;0;0;0
21;23;0;0;0
21;24;47995915682;47995915682;47995915682
21;25;0;0;0


THREAD; REPETITION; AVERAGE; MIN; MAX (nanoseconds)
22;1;0;0;0
22;2;0;0;0
22;3;0;0;0
22;4;0;0;0
22;5;0;0;0
22;6;0;0;0
22;7;0;0;0
22;8;0;0;0
22;9;0;0;0
22;10;0;0;0
22;11;0;0;0
22;12;0;0;0
22;13;0;0;0
22;14;0;0;0
22;15;0;0;0
22;16;0;0;0
22;17;0;0;0
22;18;0;0;0
22;19;0;0;0
22;20;0;0;0
22;21;0;0;0
22;22;0;0;0
22;23;0;0;0
22;24;0;0;0
22;25;0;0;0


THREAD; REPETITION; AVERAGE; MIN; MAX (nanoseconds)
23;1;0;0;0
23;2;0;0;0
23;3;0;0;0
23;4;0;0;0
23;5;0;0;0
23;6;0;0;0
23;7;0;0;0
23;8;0;0;0
23;9;0;0;0
23;10;0;0;0
23;11;0;0;0
23;12;0;0;0
23;13;50752748044;50575366702;50930129387
23;14;0;0;0
23;15;0;0;0
23;16;0;0;0
23;17;0;0;0
23;18;0;0;0
23;19;0;0;0
23;20;0;0;0
23;21;0;0;0
23;22;0;0;0
23;23;0;0;0
23;24;0;0;0
23;25;0;0;0


THREAD; REPETITION; AVERAGE; MIN; MAX (nanoseconds)
24;1;0;0;0
24;2;0;0;0
24;3;0;0;0
24;4;0;0;0
24;5;49786469928;49786469928;49786469928
24;6;0;0;0
24;7;0;0;0
24;8;0;0;0
24;9;0;0;0
24;10;0;0;0
24;11;0;0;0
24;12;0;0;0
24;13;0;0;0
24;14;0;0;0
24;15;0;0;0
24;16;0;0;0
24;17;0;0;0
24;18;0;0;0
24;19;0;0;0
24;20;0;0;0
24;21;0;0;0
24;22;0;0;0
24;23;0;0;0
24;24;0;0;0
24;25;0;0;0


THREAD; REPETITION; AVERAGE; MIN; MAX (nanoseconds)
25;1;0;0;0
25;2;0;0;0
25;3;0;0;0
25;4;0;0;0
25;5;0;0;0
25;6;0;0;0
25;7;0;0;0
25;8;0;0;0
25;9;0;0;0
25;10;0;0;0
25;11;0;0;0
25;12;0;0;0
25;13;0;0;0
25;14;0;0;0
25;15;0;0;0
25;16;49076466748;45851987473;50707633792
25;17;0;0;0
25;18;0;0;0
25;19;0;0;0
25;20;0;0;0
25;21;0;0;0
25;22;0;0;0
25;23;0;0;0
25;24;0;0;0
25;25;0;0;0


THREAD; REPETITION; AVERAGE; MIN; MAX (nanoseconds)
26;1;0;0;0
26;2;0;0;0
26;3;0;0;0
26;4;0;0;0
26;5;0;0;0
26;6;0;0;0
26;7;0;0;0
26;8;0;0;0
26;9;0;0;0
26;10;0;0;0
26;11;47055769867;47055769867;47055769867
26;12;0;0;0
26;13;0;0;0
26;14;50575325216;50575325216;50575325216
26;15;0;0;0
26;16;0;0;0
26;17;0;0;0
26;18;51365245653;51365245653;51365245653
26;19;0;0;0
26;20;0;0;0
26;21;0;0;0
26;22;0;0;0
26;23;0;0;0
26;24;50411395977;47060788521;53270869063
26;25;0;0;0


THREAD; REPETITION; AVERAGE; MIN; MAX (nanoseconds)
27;1;0;0;0
27;2;0;0;0
27;3;52250119940;52240859732;52263310420
27;4;0;0;0
27;5;0;0;0
27;6;0;0;0
27;7;0;0;0
27;8;0;0;0
27;9;0;0;0
27;10;0;0;0
27;11;0;0;0
27;12;0;0;0
27;13;0;0;0
27;14;0;0;0
27;15;43563408385;42344381199;45307191557
27;16;0;0;0
27;17;0;0;0
27;18;0;0;0
27;19;0;0;0
27;20;0;0;0
27;21;0;0;0
27;22;0;0;0
27;23;0;0;0
27;24;0;0;0
27;25;52444020958;51084372874;53803669042


THREAD; REPETITION; AVERAGE; MIN; MAX (nanoseconds)
28;1;0;0;0
28;2;0;0;0
28;3;0;0;0
28;4;0;0;0
28;5;0;0;0
28;6;0;0;0
28;7;0;0;0
28;8;0;0;0
28;9;0;0;0
28;10;0;0;0
28;11;0;0;0
28;12;44961296756;44961296756;44961296756
28;13;43321087841;43273114041;43369061641
28;14;48481165414;48481165414;48481165414
28;15;0;0;0
28;16;0;0;0
28;17;0;0;0
28;18;0;0;0
28;19;0;0;0
28;20;0;0;0
28;21;51546263072;42155291665;56258537328
28;22;51283992292;49682034589;52306552159
28;23;0;0;0
28;24;0;0;0
28;25;0;0;0


THREAD; REPETITION; AVERAGE; MIN; MAX (nanoseconds)
29;1;45238944405;43123923641;46305480934
29;2;0;0;0
29;3;53418139979;50942285541;55893994418
29;4;0;0;0
29;5;0;0;0
29;6;0;0;0
29;7;0;0;0
29;8;0;0;0
29;9;0;0;0
29;10;0;0;0
29;11;0;0;0
29;12;0;0;0
29;13;0;0;0
29;14;0;0;0
29;15;0;0;0
29;16;0;0;0
29;17;0;0;0
29;18;0;0;0
29;19;0;0;0
29;20;0;0;0
29;21;0;0;0
29;22;44042048326;42372615094;45711481558
29;23;48348672876;48348672876;48348672876
29;24;0;0;0
29;25;0;0;0


THREAD; REPETITION; AVERAGE; MIN; MAX (nanoseconds)
30;1;57332491281;57332491281;57332491281
30;2;0;0;0
30;3;45373764962;45373764962;45373764962
30;4;46776134676;46776134676;46776134676
30;5;0;0;0
30;6;0;0;0
30;7;0;0;0
30;8;47464516463;45878982315;48970302999
30;9;49905940699;49895674380;49916207018
30;10;0;0;0
30;11;51392114710;51392114710;51392114710
30;12;0;0;0
30;13;0;0;0
30;14;0;0;0
30;15;0;0;0
30;16;0;0;0
30;17;0;0;0
30;18;43651810181;43636010652;43667609710
30;19;0;0;0
30;20;0;0;0
30;21;0;0;0
30;22;0;0;0
30;23;0;0;0
30;24;0;0;0
30;25;0;0;0


THREAD; REPETITION; AVERAGE; MIN; MAX (nanoseconds)
31;1;38902548187;12854657715;46363305113
31;2;0;0;0
31;3;45717711504;45170856282;46264566726
31;4;0;0;0
31;5;39120960555;39120960555;39120960555
31;6;0;0;0
31;7;44818710130;44818710130;44818710130
31;8;47073176548;47073176548;47073176548
31;9;42986759211;42986759211;42986759211
31;10;0;0;0
31;11;47450730051;47450730051;47450730051
31;12;0;0;0
31;13;0;0;0
31;14;0;0;0
31;15;0;0;0
31;16;0;0;0
31;17;41059139464;40528515775;41589763154
31;18;0;0;0
31;19;0;0;0
31;20;0;0;0
31;21;45220231551;45220231551;45220231551
31;22;0;0;0
31;23;0;0;0
31;24;0;0;0
31;25;41995462063;41995462063;41995462063


THREAD; REPETITION; AVERAGE; MIN; MAX (nanoseconds)
32;1;51139697154;51139697154;51139697154
32;2;55222753172;55222753172;55222753172
32;3;0;0;0
32;4;0;0;0
32;5;0;0;0
32;6;0;0;0
32;7;0;0;0
32;8;48548831276;48548831276;48548831276
32;9;0;0;0
32;10;0;0;0
32;11;51924296315;51924296315;51924296315
32;12;32488162648;12448654857;43081196074
32;13;42054210265;21734181718;52236652285
32;14;43846494491;42859677277;46741723948
32;15;0;0;0
32;16;0;0;0
32;17;56203012814;56203012814;56203012814
32;18;0;0;0
32;19;0;0;0
32;20;0;0;0
32;21;0;0;0
32;22;55142399837;50702116470;59582683205
32;23;0;0;0
32;24;0;0;0
32;25;0;0;0


THREAD; REPETITION; AVERAGE; MIN; MAX (nanoseconds)
33;1;41236100328;41236100328;41236100328
33;2;0;0;0
33;3;0;0;0
33;4;0;0;0
33;5;56607904916;56607904916;56607904916
33;6;0;0;0
33;7;0;0;0
33;8;0;0;0
33;9;0;0;0
33;10;0;0;0
33;11;0;0;0
33;12;0;0;0
33;13;0;0;0
33;14;43937010045;43468381246;44405638845
33;15;0;0;0
33;16;0;0;0
33;17;0;0;0
33;18;0;0;0
33;19;0;0;0
33;20;0;0;0
33;21;48466829770;46139104203;52558625678
33;22;0;0;0
33;23;0;0;0
33;24;0;0;0
33;25;0;0;0


THREAD; REPETITION; AVERAGE; MIN; MAX (nanoseconds)
34;1;50747884857;50747884857;50747884857
34;2;40080278919;40080278919;40080278919
34;3;46553904058;46553904058;46553904058
34;4;47517198275;47517198275;47517198275
34;5;0;0;0
34;6;0;0;0
34;7;43495325104;43495325104;43495325104
34;8;0;0;0
34;9;45774988720;45774988720;45774988720
34;10;0;0;0
34;11;33681358944;33681358944;33681358944
34;12;0;0;0
34;13;43545365647;43474293661;43616437633
34;14;52469595088;52239457040;52699733136
34;15;0;0;0
34;16;0;0;0
34;17;0;0;0
34;18;44534187236;44534187236;44534187236
34;19;51736084125;51736084125;51736084125
34;20;0;0;0
34;21;0;0;0
34;22;0;0;0
34;23;38509319970;9685792469;45820897978
34;24;0;0;0
34;25;0;0;0


THREAD; REPETITION; AVERAGE; MIN; MAX (nanoseconds)
35;1;45407435303;45407435303;45407435303
35;2;50109591559;50083459211;50126260531
35;3;0;0;0
35;4;0;0;0
35;5;0;0;0
35;6;0;0;0
35;7;0;0;0
35;8;0;0;0
35;9;42004446655;41455237817;42553655493
35;10;0;0;0
35;11;0;0;0
35;12;46398291193;46398291193;46398291193
35;13;48795299752;48795299752;48795299752
35;14;0;0;0
35;15;51832142283;51832142283;51832142283
35;16;0;0;0
35;17;0;0;0
35;18;0;0;0
35;19;0;0;0
35;20;44939234945;44939234945;44939234945
35;21;0;0;0
35;22;0;0;0
35;23;46718576384;46718576384;46718576384
35;24;43092791454;22307671575;50048553797
35;25;0;0;0


THREAD; REPETITION; AVERAGE; MIN; MAX (nanoseconds)
36;1;0;0;0
36;2;46723257915;46723257915;46723257915
36;3;47899304939;47899304939;47899304939
36;4;0;0;0
36;5;0;0;0
36;6;0;0;0
36;7;0;0;0
36;8;44144677850;44144392374;44144963326
36;9;0;0;0
36;10;0;0;0
36;11;0;0;0
36;12;44477865554;44477865554;44477865554
36;13;0;0;0
36;14;0;0;0
36;15;45845495518;45845495518;45845495518
36;16;9909230503;9909230503;9909230503
36;17;47274597889;45223470372;49325725407
36;18;37600531526;26812672350;48388390703
36;19;0;0;0
36;20;0;0;0
36;21;0;0;0
36;22;41176621958;41176621958;41176621958
36;23;56754458737;56754458737;56754458737
36;24;0;0;0
36;25;0;0;0


THREAD; REPETITION; AVERAGE; MIN; MAX (nanoseconds)
37;1;42980588419;41795948507;44165228332
37;2;42111448661;42109483258;42113414065
37;3;50974165850;50974165850;50974165850
37;4;0;0;0
37;5;0;0;0
37;6;0;0;0
37;7;0;0;0
37;8;0;0;0
37;9;0;0;0
37;10;51156062409;47910737747;57598234832
37;11;0;0;0
37;12;48824375130;44722637794;52926112466
37;13;0;0;0
37;14;0;0;0
37;15;46396457162;46396457162;46396457162
37;16;0;0;0
37;17;0;0;0
37;18;45301574852;45301574852;45301574852
37;19;0;0;0
37;20;0;0;0
37;21;52844096735;52844096735;52844096735
37;22;41415687748;41415687748;41415687748
37;23;45112779558;45112779558;45112779558
37;24;0;0;0
37;25;42735489217;42735489217;42735489217


THREAD; REPETITION; AVERAGE; MIN; MAX (nanoseconds)
38;1;0;0;0
38;2;0;0;0
38;3;0;0;0
38;4;0;0;0
38;5;0;0;0
38;6;0;0;0
38;7;0;0;0
38;8;0;0;0
38;9;0;0;0
38;10;50919299032;50919299032;50919299032
38;11;0;0;0
38;12;0;0;0
38;13;37003358388;37003358388;37003358388
38;14;41612103913;41612103913;41612103913
38;15;0;0;0
38;16;51106263924;48054008051;54158519798
38;17;0;0;0
38;18;47405761416;47405761416;47405761416
38;19;0;0;0
38;20;46648475017;46648475017;46648475017
38;21;56395515328;54463283391;59925616314
38;22;54177598689;54177598689;54177598689
38;23;0;0;0
38;24;0;0;0
38;25;0;0;0


THREAD; REPETITION; AVERAGE; MIN; MAX (nanoseconds)
39;1;48064441919;48064441919;48064441919
39;2;0;0;0
39;3;0;0;0
39;4;0;0;0
39;5;0;0;0
39;6;0;0;0
39;7;31465780323;10332236080;52599324566
39;8;0;0;0
39;9;0;0;0
39;10;0;0;0
39;11;48918704891;48918704891;48918704891
39;12;0;0;0
39;13;0;0;0
39;14;0;0;0
39;15;49055399778;46914517488;52590029669
39;16;0;0;0
39;17;12563316358;12563316358;12563316358
39;18;0;0;0
39;19;0;0;0
39;20;0;0;0
39;21;47551200083;47551200083;47551200083
39;22;0;0;0
39;23;45978922811;45978922811;45978922811
39;24;0;0;0
39;25;0;0;0


THREAD; REPETITION; AVERAGE; MIN; MAX (nanoseconds)
40;1;51977610771;51977610771;51977610771
40;2;50241129389;47562618224;52919640555
40;3;0;0;0
40;4;0;0;0
40;5;0;0;0
40;6;0;0;0
40;7;0;0;0
40;8;48837976475;48837976475;48837976475
40;9;0;0;0
40;10;51300754495;51300754495;51300754495
40;11;58447289531;58447289531;58447289531
40;12;0;0;0
40;13;0;0;0
40;14;48109177912;48109177912;48109177912
40;15;0;0;0
40;16;0;0;0
40;17;0;0;0
40;18;47123464644;42485940042;51760989246
40;19;47923515280;47923515280;47923515280
40;20;49323627584;49323627584;49323627584
40;21;52467581145;52467581145;52467581145
40;22;0;0;0
40;23;46531791471;46531791471;46531791471
40;24;0;0;0
40;25;0;0;0


THREAD; REPETITION; AVERAGE; MIN; MAX (nanoseconds)
41;1;0;0;0
41;2;41643220822;40106845144;43179596500
41;3;48224720181;48224720181;48224720181
41;4;41856742267;41856742267;41856742267
41;5;56417454872;56417454872;56417454872
41;6;0;0;0
41;7;0;0;0
41;8;0;0;0
41;9;49299354666;49299354666;49299354666
41;10;41583308632;41583308632;41583308632
41;11;0;0;0
41;12;41767529253;41767529253;41767529253
41;13;0;0;0
41;14;46488922056;46261370231;46716473882
41;15;0;0;0
41;16;0;0;0
41;17;0;0;0
41;18;39300980781;39300980781;39300980781
41;19;46129381772;42973273070;49285490474
41;20;0;0;0
41;21;0;0;0
41;22;42613447589;42613375024;42613520155
41;23;0;0;0
41;24;0;0;0
41;25;44204943855;44204943855;44204943855


THREAD; REPETITION; AVERAGE; MIN; MAX (nanoseconds)
42;1;0;0;0
42;2;0;0;0
42;3;0;0;0
42;4;0;0;0
42;5;0;0;0
42;6;44408390941;44408390941;44408390941
42;7;0;0;0
42;8;0;0;0
42;9;0;0;0
42;10;0;0;0
42;11;0;0;0
42;12;45625628676;45625628676;45625628676
42;13;0;0;0
42;14;0;0;0
42;15;0;0;0
42;16;0;0;0
42;17;0;0;0
42;18;0;0;0
42;19;0;0;0
42;20;0;0;0
42;21;0;0;0
42;22;0;0;0
42;23;0;0;0
42;24;0;0;0
42;25;0;0;0


THREAD; REPETITION; AVERAGE; MIN; MAX (nanoseconds)
43;1;0;0;0
43;2;49568717113;49568717113;49568717113
43;3;0;0;0
43;4;53163441094;53163441094;53163441094
43;5;0;0;0
43;6;0;0;0
43;7;50966133195;46182295445;55749970946
43;8;0;0;0
43;9;0;0;0
43;10;0;0;0
43;11;52813416370;52813416370;52813416370
43;12;0;0;0
43;13;0;0;0
43;14;0;0;0
43;15;0;0;0
43;16;48852361473;48852361473;48852361473
43;17;0;0;0
43;18;0;0;0
43;19;0;0;0
43;20;0;0;0
43;21;0;0;0
43;22;34459001913;34459001913;34459001913
43;23;0;0;0
43;24;54516428137;54516428137;54516428137
43;25;48899425347;48899425347;48899425347


THREAD; REPETITION; AVERAGE; MIN; MAX (nanoseconds)
44;1;0;0;0
44;2;41705061957;41705061957;41705061957
44;3;0;0;0
44;4;0;0;0
44;5;0;0;0
44;6;0;0;0
44;7;0;0;0
44;8;0;0;0
44;9;43540024151;43540024151;43540024151
44;10;0;0;0
44;11;0;0;0
44;12;47206412792;45901630516;48511195069
44;13;0;0;0
44;14;0;0;0
44;15;0;0;0
44;16;43098707727;43098707727;43098707727
44;17;44133339224;44133339224;44133339224
44;18;50087516082;50087516082;50087516082
44;19;0;0;0
44;20;0;0;0
44;21;0;0;0
44;22;0;0;0
44;23;0;0;0
44;24;0;0;0
44;25;0;0;0


THREAD; REPETITION; AVERAGE; MIN; MAX (nanoseconds)
45;1;0;0;0
45;2;42132641159;42132641159;42132641159
45;3;0;0;0
45;4;0;0;0
45;5;0;0;0
45;6;0;0;0
45;7;0;0;0
45;8;0;0;0
45;9;0;0;0
45;10;0;0;0
45;11;0;0;0
45;12;0;0;0
45;13;43914602135;43914602135;43914602135
45;14;43231255718;43231255718;43231255718
45;15;0;0;0
45;16;0;0;0
45;17;42555657074;42555657074;42555657074
45;18;47490606208;47490606208;47490606208
45;19;0;0;0
45;20;0;0;0
45;21;0;0;0
45;22;0;0;0
45;23;47304305296;45615355304;48993255289
45;24;0;0;0
45;25;0;0;0


THREAD; REPETITION; AVERAGE; MIN; MAX (nanoseconds)
46;1;0;0;0
46;2;0;0;0
46;3;0;0;0
46;4;0;0;0
46;5;0;0;0
46;6;0;0;0
46;7;0;0;0
46;8;0;0;0
46;9;0;0;0
46;10;0;0;0
46;11;0;0;0
46;12;0;0;0
46;13;51924725349;48766701844;55686437312
46;14;0;0;0
46;15;0;0;0
46;16;0;0;0
46;17;0;0;0
46;18;0;0;0
46;19;0;0;0
46;20;0;0;0
46;21;0;0;0
46;22;0;0;0
46;23;0;0;0
46;24;0;0;0
46;25;0;0;0


THREAD; REPETITION; AVERAGE; MIN; MAX (nanoseconds)
47;1;0;0;0
47;2;0;0;0
47;3;0;0;0
47;4;0;0;0
47;5;0;0;0
47;6;0;0;0
47;7;44340780463;44340780463;44340780463
47;8;0;0;0
47;9;0;0;0
47;10;0;0;0
47;11;0;0;0
47;12;0;0;0
47;13;0;0;0
47;14;0;0;0
47;15;0;0;0
47;16;44378907655;44378907655;44378907655
47;17;0;0;0
47;18;0;0;0
47;19;0;0;0
47;20;0;0;0
47;21;0;0;0
47;22;0;0;0
47;23;45487959363;45487959363;45487959363
47;24;0;0;0
47;25;0;0;0


THREAD; REPETITION; AVERAGE; MIN; MAX (nanoseconds)
48;1;0;0;0
48;2;0;0;0
48;3;0;0;0
48;4;0;0;0
48;5;0;0;0
48;6;55285622055;55285622055;55285622055
48;7;0;0;0
48;8;0;0;0
48;9;0;0;0
48;10;0;0;0
48;11;0;0;0
48;12;0;0;0
48;13;0;0;0
48;14;46921112879;46921112879;46921112879
48;15;53527048898;53527048898;53527048898
48;16;0;0;0
48;17;0;0;0
48;18;0;0;0
48;19;0;0;0
48;20;0;0;0
48;21;0;0;0
48;22;0;0;0
48;23;0;0;0
48;24;0;0;0
48;25;0;0;0


THREAD; REPETITION; AVERAGE; MIN; MAX (nanoseconds)
49;1;0;0;0
49;2;0;0;0
49;3;0;0;0
49;4;0;0;0
49;5;0;0;0
49;6;55936026087;55936026087;55936026087
49;7;0;0;0
49;8;0;0;0
49;9;0;0;0
49;10;0;0;0
49;11;48203580483;48203580483;48203580483
49;12;49089470939;49089470939;49089470939
49;13;0;0;0
49;14;0;0;0
49;15;0;0;0
49;16;0;0;0
49;17;0;0;0
49;18;0;0;0
49;19;0;0;0
49;20;0;0;0
49;21;0;0;0
49;22;57015659462;57015659462;57015659462
49;23;0;0;0
49;24;0;0;0
49;25;0;0;0


THREAD; REPETITION; AVERAGE; MIN; MAX (nanoseconds)
50;1;0;0;0
50;2;0;0;0
50;3;0;0;0
50;4;0;0;0
50;5;0;0;0
50;6;0;0;0
50;7;0;0;0
50;8;0;0;0
50;9;0;0;0
50;10;0;0;0
50;11;0;0;0
50;12;0;0;0
50;13;0;0;0
50;14;0;0;0
50;15;0;0;0
50;16;0;0;0
50;17;45083048334;45083048334;45083048334
50;18;0;0;0
50;19;47991104107;46871520892;49110687322
50;20;0;0;0
50;21;0;0;0
50;22;0;0;0
50;23;0;0;0
50;24;58074992423;58074992423;58074992423
50;25;0;0;0


