THREAD; AVERAGE-REPETITIONS; MIN-REPETITIONS; MAX-REPETITIONS (nanoseconds)
1;0;0;0
2;6375956100;6375956100;6375956100
3;24666911206;21701613481;27650912319
4;14219279744;12319590942;16118968547
5;16218573511;11524549008;22291550029
6;19006762696;13537556292;23393267306
7;18897998155;14467899087;22498451524
8;33897756476;8044931241;39152954286
9;37028628118;12820842629;45680452001
10;30871716870;10494912040;52458203606
11;28983720372;12640821554;55429740514
12;27225397653;12042272791;56421400278
13;28591490842;13637104285;56375206502
14;27572549308;11945118494;56366124923
15;27494201445;12713665370;58123912628
16;26887898338;11320861033;57977004085
17;26257037102;11604761365;58382408853
18;27734950850;11811287968;57311058902
19;27849666868;12305234852;58152946542
20;26766755344;11917006410;57365611143
21;25293098977;11302246911;57352838511
22;25466621393;12165864016;56666672786
23;25430840143;11500825370;57529056190
24;24739430484;11034176363;56852239930
25;25531662735;10882162584;57594170130
26;25783915634;11440248174;57892153807
27;24244279048;11629748127;57170883595
28;24547388623;10762180606;57433063258
29;24716559203;10564091567;56917802078
30;24783282366;10644650462;57812128921
31;24786253001;10863119304;57468766424
32;25162972383;10504057546;58196454697
33;25410565520;10278207937;58428605138
34;23876079482;9607319081;58090857025
35;23651570432;10581786349;58683617845
36;24462740851;10046859877;57221776720
37;23720628055;10187380723;58331285962
38;24605116159;10111390791;57582157866
39;25324632359;10132184096;58555341709
40;24342915403;9601214266;57892605518
41;23903549487;8861108934;58787902909
42;26579294861;10314502323;59039852769
43;24824690753;8147152607;58852806795
44;24114149755;7879345735;58831498198
45;24439525299;7124255702;58850812226
46;24500353436;7767966126;59092162369
47;24971950916;8817847430;58130338193
48;24696694678;9304272716;56971413093
49;24090930101;7371642800;58765836493
50;23344969389;8011385371;58328771377
THREAD; REPETITION; AVERAGE; MIN; MAX (nanoseconds)
1;1;0;0;0
1;2;0;0;0
1;3;0;0;0
1;4;0;0;0
1;5;0;0;0
1;6;0;0;0
1;7;0;0;0
1;8;0;0;0
1;9;0;0;0
1;10;0;0;0
1;11;0;0;0
1;12;0;0;0
1;13;0;0;0
1;14;0;0;0
1;15;0;0;0
1;16;0;0;0
1;17;0;0;0
1;18;0;0;0
1;19;0;0;0
1;20;0;0;0
1;21;0;0;0
1;22;0;0;0
1;23;0;0;0
1;24;0;0;0
1;25;0;0;0


THREAD; REPETITION; AVERAGE; MIN; MAX (nanoseconds)
2;1;0;0;0
2;2;0;0;0
2;3;0;0;0
2;4;0;0;0
2;5;0;0;0
2;6;53878708049;53878708049;53878708049
2;7;0;0;0
2;8;0;0;0
2;9;0;0;0
2;10;53241694475;53241694475;53241694475
2;11;0;0;0
2;12;0;0;0
2;13;0;0;0
2;14;0;0;0
2;15;0;0;0
2;16;0;0;0
2;17;0;0;0
2;18;0;0;0
2;19;0;0;0
2;20;0;0;0
2;21;52278499991;52278499991;52278499991
2;22;0;0;0
2;23;0;0;0
2;24;0;0;0
2;25;0;0;0


THREAD; REPETITION; AVERAGE; MIN; MAX (nanoseconds)
3;1;15385080786;15385080786;15385080786
3;2;22022442005;17953079302;24552736940
3;3;25679132962;25679132962;25679132962
3;4;21115055545;17897792876;24332318214
3;5;28500298990;28500298990;28500298990
3;6;25781565848;24787545973;26775585724
3;7;17764027167;17761245493;17766808841
3;8;26674358857;24461297665;28887420049
3;9;33267384263;18081434443;48453334083
3;10;23206736541;23206736541;23206736541
3;11;24593646260;24593646260;24593646260
3;12;20462513997;13761710497;24224795470
3;13;0;0;0
3;14;41438036154;33946468685;48929603623
3;15;17936721357;17936303008;17937139707
3;16;24310473025;24308045435;24312232979
3;17;21876471241;17857051245;24331081674
3;18;0;0;0
3;19;36222388425;24344727612;48100049239
3;20;46446273409;46446273409;46446273409
3;21;32084741932;24244023542;48613979639
3;22;23815825009;19457742115;25996680654
3;23;34310924456;34304641233;34316567329
3;24;24949827073;23860767011;26038887135
3;25;28828854854;23765291958;33892417751


THREAD; REPETITION; AVERAGE; MIN; MAX (nanoseconds)
4;1;13279736042;13279736042;13279736042
4;2;23508124985;23508124985;23508124985
4;3;13945654825;13945654825;13945654825
4;4;19964417195;14966612098;24962222293
4;5;0;0;0
4;6;15621364586;13215243906;18027485267
4;7;0;0;0
4;8;25831790911;25831790911;25831790911
4;9;16339072704;16339072704;16339072704
4;10;20441420837;17429065216;23453776458
4;11;29056634258;13974082042;44139186475
4;12;0;0;0
4;13;17621000784;17621000784;17621000784
4;14;18922709311;13934892354;23910526269
4;15;0;0;0
4;16;18072407143;18063234853;18081579433
4;17;17597485399;17596774450;17598196349
4;18;23022287434;13612835290;32431739578
4;19;0;0;0
4;20;0;0;0
4;21;18779434711;13815438763;23743430659
4;22;17887684957;17887684957;17887684957
4;23;23600551885;23600551885;23600551885
4;24;21990215655;19367977494;24612453817
4;25;0;0;0


THREAD; REPETITION; AVERAGE; MIN; MAX (nanoseconds)
5;1;9856440832;9856440832;9856440832
5;2;10897485807;9367490630;13421630892
5;3;0;0;0
5;4;14955589869;10020657444;29733731661
5;5;16998728225;10484747573;30468239679
5;6;30762662015;30762662015;30762662015
5;7;0;0;0
5;8;20080322359;10348142431;29812502287
5;9;16936764361;9844539320;29441461415
5;10;18859817402;13680421395;29211164547
5;11;25367589409;15778939153;30281439820
5;12;19562899777;10151936141;32539745833
5;13;16148792653;9607941442;29499165606
5;14;11766729116;10003031810;13530426423
5;15;16573336532;10390411771;28937880722
5;16;12251547077;9366925266;15037224703
5;17;18396635815;9189708399;27643657155
5;18;0;0;0
5;19;30478038271;30478038271;30478038271
5;20;20076791230;9418357361;28034375109
5;21;27083320784;13775404625;30611730541
5;22;13431631394;13431631394;13431631394
5;23;15220341045;9538241103;27655911017
5;24;16350980222;16350980222;16350980222
5;25;23407893601;16267076612;30548710590


THREAD; REPETITION; AVERAGE; MIN; MAX (nanoseconds)
6;1;10952026619;8700871758;13203181480
6;2;25544390802;24970278276;27246611789
6;3;29805401315;29805401315;29805401315
6;4;21273505571;12010192985;24650158121
6;5;15552400416;8759040464;26250504604
6;6;24557479989;13136114157;26876381775
6;7;27542396101;27542396101;27542396101
6;8;18912387165;8870948752;23956215525
6;9;15565914010;9122465355;25568309381
6;10;22225918820;13932077680;26388053579
6;11;18074281601;12703433607;27425270879
6;12;0;0;0
6;13;12064635938;9466625716;14109485703
6;14;15801266390;6070552403;24277494905
6;15;21388770255;12489007123;26908434032
6;16;17327019634;8615386452;26038652817
6;17;27467839452;27424005774;27511673131
6;18;19062167118;8609486610;24288828678
6;19;19423369939;9904558890;26767374066
6;20;24084549363;24084549363;24084549363
6;21;8418146580;8414247481;8422045679
6;22;19051348867;8792900703;27092504285
6;23;17725311024;8695585053;24009707030
6;24;16155582087;9126667495;25214645507
6;25;27192958358;27192113803;27193802913


THREAD; REPETITION; AVERAGE; MIN; MAX (nanoseconds)
7;1;21070614585;12346029174;25917650009
7;2;17054139436;7991662907;23145767060
7;3;22431760042;18654281411;23428991603
7;4;23867514324;23731757807;24237288957
7;5;17225152610;8194078856;22134179903
7;6;24759886056;24703338134;24836146982
7;7;23080614785;23080614785;23080614785
7;8;10842221585;8190345282;18795006209
7;9;8603716115;8603716115;8603716115
7;10;22761696622;19863339545;24703259493
7;11;18243566524;12432752766;21568850790
7;12;21306338864;9200768743;24982613153
7;13;15852176087;8097392547;25864729736
7;14;11171098526;8361863868;19595373225
7;15;23445011604;23408651867;23539553212
7;16;14749208209;8230169617;24045121098
7;17;8525264034;8140379434;8921565799
7;18;24180170245;19867531838;24958233030
7;19;24042569346;24032485623;24052149086
7;20;24373455961;24301735416;24412584491
7;21;13234119280;8653925290;23228739477
7;22;16387219901;8875030416;23926603242
7;23;25136464201;24829667178;25443261225
7;24;20982797995;8898482140;24115179513
7;25;19123176954;9007476439;24924109908


THREAD; REPETITION; AVERAGE; MIN; MAX (nanoseconds)
8;1;56117972085;7822338244;59910024319
8;2;58784269286;5066383507;59600180958
8;3;51552488873;7834579744;58245106781
8;4;57469610265;6067898643;57943776444
8;5;19783963133;8203446178;26057548237
8;6;51181248649;5681778132;57983999712
8;7;56119382820;5299007765;59327786771
8;8;18602596559;8358190846;23991454850
8;9;54232321560;7997602069;59762491462
8;10;53757850369;7841171084;59879165997
8;11;13702692450;8080756352;18227904594
8;12;15874717774;8322984136;23941540685
8;13;21835494944;18404900833;22876178816
8;14;17861866563;7932237477;21385112493
8;15;21568255434;17928114606;25021495190
8;16;58405700841;7708174223;59660567195
8;17;17142514639;7846168438;22937376888
8;18;0;0;0
8;19;50919337063;7817748973;59979952201
8;20;14723844604;8553573918;17965412853
8;21;19128746880;8295433918;23875327730
8;22;26294901656;5598895041;55858419785
8;23;16804787410;7953642711;21465443095
8;24;56774990026;8487308373;59663617932
8;25;18804358026;8020945818;23263972167


THREAD; REPETITION; AVERAGE; MIN; MAX (nanoseconds)
9;1;49349814896;6056530718;59648937853
9;2;54718266491;7838475979;59966127958
9;3;50348853635;15957503607;59817514865
9;4;37697309811;17279222499;59780059127
9;5;30549032705;16961198839;53948212063
9;6;18892797179;15998178680;22868150561
9;7;53936928201;7449371917;54538372893
9;8;54091944465;7887403009;59154379397
9;9;21230301880;17712977348;28486242036
9;10;52708640268;10793101986;59792970615
9;11;19079165019;16830320474;25098173161
9;12;58632350069;8561408224;59973189609
9;13;54000612898;16145549644;59722295013
9;14;25723150401;8568780111;59909913620
9;15;20478749697;18156255823;21660602954
9;16;28561462819;15923282359;57737896087
9;17;52902225935;7259673017;59438320932
9;18;15855816493;7919199717;20485824665
9;19;18199773895;16140529592;21824380473
9;20;18105441054;16491309649;22991912241
9;21;43543095030;7341118005;59657250502
9;22;16157824714;16118751126;16203432001
9;23;57272817482;7634130386;59995863580
9;24;17787552311;16155151562;20636386468
9;25;55891775604;17341641466;58674891362


THREAD; REPETITION; AVERAGE; MIN; MAX (nanoseconds)
10;1;24205398282;5991479923;57020630555
10;2;27394660367;8023638409;41771659806
10;3;34302053035;14065702415;42293072444
10;4;35374678883;16080904347;57454356559
10;5;32175264988;11660901106;43730835274
10;6;29689870262;17014956999;57314111291
10;7;31776805710;15927904733;52933777338
10;8;32613576366;15664027342;58211791512
10;9;30701296837;5514848814;58072050219
10;10;28200836098;8325407279;45371231539
10;11;29362398883;6335549140;57307370280
10;12;30066055012;15911914084;52787945465
10;13;34316000990;7764858522;57528999915
10;14;28071785660;5090891720;54497461549
10;15;32838321029;17028037083;57519989970
10;16;31913660120;8055463893;56963852599
10;17;29905245485;8250330070;52640804418
10;18;26276997841;9489538335;44898373187
10;19;33877462212;7861208477;59211901163
10;20;27032168729;5315861373;41338813173
10;21;33118609139;15388156176;52314072389
10;22;31014520809;7948263956;57247641879
10;23;30171604853;5345669352;52117129063
10;24;36296835004;7203112686;59361425614
10;25;31096815166;17114174777;41545792971


THREAD; REPETITION; AVERAGE; MIN; MAX (nanoseconds)
11;1;29914205392;17060498681;54445691282
11;2;33244567548;14787916132;57197382489
11;3;30399355967;14784281661;57549008393
11;4;22798869928;14711030033;58583630601
11;5;26905894197;11239988462;59773732276
11;6;23560924584;7488354666;52013792326
11;7;27329806306;12349463689;51428302899
11;8;24702915478;15887875065;55421301031
11;9;28823933327;8841768298;48737390925
11;10;26852894501;15673445577;46804728603
11;11;32771114117;15532742290;59805232369
11;12;28043107549;7693080754;55265401259
11;13;28234934654;16591071980;54385995916
11;14;25899435517;15050568159;47187436112
11;15;34439140927;15466112802;57509879677
11;16;34819158083;7191092514;59595383422
11;17;25006970173;14860210097;50441479015
11;18;32327238612;16380278220;59066172447
11;19;32498184369;6880349877;56942216749
11;20;30990396745;15292719116;51244102882
11;21;30049009365;6548743974;56966052809
11;22;31544570066;15310008674;58937911662
11;23;28267710129;7351338787;57137433528
11;24;26634570855;6904543106;59981216538
11;25;28534100933;16143056240;59322637654


THREAD; REPETITION; AVERAGE; MIN; MAX (nanoseconds)
12;1;31005744395;17183023471;59872021514
12;2;27676988760;8534791153;58034967154
12;3;23845546992;6950298921;58472560968
12;4;26538674949;15647773600;54957849601
12;5;25082442467;4095744641;55552709282
12;6;24192340270;6818923285;47811179912
12;7;30261772085;17491850431;51474183032
12;8;24707738478;14456241366;56303472648
12;9;33038908326;15206168521;57095033168
12;10;27140792013;14618630302;58273351711
12;11;27113656738;4626381006;56561605805
12;12;25813819608;6741948767;44976753470
12;13;25210596740;14437514963;58107546699
12;14;27325604555;15933003356;55812789406
12;15;31075216205;8254201373;58674075756
12;16;28484242609;15830234639;56407417143
12;17;22633576171;7707649924;56858125405
12;18;29724638692;15733992728;53941755656
12;19;22777998745;7169565196;59098259974
12;20;30330992592;16651390399;59047641320
12;21;23829609098;12196798546;59046073104
12;22;27250258747;7783529680;58058327455
12;23;32343784299;15767935450;59879241566
12;24;26817915254;14550758057;59596649085
12;25;26412082552;16668470016;56621416130


THREAD; REPETITION; AVERAGE; MIN; MAX (nanoseconds)
13;1;29825148676;16401180457;59697805797
13;2;30265041093;14716748498;58884363376
13;3;29890929782;15877500702;58007707963
13;4;22815224332;7471679082;55421110853
13;5;27180586154;14607965468;55468421685
13;6;24030700418;15566059582;57315590320
13;7;26938167849;12767398231;58336352106
13;8;25544808058;14505819105;58737713452
13;9;32851230141;16183025078;59563220744
13;10;33986792333;14464472370;59900966673
13;11;25965470335;7587995122;58409708846
13;12;23313857586;13134300379;53528309743
13;13;29603216871;15339560125;58158144052
13;14;19680656402;6698562597;47894005803
13;15;27761996006;11642359364;53345033587
13;16;34738628063;15672507190;59640414425
13;17;25622139469;7010450420;59261512706
13;18;26765519841;8236533484;58648105137
13;19;33656806941;16402117728;55702274871
13;20;34783168536;17363369437;59976509305
13;21;27014122504;16160116160;46389834392
13;22;33132297909;14774848619;56217293469
13;23;27924159672;16687408525;57493372691
13;24;32460412514;17254590807;56657748541
13;25;29036189577;14401038609;46724642029


THREAD; REPETITION; AVERAGE; MIN; MAX (nanoseconds)
14;1;33361004288;14033757502;59268832980
14;2;26523842119;14387329465;57134318538
14;3;25802575894;13543541148;59032502454
14;4;23112114190;11128793464;57577873235
14;5;21447058990;14783222239;51718165297
14;6;21776800381;6667991672;47061778732
14;7;30326689216;7037180704;58144572634
14;8;26523308425;12723444321;57229672416
14;9;21888507104;17670883521;56147167866
14;10;34370505882;16406012286;55800282857
14;11;37553612975;15795770901;58233368277
14;12;26607950194;6616077742;54818434535
14;13;23913729034;7382869960;52316661545
14;14;35816747021;14593812342;59656380211
14;15;24345891008;14250252615;57515420326
14;16;26406764113;3911164897;55839273706
14;17;28698121758;8102769486;57271270999
14;18;26471168568;13648852089;57421132224
14;19;20615292512;10174435508;56552917968
14;20;32950397517;12513591881;54548188666
14;21;33565751014;12928766994;59720736574
14;22;26822655830;10870529146;54446039371
14;23;31945264310;11707935575;59159376681
14;24;24784325537;14999393149;54507392839
14;25;23683654820;12749583746;58031362156


THREAD; REPETITION; AVERAGE; MIN; MAX (nanoseconds)
15;1;26838758380;12247345613;56453021823
15;2;26386937482;11818619755;59709605132
15;3;27284259723;8254409778;58899868768
15;4;32863943440;15903743632;59877520467
15;5;30067871536;14426307814;59270774777
15;6;25018546389;12279032670;55936541655
15;7;25558880950;14828748137;56327473324
15;8;24179763047;13851563886;58600317499
15;9;24514412554;13563322643;58832672378
15;10;31337542594;12162955558;57960818554
15;11;34198642926;16048969073;59905876724
15;12;24369569036;10741002069;59988681104
15;13;27023195149;11442729453;59708237848
15;14;28468975846;12752810622;51278952354
15;15;25914792485;15122470384;54520279114
15;16;28640405330;8236881083;59908007303
15;17;22114407162;17097857339;59625013235
15;18;25511358946;8008473004;58874672270
15;19;31691893454;15296457580;59429042239
15;20;28987005718;8467292142;59901119555
15;21;22468729711;13240294018;53503096204
15;22;29311070658;14093242228;59041875783
15;23;28069358425;14915424237;56867759520
15;24;24642180594;10906850102;58784128709
15;25;31892534608;12134831453;59892459377


THREAD; REPETITION; AVERAGE; MIN; MAX (nanoseconds)
16;1;26038711665;11761849132;56048174907
16;2;31382458645;14014187417;59893997701
16;3;23810214862;13328387616;56905666642
16;4;28814700142;12145575206;59898502044
16;5;30624340246;7297317746;59014055278
16;6;21791699599;11397942825;57674694129
16;7;23946238457;8105508522;57355530172
16;8;29803903068;14049194241;58007706007
16;9;26094610735;8940312944;52417990485
16;10;26673602153;11864629793;56595188565
16;11;30417650594;14191342335;58794223288
16;12;22433714592;11679578620;57334012284
16;13;23671038082;13780636016;59925114295
16;14;25360287097;11461882306;59766556713
16;15;28070653631;12601870839;57104979055
16;16;24348302270;11499237752;58306082267
16;17;26422401196;7452664305;59976991839
16;18;32500259747;8308694401;55863694059
16;19;29874140874;11845851358;59819892681
16;20;31101590224;12748846571;57774577774
16;21;24087017163;12697368171;59924269565
16;22;23048067267;6586633566;56096435650
16;23;32254888713;15118312663;59074318383
16;24;25866459698;8186134830;58487132862
16;25;23760507739;11957566674;57365315494


THREAD; REPETITION; AVERAGE; MIN; MAX (nanoseconds)
17;1;23324075901;11129879356;58635546068
17;2;25464919119;14053345049;59773551666
17;3;29032389802;14291837650;57325911533
17;4;33022234713;11776351045;58646710197
17;5;31252725335;12142245523;59792138456
17;6;27899079239;11567344663;59001466598
17;7;32932604945;7257441378;59536675681
17;8;26967092882;6754881975;59850767975
17;9;25102603268;14288967732;59721060497
17;10;26821001892;14562987684;56331092500
17;11;24595641330;11577822880;59203234560
17;12;24867525003;11651332502;59572070753
17;13;21800647484;12961477506;55201647765
17;14;22861956026;13584814132;59682751369
17;15;24788159346;12892805301;59910057213
17;16;26733440750;10618617241;59698114145
17;17;16955237602;10703386953;58563711240
17;18;30181000666;11682875687;59955729080
17;19;24481693721;11366320650;57997276749
17;20;29314077955;14405156662;59791330533
17;21;34492236184;12407676045;59741993955
17;22;25229119749;11145597135;53654639626
17;23;22007434289;7379968334;57821016428
17;24;21200240708;7023279913;51614581113
17;25;25098789660;12892621130;58537145643


THREAD; REPETITION; AVERAGE; MIN; MAX (nanoseconds)
18;1;30799441426;15153217169;59956511582
18;2;29947261098;12265355932;59130791414
18;3;26977908640;13099653308;59306451448
18;4;26643764000;6848256063;58415151088
18;5;32523587114;14688473395;59012855336
18;6;29273223949;7060147030;45509546605
18;7;25821456765;14126016295;58901049715
18;8;26540288770;12194559365;59689799123
18;9;28215750213;13203418591;59777613426
18;10;29566267520;7195578419;59779971756
18;11;23125294213;12516010904;58901541118
18;12;22685799546;13735602919;53439201071
18;13;27458932433;10565918364;59764790636
18;14;33358496571;11238592824;56493183281
18;15;29552454948;15134046366;59512819925
18;16;30597746081;6991285624;50600396698
18;17;33067337722;12795707485;59211216649
18;18;23582027226;3982001763;46349717771
18;19;23009471159;12930818862;55718424758
18;20;29849374770;14162245551;59809812072
18;21;25611529717;14002832483;59996663333
18;22;23797537620;10081722886;58475530759
18;23;32703299705;14171725456;59915187265
18;24;27849150626;14498163663;56471283362
18;25;20816369426;12640848487;58636962379


THREAD; REPETITION; AVERAGE; MIN; MAX (nanoseconds)
19;1;31681081153;13180243788;54758232402
19;2;21357346375;16451585048;59434750017
19;3;22323495902;10605840408;59105215606
19;4;36757588183;16332384074;59969955748
19;5;23913015112;11177609934;59238068595
19;6;26548479553;11500859256;52141657529
19;7;33103183663;16323938168;59779439635
19;8;25545963357;10650857791;57039442233
19;9;26207585902;6724065978;59877449229
19;10;31643503512;19651036933;54386712138
19;11;26677724443;11615412852;59696223682
19;12;22519423512;14285916925;59208192591
19;13;28030302953;6778382867;59118837170
19;14;29401438977;12810706179;59581588023
19;15;33040782454;14980754607;59813176325
19;16;30723289528;7960214217;54428800797
19;17;30923146613;11593018666;57817591622
19;18;26313428121;11627464105;58279041750
19;19;23718648054;11365827780;58330430334
19;20;26010744253;11176052613;59954483252
19;21;23598458691;10762687437;56180304131
19;22;31153891593;11266972059;59579621781
19;23;27016191918;11479425039;57638256957
19;24;28157207125;15230402886;58487496805
19;25;29875750773;12099211702;59978695198


THREAD; REPETITION; AVERAGE; MIN; MAX (nanoseconds)
20;1;27927064440;11419182466;47738386094
20;2;31236971311;14063426637;57074245400
20;3;24059248990;10151849187;51837439675
20;4;23660596384;6928027865;59657111937
20;5;22776278071;12214651373;59281201591
20;6;30052884303;19714299163;59059409087
20;7;27478636381;11249769943;55816293202
20;8;32103766769;12472223845;58388305497
20;9;28136098174;10773292556;49827622715
20;10;31635873734;10707615214;57559119735
20;11;26542783623;11772588555;56923192472
20;12;30751312240;8794414933;59386972226
20;13;24650077333;7716635424;59235360639
20;14;28457055585;13034371478;59785839192
20;15;25391549197;15323301984;58763041112
20;16;24501670808;15768547189;59769187145
20;17;28580919452;13772671945;58719713120
20;18;25869017833;14356137023;58228479947
20;19;23134694940;11304946020;59790373567
20;20;21040224722;6394353194;59368486288
20;21;26349794823;13744071383;58483424778
20;22;23418326974;10852181003;59144141085
20;23;21949125763;8885450805;59763184147
20;24;28838565506;14708838973;59911619703
20;25;30626346247;11802312095;50628128226


THREAD; REPETITION; AVERAGE; MIN; MAX (nanoseconds)
21;1;24357983385;12490610329;50311344459
21;2;29507488253;13254747950;58818821736
21;3;23928014351;10696559759;59453698305
21;4;27838991922;8548221841;57345684926
21;5;30750518526;14210510972;59863898205
21;6;21434642037;10138784888;59374901419
21;7;20763457412;9839085414;54971495399
21;8;23118821311;6137652202;58222734244
21;9;27909432958;11825994295;56106386286
21;10;27432700580;11748038578;53303710528
21;11;28488032932;13330746575;56223961006
21;12;27508798654;14488386862;59551903943
21;13;28674007484;11361957316;59889127319
21;14;21761485192;10108901061;57765110371
21;15;21185523099;10538485128;59761843824
21;16;21899598199;10461541271;59062063125
21;17;19719299161;10048176305;57844945726
21;18;21116627417;10458096699;59899807937
21;19;32185584337;16674375864;57970581108
21;20;24192459616;12095494748;52883052175
21;21;22847950225;10237363338;54025687203
21;22;24493192991;13231180918;58760398878
21;23;30031633604;7054186984;57484591268
21;24;23720627052;12226803896;59702976007
21;25;27460603743;11350269588;55222237393


THREAD; REPETITION; AVERAGE; MIN; MAX (nanoseconds)
22;1;25559095801;14063238554;57713870618
22;2;21160686765;11433017884;57222314149
22;3;22834869959;11475633775;57934980843
22;4;27815414905;14155185296;59787850342
22;5;25158058180;10596865873;55660598903
22;6;25346902171;11490050691;57770509939
22;7;26846468612;12817439297;51042766609
22;8;25086254301;12803250203;53235295688
22;9;24227019790;6896717180;57517023952
22;10;25543878175;13493097447;59523738841
22;11;32183115646;14910423462;59954762197
22;12;22295339551;10061977988;58863295405
22;13;21362163856;11058655569;44717190174
22;14;26610378143;18258361188;56331997223
22;15;21521758962;10177979813;58670588930
22;16;21990614771;10542560786;59281433325
22;17;24389176572;11545290394;57167707837
22;18;20843696102;10283945795;57228450893
22;19;29452619702;11419254332;58830883814
22;20;26864881776;10220034460;59153898260
22;21;27998324313;10792735110;55364408047
22;22;26046811423;18835777523;49782571807
22;23;33573458643;11925377457;57745119142
22;24;29397965397;7486474887;56936958609
22;25;22556581330;17403255441;59228604124


THREAD; REPETITION; AVERAGE; MIN; MAX (nanoseconds)
23;1;27881918610;11504661975;59248304882
23;2;24793382763;9881906639;59865546808
23;3;21850711642;10274471616;52518699793
23;4;27999127881;11339160424;56720869971
23;5;26094773736;10429167814;59556231937
23;6;23493848362;11648359359;55368050479
23;7;29119800483;13520443659;57553346934
23;8;21013303856;12079882708;58958995486
23;9;21023102437;10388126284;51560741589
23;10;20602527426;12589321338;58786596202
23;11;20603418152;11412282567;56721134460
23;12;22054497282;10546133447;59048478787
23;13;25594199214;11370957831;59928717756
23;14;29391928641;12214610446;57588328055
23;15;24635547991;10532169452;59851008718
23;16;32820928982;12483062233;58480677432
23;17;21571441915;10085664589;56468301977
23;18;26500098831;11203452324;59979126537
23;19;28439467017;11079062563;54741372926
23;20;25740255541;10495063549;55365382681
23;21;24624015521;12948646057;59373748060
23;22;27760592641;11226843216;53601363651
23;23;24317477114;10837021954;59556853804
23;24;28877048618;15976614136;57823551597
23;25;28967588931;11453548076;59560974230


THREAD; REPETITION; AVERAGE; MIN; MAX (nanoseconds)
24;1;20178691348;10541663466;59757107048
24;2;23244817518;10779169769;56343938405
24;3;21420294189;9884119560;58062656637
24;4;26935752300;14215299081;59126432270
24;5;23255000498;7867388453;57124769978
24;6;23997168595;6491140424;56698129092
24;7;25128189828;11300143874;58096222425
24;8;26912799070;10426108555;59096526164
24;9;20621496853;9710584516;50478228798
24;10;25094678459;11617725158;58320569444
24;11;26754833998;10509394770;58173992645
24;12;24337064430;10177541420;57097989968
24;13;30323559815;16797140278;59773063267
24;14;19821340967;9845695473;57834011516
24;15;22988936342;10065670637;44499314508
24;16;22426166431;10067485742;59101265664
24;17;31773360980;14799857104;50372828460
24;18;22101609591;14282345173;54183466196
24;19;21963973249;10369788897;56412250579
24;20;31033451310;14688338323;59337599122
24;21;27198892639;10639858138;58381633210
24;22;23509996342;10059224008;54777006156
24;23;28682828621;10627049946;58842559809
24;24;25994886880;11097756209;59836187142
24;25;22785971866;8993920107;59578249750


THREAD; REPETITION; AVERAGE; MIN; MAX (nanoseconds)
25;1;29366179903;7264778484;59447486901
25;2;29895202723;11383452436;59847040476
25;3;24231185846;11843706113;58076170575
25;4;25192755104;10596923771;58963344643
25;5;28744335471;11159308445;55795033726
25;6;22824246345;9243190266;56212253792
25;7;20599546629;10520016720;58368936485
25;8;30143252348;11597802584;57896331796
25;9;26657007372;12448233923;54725212213
25;10;28863504486;12439661186;59386524474
25;11;19994531214;10474359800;47752410222
25;12;28315332660;11192209974;58811365341
25;13;19737092996;12439047072;59768601246
25;14;27808628341;10606558934;59129888505
25;15;28594749520;10566265685;59885498785
25;16;23696951779;11138079770;59148631949
25;17;29373679094;11326364245;59547003250
25;18;20854423559;10270513571;58664338555
25;19;24294483118;11308356719;55942669599
25;20;28990248166;11219665069;55149566914
25;21;22124040249;9108058566;58472822943
25;22;27327592339;11351075416;59884503477
25;23;22964319690;12512583722;54164561977
25;24;21680365738;9686104030;57618248758
25;25;26017913686;10357748122;57195806660


THREAD; REPETITION; AVERAGE; MIN; MAX (nanoseconds)
26;1;27344817165;13820890016;55828314143
26;2;22975583772;9752696432;53104898667
26;3;25203654486;10463048935;59764326890
26;4;18560202013;11833060277;49399104914
26;5;25058644540;13952288210;57394991612
26;6;22135670639;9647868445;59904478712
26;7;29290293464;11090958209;56424916016
26;8;31493539499;11361393488;59961371487
26;9;25819933365;10606674452;59457625201
26;10;28130403042;11190830260;58979784302
26;11;23174496040;12467686675;59727690461
26;12;24263201113;10075300143;58413410433
26;13;24893292026;10198224775;59576231896
26;14;24835006132;11012044198;59243849358
26;15;26333469376;10765306485;59556366521
26;16;27597450069;17226527464;59846537618
26;17;26306582897;13859785741;58922208060
26;18;24400975188;10188024805;58104257245
26;19;25640706335;10244295644;58444521161
26;20;25958752311;11589317776;54657597055
26;21;20771044936;9968551031;57726766181
26;22;29377226001;11047326197;55835952964
26;23;28289077588;10738690881;59981092499
26;24;30222631914;10854977937;57655951455
26;25;26521236947;12050435879;59391600329


THREAD; REPETITION; AVERAGE; MIN; MAX (nanoseconds)
27;1;20495616388;9928105877;54712504033
27;2;22094582816;10019437527;58763734218
27;3;21472184137;10356950604;56971176713
27;4;24968801380;14652367060;55969181558
27;5;24067123925;11034848772;58558898896
27;6;25887394482;9880177858;55875703755
27;7;25983202017;14626295032;54598151580
27;8;24125943542;10008301893;59308962731
27;9;24544192444;17251470508;56005979251
27;10;23066596064;17898051568;59411502439
27;11;26888500484;11915593323;57664662548
27;12;24458625827;9974990118;58247384304
27;13;24775279799;10682064550;56075003318
27;14;28100265291;11259789442;58306931886
27;15;23614127449;10282790550;52625382067
27;16;22071240256;11065772535;59081416074
27;17;26776568951;14108461899;59934429096
27;18;21272278210;10595232843;59320362993
27;19;26178672552;11886773599;59452126388
27;20;21722495894;10598181473;48401746102
27;21;20251111072;9617679760;54484774950
27;22;25168079872;10240348983;58019409170
27;23;27840060386;11485005217;59220872485
27;24;26485497540;10483664054;59567481831
27;25;23798535440;10891348132;58694311497


THREAD; REPETITION; AVERAGE; MIN; MAX (nanoseconds)
28;1;22997462155;5508315443;51846266984
28;2;21655261465;9169908117;56652614578
28;3;24352434960;10003423340;57194742628
28;4;24212709448;10060255563;59288692767
28;5;22694826224;10665820446;59785070589
28;6;20243407718;13519147546;57561304999
28;7;27361518540;4639752678;57351079257
28;8;30786741088;13730740709;59889333351
28;9;22004931098;10296530006;59971406282
28;10;22954280590;10476285463;54347746152
28;11;23723851904;17137465376;58206766013
28;12;21572325378;9672381476;51058677220
28;13;27016043644;12715128878;56808807893
28;14;34952490096;12445188075;58738087103
28;15;23965161354;9992843643;57934963242
28;16;24163454927;11991512678;59127895096
28;17;25862516588;10608652566;57991635669
28;18;25797934417;10003836521;58485901421
28;19;19008877392;13398736711;59804026140
28;20;26658849602;10373752809;54365497431
28;21;24061622977;13401770896;54831004988
28;22;22006239678;6273335437;59049805841
28;23;26965484676;10948978152;59941087764
28;24;21982284866;10214604160;56320589139
28;25;26684004793;11806148477;59273578904


THREAD; REPETITION; AVERAGE; MIN; MAX (nanoseconds)
29;1;24811443340;10860603164;58489241719
29;2;22246526204;9678343267;56675208999
29;3;26769434406;10315192434;59910250674
29;4;27166934899;11376944696;58130655642
29;5;28317930376;10601832286;59736793363
29;6;29405492289;10559396934;59610432052
29;7;28508731242;11477149470;58833291382
29;8;20024104482;10868005850;35728858765
29;9;25534734113;3759605551;59041923345
29;10;23964902288;13425438568;59600485816
29;11;26620616049;6640651395;56680837788
29;12;22824670139;10138185579;48785296734
29;13;25625614869;11161286281;59110943360
29;14;21807783128;14306471353;55891220811
29;15;22585345087;10185637211;59901002572
29;16;24118469878;10675982911;54214184834
29;17;24466433068;10578950327;59561746395
29;18;23981467170;9830403445;53245703784
29;19;21860533339;9132985687;59777898378
29;20;26251456134;12584380557;59796639238
29;21;25434571378;10297537606;59420219469
29;22;21669879394;9960174617;54554374229
29;23;24334902336;12865097939;59565892244
29;24;24545228503;11460996858;57016878332
29;25;25036775977;11361035201;59665072027


THREAD; REPETITION; AVERAGE; MIN; MAX (nanoseconds)
30;1;28136890412;6301362184;58401997042
30;2;26068010504;10412314484;57556449912
30;3;26995673169;14905132356;51715786084
30;4;28141530616;10698057434;59593430869
30;5;25692073637;13621072720;59277537368
30;6;24582882440;13322253247;59380393528
30;7;26230421530;10886922709;58671332669
30;8;25426678138;10238875821;56396951707
30;9;22357212770;9506371830;59457651881
30;10;23584695528;10313109208;58063966231
30;11;22134789269;9264193633;51231256207
30;12;19879991602;12572526816;56019785755
30;13;23264378330;9733105325;59153289594
30;14;25080490328;10811026262;59848827225
30;15;26060213797;10487106672;58101692813
30;16;22224627753;10296922025;58807460795
30;17;33611992777;13262214122;57264428720
30;18;19600901539;9936983891;58619608009
30;19;24709686050;3095862811;57414460148
30;20;25291674404;11033576614;59060328617
30;21;23973763377;13579563534;59862763563
30;22;22380090855;10769918872;59517614529
30;23;24499335779;10757174027;55368084212
30;24;24746556475;10432712607;57961405640
30;25;24907498081;9877902360;58556719919


THREAD; REPETITION; AVERAGE; MIN; MAX (nanoseconds)
31;1;24003885279;12733305979;59891237573
31;2;24204277921;10467717476;50825666600
31;3;28869261378;10927514461;58354748368
31;4;24502424459;11811033176;59246806088
31;5;20604529711;11662024154;59368083583
31;6;23133017330;10000935664;56965545341
31;7;19961435970;10300954381;59577389794
31;8;26458019717;14150082692;58933786766
31;9;25039685690;5592873745;59832685299
31;10;24128092588;6496620172;59952486629
31;11;25529793506;11270406365;59883723490
31;12;25966474362;13602616115;59283669502
31;13;25983780937;10977850607;58024136168
31;14;26084141954;10521382606;58561234947
31;15;26357445354;12235809510;57335104811
31;16;21265589867;10311085557;55012273906
31;17;22474757163;9823165025;59338465294
31;18;29379534110;11150494965;55700389575
31;19;21982977993;11884863440;54392898538
31;20;22101590699;9942175472;54100922953
31;21;24603304445;10913120034;56873948015
31;22;23234501508;8077501680;56433183617
31;23;26004993776;13376398956;57194530799
31;24;31069340498;11234896544;59774148460
31;25;26713468824;12113153837;51862094484


THREAD; REPETITION; AVERAGE; MIN; MAX (nanoseconds)
32;1;25348149883;11252877879;56236620576
32;2;26625395528;11356204001;59164766472
32;3;26346508337;13625857547;58797784146
32;4;29638640993;6827190886;58570567209
32;5;19358406437;7232010912;59480011147
32;6;23617276910;11799046248;58017509558
32;7;23533742020;10049665461;59426219533
32;8;26872075042;13844863942;58208700337
32;9;28338929128;5822771190;57951728921
32;10;22741332891;9536925503;57235887941
32;11;30430063386;10958636713;58478714542
32;12;27484183794;10487489751;59523613336
32;13;24924460259;10786599694;53571282034
32;14;19285132906;9710540586;59668503538
32;15;28242061268;10844149396;56682967528
32;16;25134449482;14016987774;58355186064
32;17;24378836122;10876550791;56198467054
32;18;29885235616;11675964473;58743784266
32;19;24480273307;10476730004;59756414642
32;20;19121012242;9487693618;58884683807
32;21;26179523518;13050315893;59624634416
32;22;28201180072;11186249580;59582457128
32;23;22622762617;7308346312;59562515208
32;24;22157428216;10466075157;55865486675
32;25;24127249612;9921695356;57322861355


THREAD; REPETITION; AVERAGE; MIN; MAX (nanoseconds)
33;1;25902711674;6263592370;58184425535
33;2;26594324248;3938382113;59936825212
33;3;23217085691;10947979143;59191408824
33;4;24098112864;12970042911;59915805640
33;5;25817562141;10037281834;57496832000
33;6;28050765063;12792321858;55895235777
33;7;24434651045;10229420220;59839048888
33;8;25771062555;12021414942;59803435493
33;9;22798864021;12606820350;52911539456
33;10;26552784844;11260241246;59705463544
33;11;27896262340;11144918069;57217614530
33;12;21699652829;9639968138;59878844658
33;13;28719832641;13872824060;59713416440
33;14;30034565259;11417620186;59681365509
33;15;22021981030;14668231437;57460903202
33;16;24370119785;10291696850;57205433511
33;17;23893246501;11089539033;58892673650
33;18;23619748092;6926224702;59614362510
33;19;21037462814;10403074413;59542281142
33;20;27783006650;11070006453;59859004357
33;21;28006243400;4959688243;59551098044
33;22;22042493297;10416099882;58130309509
33;23;25988195361;10593967040;59647451771
33;24;23625709076;6506721874;51699088082
33;25;31287694780;10887121059;59741261180


THREAD; REPETITION; AVERAGE; MIN; MAX (nanoseconds)
34;1;25293705578;7731616519;59889888380
34;2;28132746941;3864224573;59274835069
34;3;22697782662;9629609979;58623048111
34;4;24114908377;14021689349;57509979899
34;5;20352919772;10253164857;51398947352
34;6;25081257497;6496707123;56712459754
34;7;25586937651;7068476650;59477510619
34;8;25476233985;14804097868;58205767772
34;9;24688268709;6260125379;59723882785
34;10;23192400376;10140134710;59993044088
34;11;26442381357;10728041413;57567209660
34;12;24328379165;11954250191;57277129985
34;13;23084865317;10622007197;59246571003
34;14;19851931598;9594731803;54564055418
34;15;20678260893;6770831419;59812440269
34;16;23228502306;10102493054;58350974355
34;17;21912094803;10038527313;54446825155
34;18;19820857085;12258721988;58727959979
34;19;23535535658;9783506842;58855098762
34;20;24998755942;10414108567;59290677237
34;21;25101928020;13340130659;59573762168
34;22;26488869628;10120783507;58632399719
34;23;23079735573;6322208759;58688729713
34;24;24475920750;11481402036;59337626430
34;25;25256807410;6381385274;57090601948


THREAD; REPETITION; AVERAGE; MIN; MAX (nanoseconds)
35;1;27350220757;11390736742;57523237800
35;2;24821157061;11442296996;57573563330
35;3;22652310581;12458456451;59262111595
35;4;20237190134;10361409900;58963842890
35;5;26618548013;11354648287;59954803124
35;6;21705341370;14378198067;54414881920
35;7;20809005874;12481824715;59407942140
35;8;22659652575;13543112882;59631594868
35;9;21357434699;10461539944;59900541480
35;10;29696216182;3802516521;59803159480
35;11;22708918492;10309262350;59642349517
35;12;23465694642;10709648992;54647331294
35;13;23730133735;10264951621;59675037400
35;14;23578738852;11633659236;58237417465
35;15;25804673320;14246031270;59942678190
35;16;21107001608;10316349424;59723739190
35;17;23057501549;6311219303;58639794234
35;18;23337504818;10744443498;58882268416
35;19;20949103066;10723859108;58733811001
35;20;22139360333;12793518659;57006435943
35;21;24562558070;12845647840;58890140506
35;22;22639461579;9784333624;58469196853
35;23;23099343310;7329145254;58282001134
35;24;25121298361;10475680917;59992776666
35;25;28080891836;4382167147;59889789694


THREAD; REPETITION; AVERAGE; MIN; MAX (nanoseconds)
36;1;20099257138;13172164409;59234523522
36;2;19240662811;11057894091;53568547120
36;3;22947251252;10053760324;58831910760
36;4;25131029913;11929170816;55443697802
36;5;23110976576;13450620050;49631492480
36;6;23723171944;12637324995;55158788896
36;7;22212349671;4071803818;57504244884
36;8;27327463972;6314807050;53865879672
36;9;19051695319;5282435059;59713552560
36;10;28224869248;5769960847;59179199661
36;11;23411100681;5206253589;59326737617
36;12;26497487525;10693711421;59524328651
36;13;29484874028;11278550416;55164206344
36;14;22477425748;13509727284;59686864461
36;15;32685828458;7248583689;59440586374
36;16;30005926017;12328188639;54724167318
36;17;27352737221;13827473184;57758292744
36;18;20680805358;4333836563;59940134779
36;19;22831651519;10624883260;56304712681
36;20;25906806591;6575250905;54095491746
36;21;25215927889;11237984297;58272375679
36;22;23305039558;9961384129;59412557881
36;23;24513037135;12956896896;57861182846
36;24;20459212669;14657784788;59278692124
36;25;25671933049;12991046418;57622249406


THREAD; REPETITION; AVERAGE; MIN; MAX (nanoseconds)
37;1;25876590742;6456848217;59649602463
37;2;25703389269;11643382259;59120460282
37;3;24842132926;7250191994;59974294428
37;4;19688754699;1915838466;58586357484
37;5;26294187128;10986629865;59842844552
37;6;27915556399;11680632385;51972989933
37;7;18977564099;9158788477;59619767387
37;8;20727178691;14112268738;59159132376
37;9;23318336498;13534483852;59926594302
37;10;23283416712;13724892898;59439326297
37;11;22483912494;12737024538;59876603801
37;12;23755081552;7112454446;57659268357
37;13;24188103401;10788819529;56795297028
37;14;21915477721;9954099683;59575868441
37;15;21825156215;6227250531;57111614535
37;16;21478678227;10279190162;58839810018
37;17;25451656523;12137644869;59704822610
37;18;24896866438;10069237151;59379066683
37;19;25875099172;6821371222;59897715142
37;20;22833962643;9708774719;53798485911
37;21;23447078393;10548087816;55013120034
37;22;20618942683;12582557979;58602296661
37;23;25944658981;10869420904;58286230233
37;24;30785526864;13727256327;59223584282
37;25;20888392925;10657371048;57226995819


THREAD; REPETITION; AVERAGE; MIN; MAX (nanoseconds)
38;1;25920324942;15185269147;59633710290
38;2;30091620684;7185701465;59691646634
38;3;24739339125;6540976507;58542724983
38;4;28033368318;11274050752;59780105781
38;5;26918702838;13822463051;59644282303
38;6;18864526265;13227979953;54953357410
38;7;19080728177;9626044651;53914296300
38;8;27799441602;7063524833;54367124662
38;9;26630812884;6954540661;59409263188
38;10;28677080854;6296648736;59362415894
38;11;24605040537;6930122194;55239394393
38;12;19068117944;3773020593;59157907708
38;13;23532879493;12093654641;56530490677
38;14;20203651266;9267190593;55510988896
38;15;25739598564;10370297901;56434684157
38;16;21558912371;13736970271;58629262728
38;17;29171001379;12413246586;59972206105
38;18;29981858748;11965473754;59656609639
38;19;21029730790;10687833021;56924295337
38;20;21257797944;10828230054;59792760882
38;21;22308264048;10182608125;59256536166
38;22;27101669418;10712347868;59202246864
38;23;18141008520;6040342208;52561596097
38;24;27579641752;12408505062;53894197726
38;25;27092785536;14197727155;57491841840


THREAD; REPETITION; AVERAGE; MIN; MAX (nanoseconds)
39;1;24846372741;6610750458;59769051583
39;2;22652800602;6552838629;58953368794
39;3;20963500331;14180119191;58458040477
39;4;22975540536;11186426208;59888863179
39;5;26189618249;13579292201;59568331310
39;6;20469554177;9761849690;58039506138
39;7;27839334465;14637706469;57574471336
39;8;25833387198;12587764996;58478233896
39;9;24908873524;13120791889;58985184639
39;10;27706497635;7160747456;57581434582
39;11;20034766275;11516320370;58685951846
39;12;26905026057;6326836232;57110503011
39;13;29240877019;11424834232;54767889285
39;14;27722351650;13112923431;59829043286
39;15;29300245442;11889140798;59826315496
39;16;28413411918;3687417045;59930642302
39;17;31935417481;7368781996;59872722930
39;18;28567219911;13961085767;58623103285
39;19;22962303649;4088042753;59790892977
39;20;24767918841;10122364784;58186241338
39;21;21129873249;12422044073;59616174821
39;22;21518198881;5739834323;53761185570
39;23;20701492773;9905136966;59327197451
39;24;27680475342;10874422727;59337121966
39;25;27850751050;11487129719;57922071241


THREAD; REPETITION; AVERAGE; MIN; MAX (nanoseconds)
40;1;20552347141;12331820874;56025099419
40;2;24060637343;10824547673;59297860692
40;3;26089684620;6652593346;57119898479
40;4;26792963514;11595858272;59625016238
40;5;21434341386;11731801249;59019865374
40;6;27056811171;14937188316;58297390729
40;7;24603755703;10689550766;59608469861
40;8;27081153071;6350836279;59516301653
40;9;25983858240;11284752811;59686380043
40;10;23038269358;11055775455;58454418159
40;11;21213571957;10323849051;55459191462
40;12;20515454923;10197622394;56539146455
40;13;25150739744;11324689171;59000247238
40;14;23388495811;11074990327;54387497293
40;15;19721683167;10235828227;58332656526
40;16;23032895890;4709978224;56855947963
40;17;31532855392;7341087624;56101162717
40;18;24139867096;3948620635;58760113436
40;19;21766422271;9709317176;53953534946
40;20;26880133087;6095997955;55674366156
40;21;22873664346;6522271057;59908302940
40;22;25061543117;6709820452;59511726700
40;23;26757997336;15918299392;58072368136
40;24;27734287892;11944581783;59171383584
40;25;22109451499;6518678142;58936791757


THREAD; REPETITION; AVERAGE; MIN; MAX (nanoseconds)
41;1;22650784080;4062200014;59514785539
41;2;25720143579;13781747402;59737644030
41;3;25100879856;6604191804;54675547660
41;4;20787179559;4116968427;58722470175
41;5;25055201792;6497089365;59550753098
41;6;27536357624;14245984825;58765272890
41;7;21099102710;3994751427;59582521452
41;8;24481962689;18147886184;58849078165
41;9;23252331709;4386945827;58162889836
41;10;28554638589;11340935509;58703660241
41;11;24520845655;4103848604;59445987409
41;12;21464168997;10960523056;58547400298
41;13;22575962863;6581101229;58612388516
41;14;25895539150;6554740547;59375768778
41;15;18745026344;5946214323;59264162205
41;16;28202738241;5431343368;59898556520
41;17;25767791730;13818918745;59692215980
41;18;23080805913;10295633803;59541378235
41;19;25408414344;6624455972;59796973498
41;20;25126984572;4593342101;59737593535
41;21;19706317305;6779109705;58498969562
41;22;25204233800;13794241097;59458293093
41;23;23104742961;13694556501;58252618490
41;24;22686962970;12639269237;56170335545
41;25;21859620148;12531724283;57140307986


THREAD; REPETITION; AVERAGE; MIN; MAX (nanoseconds)
42;1;30989852427;15059179170;59974389203
42;2;25909076900;13653291410;56806147570
42;3;21137547139;4177413889;59862764472
42;4;31150913994;12300516057;58690936209
42;5;27847805462;14086319840;59713019113
42;6;25025695958;6190589027;59452574559
42;7;28276769982;6463237995;59056529181
42;8;25841865399;4018165298;59929520302
42;9;28097833585;13611797589;57609481932
42;10;23687722206;6591758938;58456742827
42;11;27512258316;14253200966;59875599203
42;12;23335112740;11006106642;59035254690
42;13;25386999408;10802340870;59439176906
42;14;27036218069;11222719158;59871914308
42;15;23138944660;11741545783;59248438419
42;16;28899279636;2976391623;59893404749
42;17;29302801364;6651341580;57532390220
42;18;20072746631;4110469417;59311734732
42;19;28895588772;14059029290;59265070910
42;20;24616145613;13181091591;59479197007
42;21;25447505334;13567043437;59974705514
42;22;26111782788;14489557053;56915744878
42;23;25418645791;6918394936;58181294620
42;24;32321538441;15573210981;58702322223
42;25;29021720922;11157845551;59717965482


THREAD; REPETITION; AVERAGE; MIN; MAX (nanoseconds)
43;1;25867969119;6279346956;59541587618
43;2;22927646120;6803705290;58824411762
43;3;23439279545;12856978751;58866021170
43;4;25283123456;4074819775;59626020277
43;5;19461114999;4138088290;59739431827
43;6;26117729149;4206854014;59071123843
43;7;25694260484;6457599918;59926932054
43;8;29915462222;13543594298;59200507606
43;9;20888546988;5235899884;59873519888
43;10;28046907024;13932988411;58609727074
43;11;22218379441;4014258586;58889250380
43;12;22954936133;9631685312;58233667686
43;13;20026993023;4257617099;59921100586
43;14;28063089359;13961119500;59669683787
43;15;27429251352;7023186188;59114346936
43;16;28164472526;11422542950;54854845239
43;17;22057314615;6290640081;58327792010
43;18;20315408855;10722322041;57110726293
43;19;25215291265;13489751142;58400370927
43;20;30584295472;13768893742;57937751795
43;21;27165151404;10702419092;58960219386
43;22;27880249609;6609676020;59789137027
43;23;24567443529;6992005758;59662911418
43;24;25865194902;3068449900;58328952982
43;25;20467758242;4194372190;58840130309


THREAD; REPETITION; AVERAGE; MIN; MAX (nanoseconds)
44;1;24993133750;6688137249;59296850368
44;2;21787173822;6292782742;59524696854
44;3;30029453314;7502908261;59601646159
44;4;25169838292;5317155253;59883162874
44;5;21650468729;6273786613;55907298413
44;6;25211010512;13775805374;59569645514
44;7;23795673885;6574354352;57934580513
44;8;24921879498;6972004123;59946262095
44;9;24918295087;11516896002;59752284788
44;10;24549593840;12364920681;59788430024
44;11;22622933665;6504762966;59892585370
44;12;22928730311;10644350259;58385317617
44;13;23157848968;4163734358;53853183855
44;14;27851097859;10743343776;59842331358
44;15;24374811215;6577482264;59963656693
44;16;21205616402;6425768358;59861210783
44;17;25807039908;6843103034;59300778031
44;18;27243149399;4451794083;56956146801
44;19;20295918975;6445723060;59683653439
44;20;26870525207;12356303525;59241780240
44;21;25590201416;13884233471;59597281847
44;22;22678351244;6606605379;59357670318
44;23;21327803315;4272560828;54504989670
44;24;20259057781;2945334044;59226629222
44;25;23614137498;10839793326;59915382123


THREAD; REPETITION; AVERAGE; MIN; MAX (nanoseconds)
45;1;18690691296;5875900219;58299581930
45;2;24559991120;6674671711;59899290343
45;3;28105620407;8908678058;57635545509
45;4;26164809507;11444678933;58739553560
45;5;23169612625;6102456178;59649689206
45;6;22374089724;3791932774;50646570724
45;7;24842978061;10121090110;58176648359
45;8;25379436760;6225026854;59503028038
45;9;28749515392;6674977965;59830343662
45;10;21400814395;10764859430;59849102679
45;11;20528716222;10851302750;59283414792
45;12;22313153839;6238688856;59837237834
45;13;22996739556;6543914589;59552876274
45;14;30759404491;7965854459;59355404807
45;15;21640060160;9385455205;58850428057
45;16;28823677018;7006671379;55009972217
45;17;24705378383;4000145270;59702516102
45;18;30135355848;4811622008;59735861961
45;19;27975778675;6507529239;59484103916
45;20;22571049343;6436238335;59913885424
45;21;25776603122;8267523107;59301971270
45;22;23127240706;6492047453;59821760866
45;23;23939712446;6562328522;59724223260
45;24;19717240119;4164846231;59807199029
45;25;22540463277;6287952938;59660095837


THREAD; REPETITION; AVERAGE; MIN; MAX (nanoseconds)
46;1;24972152509;11325026295;59622137660
46;2;27520175866;5917156091;59950701695
46;3;21075441625;4266544770;59934298843
46;4;28262656946;11457242680;59609354959
46;5;26034854018;11614642294;57044672228
46;6;21560597009;4273871679;58276793140
46;7;26213362699;12746612697;58560148636
46;8;24954859776;10767289139;59790188767
46;9;21360213071;7638267364;59537638722
46;10;23555189696;11592066729;59902040063
46;11;25451743501;6024026866;59927825884
46;12;27782371968;10705685359;59875708924
46;13;26729232109;6767043716;59106274540
46;14;23815227451;5025334994;58762995926
46;15;21316460508;10115635367;59528759800
46;16;28981375067;11297129733;57318368186
46;17;24182735584;6208226395;59539143103
46;18;22885015400;5506639042;59715165196
46;19;24870676348;6196400310;59704066788
46;20;26485396159;4454767016;59723432587
46;21;23850226172;6298014133;59764446319
46;22;25008294136;4673299610;59886230583
46;23;24739045445;6248845733;56991879625
46;24;17458290249;5869688605;55591442419
46;25;23443242590;7209696553;59640344653


THREAD; REPETITION; AVERAGE; MIN; MAX (nanoseconds)
47;1;30058951787;10509206547;59826073985
47;2;25449969038;11417451031;50474107114
47;3;27854147365;6629502563;59837130278
47;4;22740559666;6294908222;57551884248
47;5;26598149599;7425645019;59523509343
47;6;22547474212;6198192857;59660608052
47;7;28846223151;9106501524;58723139045
47;8;23665027879;6370763184;59352693987
47;9;20531019357;6308889328;57871566918
47;10;24962590652;7104468585;58298667009
47;11;21198269937;12504768133;59244200031
47;12;26299521169;13301908204;59614984795
47;13;24906033781;6205150934;59766623063
47;14;21286194323;6068575685;54199879453
47;15;24354788119;13023738701;58156193804
47;16;26864399115;11370591095;55450579124
47;17;22426740818;6579916023;58733005801
47;18;26081093064;8439848290;59586341770
47;19;25914423265;7002727442;55203588306
47;20;22654560066;11594518228;59734123261
47;21;20596844764;6935373071;54963724720
47;22;31260108834;15292440590;59282873731
47;23;21723580739;6422001539;59957157194
47;24;26062570227;6656204700;58455502795
47;25;29415531991;11682894264;59790297021


THREAD; REPETITION; AVERAGE; MIN; MAX (nanoseconds)
48;1;28932852093;11506845912;58995715167
48;2;23461215191;7874956385;59823531343
48;3;26327984245;6557944026;55624515266
48;4;28101502906;13486694817;59477257306
48;5;25424291748;10400986159;58784873217
48;6;26264846986;10566905989;59986896868
48;7;18620040765;5863282973;59846875580
48;8;29857205706;13740235211;54446357289
48;9;24800141302;11978185076;55353331918
48;10;27086686412;7220830162;55877865553
48;11;24823816153;4953376058;57668744212
48;12;18081843555;3941691333;57164258377
48;13;26450096870;6994075015;55259427665
48;14;19469854108;6440817338;59868321114
48;15;21248501813;10044461097;59589612297
48;16;23482308220;13014740979;53461336497
48;17;28537648746;12073768594;59547514558
48;18;24245371098;10733399566;59802415810
48;19;20037895780;3848617073;42490290316
48;20;32126373331;14087303066;58873499566
48;21;25246500329;7137597376;58114403855
48;22;21566664449;9888294672;57547100121
48;23;21042877437;4129696721;55539976449
48;24;21711514996;10078810225;58270244822
48;25;30469332724;16043302082;52870962161


THREAD; REPETITION; AVERAGE; MIN; MAX (nanoseconds)
49;1;23367116702;5533577032;59084208747
49;2;28554937104;11608811804;59492881218
49;3;17285854730;9547926971;58863189944
49;4;21581595951;5635109280;59699773644
49;5;18789200016;5546369162;59540505288
49;6;19885892696;5932985407;59381355102
49;7;22256661643;5656918338;55963897088
49;8;20637523422;7139605592;59458752369
49;9;29517412197;12215272192;55195633174
49;10;22752952770;7208435290;59746187714
49;11;27833578908;4026023140;59620776594
49;12;30494182164;9485655648;57062865602
49;13;28276921138;6962590566;58802665003
49;14;28783557831;7625193285;57147609542
49;15;25380922595;11599762469;59542193840
49;16;26317140513;4301679194;59679533852
49;17;21127639655;4078558169;59621944897
49;18;27163994268;4256150013;59486350919
49;19;25137303731;6175244270;59882753813
49;20;21209656921;10076677413;59994444126
49;21;24735519338;5636190703;59793696684
49;22;24965473958;6593662951;59154881766
49;23;19045351551;9663972865;58059851811
49;24;27932301318;11967780751;59273649584
49;25;19240561426;5816917513;55596310006


THREAD; REPETITION; AVERAGE; MIN; MAX (nanoseconds)
50;1;20091445513;11869197831;59160804516
50;2;24996335144;6629896886;58839731865
50;3;23889555027;10020493317;58307088401
50;4;23699242526;6205881962;59407803226
50;5;19959660425;7336038100;59466617685
50;6;22112151315;7038586189;57298167504
50;7;22465740695;5720071545;59797956864
50;8;22622710430;6129577013;51170496110
50;9;19477273856;4041124151;59626849432
50;10;24419821884;6015152345;58942854189
50;11;29057569322;11193352158;59349081587
50;12;21081928203;6283203382;59619079311
50;13;26279760523;4305481423;57279319299
50;14;18849554988;6000914921;58871886161
50;15;22884217229;4840932088;58171746618
50;16;25055671260;12145507809;59739443770
50;17;27394385267;11501062286;59868344371
50;18;20448430473;3956985525;57006552369
50;19;27186045920;13599951041;54490779275
50;20;27853286598;12387205846;59473903247
50;21;25488887948;11959894833;59149724057
50;22;26309209186;6714760256;59479409324
50;23;22677840094;11982113509;57265543805
50;24;21833854364;6496234787;56871900270
50;25;17489656557;5911015087;59564201176


