THREAD; AVERAGE-REPETITIONS; MIN-REPETITIONS; MAX-REPETITIONS (nanoseconds)
1;0;0;0
2;19121813887;17175844321;21678312414
3;39342810447;10320490408;45366570150
4;16069911592;5754892652;22804122929
5;16336129872;3862952822;45035789802
6;15063169211;3531078321;44196660198
7;13612876002;3182153826;28217783206
8;13460314777;2642340085;36388869510
9;14211815468;2905250552;33846251928
10;15177702741;2887363905;37615515770
11;15755990394;3079783134;42446607029
12;17261815005;3085828855;37946052297
13;15540572329;3071566755;38979081547
14;15352241454;3085527018;35883418669
15;16225819587;3158795779;37393415883
16;17272319452;3083945406;41366888694
17;17859372852;2793163114;44381244510
18;14970768591;2879595395;36470024726
19;17500882523;3023361432;46682856430
20;16694144479;3089692340;43885774482
21;16003451614;2860185140;44348941759
22;15765527660;2849065844;47253611539
23;15512319764;3059385136;42667062973
24;17833350191;2917184659;49221185692
25;17263211688;2965969146;49288516956
26;16483118402;2941028415;47014176170
27;16472116929;2937868824;54136377112
28;16354124461;2972318470;45887900283
29;18400237411;2886984622;55751809953
30;17301523715;2829416699;48092821679
31;17557850690;3015472240;46086938817
32;17089448892;2940890087;53180235205
33;17093707183;2912821467;46739749599
34;15846370518;3002914987;43336403305
35;17385904481;2842524435;43677332208
36;17333684266;2928614611;45328173365
37;17460334168;2914652314;44039661507
38;16808518494;2997700439;44484658156
39;17367390527;2835223004;46673661496
40;16491005209;2633280101;47070570547
41;15596067657;2658325236;44745485286
42;17113754666;2607088699;47712912032
43;15892515461;2701307400;40969199895
44;17522689112;2930415918;46317137133
45;17765048700;2412404604;45869870290
46;16290580090;2400888090;45515165435
47;15912705366;2569602901;44615057466
48;16906628244;2844792933;49056405576
49;15848667088;2416868051;48876055677
50;16875804663;2730926824;46629711656
THREAD; REPETITION; AVERAGE; MIN; MAX (nanoseconds)
1;1;0;0;0
1;2;0;0;0
1;3;0;0;0
1;4;0;0;0
1;5;0;0;0
1;6;0;0;0
1;7;0;0;0
1;8;0;0;0
1;9;0;0;0
1;10;0;0;0
1;11;0;0;0
1;12;0;0;0
1;13;0;0;0
1;14;0;0;0
1;15;0;0;0
1;16;0;0;0
1;17;0;0;0
1;18;0;0;0
1;19;0;0;0
1;20;0;0;0
1;21;0;0;0
1;22;0;0;0
1;23;0;0;0
1;24;0;0;0
1;25;0;0;0


THREAD; REPETITION; AVERAGE; MIN; MAX (nanoseconds)
2;1;18402125305;16329012906;20475237704
2;2;17600896273;17600896273;17600896273
2;3;18632052048;16199340210;21064763887
2;4;15878300385;15878252055;15878348715
2;5;22172712314;22172712314;22172712314
2;6;17097555450;12691451218;21503659683
2;7;18848060647;16055346559;21640774735
2;8;16083616354;16083616354;16083616354
2;9;17946017266;15372731520;20519303012
2;10;16169312650;16169312650;16169312650
2;11;13697733930;11419914403;15975553457
2;12;18280345442;16043447770;20517243114
2;13;17254808502;17254808502;17254808502
2;14;19412567123;12971241527;28511181100
2;15;18374606095;16023991038;20725221153
2;16;25747921197;20746051313;35750253454
2;17;29957220994;21507689245;38406752743
2;18;15960168331;15960168331;15960168331
2;19;17306613061;17306613061;17306613061
2;20;24715608664;17106634433;39930056125
2;21;17900904934;17900904934;17900904934
2;22;15888828468;15884599649;15893057288
2;23;20671742010;20671742010;20671742010
2;24;16937963484;16937963484;16937963484
2;25;27107666267;27107666267;27107666267


THREAD; REPETITION; AVERAGE; MIN; MAX (nanoseconds)
3;1;41783574561;8543470330;53291798469
3;2;39793020167;6182022855;44181111566
3;3;38988975573;8812247227;45545610196
3;4;38308213500;8479322931;44811702046
3;5;40968953641;8571453984;49846362806
3;6;38523514784;8935044817;44492460355
3;7;43294227978;9257929360;50547043060
3;8;41165022096;39670420403;50269872777
3;9;39674577916;6193508882;43637939808
3;10;38191069377;6087452805;44664396452
3;11;37621162846;5729898283;44399692349
3;12;40139743719;8473339628;43035643567
3;13;36985135526;36537692849;43023407374
3;14;38415055757;8647718285;45009938833
3;15;39118953167;8684876081;43744132005
3;16;40854308232;8481687128;44094165529
3;17;36833129153;8961643658;44952329905
3;18;38420236976;5917813507;45262232699
3;19;39553478767;9111396071;44512035188
3;20;40331210829;14022542460;44294090799
3;21;38145050908;6253246851;45546454508
3;22;38848522264;8259677347;44034174874
3;23;41813143767;6416047151;46646215161
3;24;37859176183;6074079388;41865532281
3;25;37940803511;5707727938;42455911157


THREAD; REPETITION; AVERAGE; MIN; MAX (nanoseconds)
4;1;17685207469;13577097089;27407182547
4;2;15788418413;4800228730;21665814160
4;3;15933086335;4999848375;23121026625
4;4;15435224482;4519313837;21193544780
4;5;16141567224;4820739577;23274569883
4;6;15689460512;4789088836;22296762857
4;7;16006586966;5066514459;21815363196
4;8;14693077677;6165821425;22545793250
4;9;15419996648;4737419980;22290438170
4;10;17744418926;6594393701;24417148339
4;11;15433214249;4703097251;22860143677
4;12;16233893147;5098296990;22565098776
4;13;15487128330;4800797448;23065496802
4;14;15700678476;4844494203;22558260966
4;15;16027262566;13251365955;22872946143
4;16;16115325869;5173397177;21704927861
4;17;15338364227;4719108574;21057307702
4;18;15091994530;3429403807;22124766625
4;19;16454917095;6879009623;22958378439
4;20;15436253512;4370312079;21748203822
4;21;17802184100;6563050681;24029072270
4;22;15904488903;4767421558;23381532849
4;23;16499072382;5194484634;22075748175
4;24;16020387175;4740279351;22974840588
4;25;17665580604;5267330973;24098704724


THREAD; REPETITION; AVERAGE; MIN; MAX (nanoseconds)
5;1;11186282376;3944598825;13079220962
5;2;10123428264;3745862603;12301980210
5;3;30073354580;4169284294;58621730066
5;4;17190466610;2840098672;48027140531
5;5;17309232734;2820460701;47470930872
5;6;15373536734;3785560315;57417165799
5;7;14001964517;4193804730;54910981633
5;8;28361188846;4059542972;54837377725
5;9;26144838556;6555292293;56638260589
5;10;15332154387;6063923977;49939463046
5;11;12712925517;4612718935;16553317740
5;12;16198842412;3728501388;47345950742
5;13;10110170147;2612382369;47811117056
5;14;11248965737;3867342706;13198383384
5;15;28118435777;3029645388;50669062758
5;16;17351265880;3891754189;56071430168
5;17;16300914945;2923728784;48284022900
5;18;15139171106;3745691073;51798600521
5;19;10823209084;3874907984;47163755309
5;20;14709159892;3174340734;47547661016
5;21;12120325060;3831202848;49859338687
5;22;16348113463;3698008686;46506281105
5;23;13927571353;3811830973;48928012289
5;24;13827670652;3813176745;50989939713
5;25;14370058189;3780158372;49923620251


THREAD; REPETITION; AVERAGE; MIN; MAX (nanoseconds)
6;1;14865731667;3485445008;25771318771
6;2;15149328255;2308674357;45019626097
6;3;14930512540;3386121002;42170151933
6;4;15359882727;3409079646;58921871774
6;5;15771135804;2796809581;53671035145
6;6;15007452113;2646752940;57476783851
6;7;14934460474;5114042078;58316137317
6;8;15114193586;2679306937;24148066514
6;9;15211321882;2416203666;41324997940
6;10;15187222496;5767623748;23894009085
6;11;14943519922;3370345463;35313766554
6;12;15904949004;3918163691;54565757868
6;13;14362414403;2793542265;27528924975
6;14;15275541729;3858921315;37937487097
6;15;14684585593;4849231048;57808279754
6;16;14982156205;2711348649;23230665140
6;17;15040931083;5163414833;44896496761
6;18;15407058700;2920954968;57024280600
6;19;14986362999;4854298242;58832045832
6;20;14803652482;2862424275;52695629612
6;21;15319685982;2658017500;32910637176
6;22;14134034714;5695997327;53761992377
6;23;14966317981;2933054062;49905759531
6;24;15505468206;2730069325;31398909288
6;25;14731309737;2947116114;56391873967


THREAD; REPETITION; AVERAGE; MIN; MAX (nanoseconds)
7;1;14414367867;3829101324;23044569351
7;2;12726868494;4488644436;21491163332
7;3;14602274609;4487336030;48855827207
7;4;14378562681;4050298432;56809235810
7;5;12735667463;2215386034;21820821780
7;6;13897706669;2374471895;22809180077
7;7;14433996146;2699861784;23280264252
7;8;14615275214;4895441460;58755420312
7;9;12957733137;2197311111;21857767748
7;10;13547362367;2768811330;25266314434
7;11;13480903306;2318966028;22175598574
7;12;12502500025;4198748095;21398902793
7;13;12664118602;2220529844;22145966247
7;14;14682271667;5169385145;22801417079
7;15;13252866283;4543809898;22686540538
7;16;12876824022;4509265633;21586326474
7;17;13189026499;4273646442;22801775994
7;18;14920609528;2644422266;39245986501
7;19;12700093777;2202217390;22226687331
7;20;12608907145;2018039793;22097441574
7;21;15379225170;2245738495;53970405596
7;22;13794226066;2133905706;22405967099
7;23;13524464794;2601686248;22066579062
7;24;12721009617;2293789295;21785743579
7;25;13715038926;2173031558;22058677430


THREAD; REPETITION; AVERAGE; MIN; MAX (nanoseconds)
8;1;13068326489;1979689388;27976049750
8;2;14896545430;2122614536;57986987382
8;3;18041672512;2079808188;39030313210
8;4;11922090369;2247252164;22540583440
8;5;13299920933;2189035617;55528977007
8;6;12758946215;1959716318;21667367710
8;7;12434859968;3770871787;24738940773
8;8;11515059414;2236055001;20851671372
8;9;12710559649;2057349048;44900163010
8;10;12405171634;2827945172;21933958716
8;11;11839631189;3882943433;20975672257
8;12;11368588045;2142905453;55862711602
8;13;15859568572;3435616678;52084540284
8;14;11191277702;2173032397;57551659429
8;15;12830083005;4272869946;44884554950
8;16;12982190727;1931168416;24144731733
8;17;12850961400;2803832540;26797471187
8;18;11317148124;3767653920;20576522645
8;19;16799840850;2389326437;58353306216
8;20;12047534954;4320716879;20882519147
8;21;13691593027;2353560928;52704945880
8;22;12320048002;2212651398;22228440137
8;23;20977232990;2119327736;38959011411
8;24;14488221626;2346824597;38000827479
8;25;12890796618;2435734150;38559811023


THREAD; REPETITION; AVERAGE; MIN; MAX (nanoseconds)
9;1;20439228153;4062703291;51476667635
9;2;13785846154;2147663251;57968231716
9;3;17631041109;2056880832;36801765727
9;4;17484375360;2547333529;55766639475
9;5;17998402480;2205767912;42337695992
9;6;11734343006;3646547047;20768394167
9;7;11217166135;2162273348;20024183242
9;8;13157515986;3810781188;26908347220
9;9;11369384465;3459948681;20539538824
9;10;12585260351;3256250655;23445952209
9;11;18402400495;1606034496;34475806004
9;12;11400941739;3700162660;20669194409
9;13;22060995057;2169466650;57320836866
9;14;16656788700;3955913112;56752340591
9;15;11160777015;2664584954;20453305797
9;16;11455877280;2473432448;21008876338
9;17;12441554997;4320266752;20838301865
9;18;13757938990;2171508530;25161875880
9;19;12709494389;4267278871;36732848658
9;20;11915553254;3122147927;22628928537
9;21;11581946322;3665410479;20761756103
9;22;12061142238;2000605733;56348959784
9;23;13145204764;2093559028;39920085933
9;24;11281797861;2074807203;20134798627
9;25;17860410415;2989935244;36910966617


THREAD; REPETITION; AVERAGE; MIN; MAX (nanoseconds)
10;1;13513047075;3637730215;28675552480
10;2;13290537605;2546944444;24773859876
10;3;12653559402;2411015227;53570902168
10;4;18834563339;2160000782;35689825522
10;5;11691248456;3249658825;23105892718
10;6;13752661246;3994671110;28750784457
10;7;13418098827;3276920600;29345635968
10;8;11908350646;3470925285;21247834781
10;9;18245730034;3245536933;33427371984
10;10;12382169892;3062559488;55421053794
10;11;16468232588;3477673489;52229616194
10;12;15469216926;2057891575;34347256844
10;13;23639303586;2114419081;48403389956
10;14;16662841823;2271983032;57708184350
10;15;12455824340;3786574551;24178170479
10;16;18963517352;1653512387;36955082839
10;17;15593428607;2536396315;57456681576
10;18;17569730131;2438135364;58498874647
10;19;13914830091;3899020126;57407258395
10;20;11304097479;2185198259;20765149621
10;21;12686136860;3141231986;24986471186
10;22;12504305576;2330130365;24433531706
10;23;19822338567;2175521749;38171015590
10;24;18376287825;3853442547;35738119789
10;25;14322510269;3207003893;35100377352


THREAD; REPETITION; AVERAGE; MIN; MAX (nanoseconds)
11;1;13920533978;3872538828;53194291523
11;2;11410012253;3349563842;20611759526
11;3;26611404079;3547209213;58205906477
11;4;16856342291;2075431793;33762186884
11;5;11766073044;3240203783;22531920328
11;6;12324653177;3060945385;52942962932
11;7;11476173185;2202619956;22690688970
11;8;19827351576;2407292337;38188009650
11;9;13582032985;3719527761;31614107449
11;10;15613539130;3912607329;55375994156
11;11;21541148460;3524949540;57954020693
11;12;17368109909;2120883799;35632276170
11;13;13795717167;2035984531;27476471032
11;14;10732108972;2697845117;18678286696
11;15;12159621868;1985761947;56451522191
11;16;18437911798;4169134415;56725796924
11;17;25723358799;2056143868;57932401395
11;18;12647333175;1946687708;54913020789
11;19;19670896734;4702359308;46344799130
11;20;12237756900;3741443326;24707597125
11;21;22941815353;3366328053;48167474358
11;22;15949142060;3694180127;56863451291
11;23;12775102812;3260278053;55223571781
11;24;11517839834;2226891825;20985060810
11;25;13013780324;4077766518;53991597465


THREAD; REPETITION; AVERAGE; MIN; MAX (nanoseconds)
12;1;19121390491;2235509122;37290731154
12;2;26301648394;2059301601;57710442878
12;3;16252653491;3252820331;29605685429
12;4;14185179769;2694046101;26216736415
12;5;17620819355;3238815129;34113208243
12;6;28377220592;2965335958;58335881726
12;7;14613848433;3675594803;34080334931
12;8;12102884433;3498775054;24355302280
12;9;12981377341;3235759014;25901680031
12;10;16080079519;3167854155;28778754912
12;11;17255235924;2425835895;34267297311
12;12;14623191738;2127302143;48712275792
12;13;12388187346;3377833007;24950562082
12;14;23005851862;3326552886;46187878906
12;15;22047104823;4002866426;56741426355
12;16;16057353236;3277772384;30403320045
12;17;23311112420;2083934690;58739398164
12;18;18494317626;3785803502;35021590942
12;19;16051757350;3865343920;47182718334
12;20;11236632541;3129409184;20305730826
12;21;22371879731;3348316337;46797644952
12;22;13149258262;3811938179;25471176923
12;23;18111299358;2193777841;34442363625
12;24;11869877961;3660141722;24055671042
12;25;13935213130;2705082001;58983494132


THREAD; REPETITION; AVERAGE; MIN; MAX (nanoseconds)
13;1;18052056368;3233500836;36753329753
13;2;17125348741;2007343950;56716488548
13;3;19269054694;4048241117;58814456446
13;4;11047493208;3763941716;57724703838
13;5;26865257508;3732458944;57570424314
13;6;11523031969;2110164700;23101134920
13;7;11269496920;3265370879;22420117012
13;8;20964455822;2178000276;43036627560
13;9;11821479952;3497549549;22593843142
13;10;16697073203;2401214330;56439571649
13;11;17756594391;3165974237;33883141223
13;12;10824784866;3331197890;19113660535
13;13;22000215306;3063520923;57770766536
13;14;18196153265;3941944716;54853025035
13;15;12478249455;3321506993;24820177215
13;16;15105825094;3648775683;26366275672
13;17;16564180818;3413547602;31722791723
13;18;11353974422;3273756231;50418532732
13;19;13737181335;2125685667;42140013466
13;20;12524914652;2184168938;24369462809
13;21;12490368417;3250703721;23976921369
13;22;11678241727;2256113556;22745437828
13;23;17361624488;2753983258;33695179694
13;24;18629135764;2959187271;36607302813
13;25;13178115854;3861315894;56823652867


THREAD; REPETITION; AVERAGE; MIN; MAX (nanoseconds)
14;1;17456591323;2437260112;32931877166
14;2;11651754349;3068650415;21138199897
14;3;13594651178;4252665492;47059449525
14;4;12851737612;3180988785;26919291628
14;5;13852341147;2158550179;46562223062
14;6;13319132198;3209625735;24370418936
14;7;24101550219;2731255299;49670644593
14;8;17858310122;3853365791;53016940980
14;9;11148785785;3347317816;20517758053
14;10;16882173174;3638957885;36111880420
14;11;13406322611;2546012552;56731559528
14;12;12071338825;3741271097;24013827036
14;13;18195216232;3045165726;33858515118
14;14;12147667220;3091408475;24586200690
14;15;18446543281;3198675739;36777457750
14;16;11874241666;3359897906;23726152206
14;17;15164615631;2165823659;27778341102
14;18;11709950733;3326479413;21061223283
14;19;13525750326;2688164138;24995290044
14;20;13570333769;3632966550;57948004984
14;21;19890972862;2601656356;53045571993
14;22;13393988865;3461192414;29808612407
14;23;24210405879;2834236125;57959758363
14;24;21561876628;2463515126;42816893907
14;25;11919784716;3103072667;23679374054


THREAD; REPETITION; AVERAGE; MIN; MAX (nanoseconds)
15;1;21638195754;3337557008;45648513499
15;2;16187433525;3793409917;54980574976
15;3;15731361999;2089433923;30049368775
15;4;17172685014;3228221045;33377411374
15;5;19013419425;2755113290;38529713972
15;6;11617001684;3443533675;20581940093
15;7;11494841244;2953262286;21871237196
15;8;15843397027;2644095688;33409049544
15;9;12343704296;3843046951;56457337804
15;10;12227962863;3062369519;24184020106
15;11;17064699881;3697866140;33460680897
15;12;17460077790;3338614684;34884466392
15;13;17676297254;3945885790;46203127492
15;14;20645071412;2470997571;43117805894
15;15;19671797081;2394968914;52050325809
15;16;18157420830;3456390966;34411070122
15;17;12891378089;3129661521;22353869975
15;18;13383708092;3275598714;31656088553
15;19;14656734635;3404949302;49736344074
15;20;17743164390;2865742504;52935292125
15;21;15460019897;3948423403;33771240898
15;22;13017755584;3104664420;28562177665
15;23;11780950357;3758502547;23393122241
15;24;16725597912;2974330117;34309651994
15;25;26040813645;2053254604;54900965625


THREAD; REPETITION; AVERAGE; MIN; MAX (nanoseconds)
16;1;11874827480;3963015970;23472173000
16;2;18530311739;4035467078;50618142879
16;3;15847415625;2931401477;31110466903
16;4;18894103041;2160607494;38651376921
16;5;12349891464;3300367923;24785408900
16;6;16296966766;2984783401;33840564792
16;7;12392138424;3209152001;44595439155
16;8;14113549119;3088220431;26304699061
16;9;18133491040;2204176578;56144988259
16;10;23299368455;3056832013;48954312838
16;11;14766576379;3882273585;40988601275
16;12;23885116013;2788984145;54454483740
16;13;22176569574;2100518781;52910695423
16;14;17190190870;3031972499;36261572560
16;15;12645478523;4154964737;23775794130
16;16;17036755808;3024419654;32582221763
16;17;21310271808;2063264046;56771519914
16;18;12965590848;3123816574;56951798344
16;19;17353898948;3695529600;33582760309
16;20;20514975721;2218885431;43890530780
16;21;16516786188;2942717929;33987186081
16;22;12484322960;3319328784;25198220165
16;23;21647934442;3499326101;49734892144
16;24;17844707291;3097186165;56724427407
16;25;21736747781;3221422765;57879940607


THREAD; REPETITION; AVERAGE; MIN; MAX (nanoseconds)
17;1;24428114327;2961143874;57444147371
17;2;12369060994;3143713237;54915876320
17;3;17399915409;3849075092;57788647999
17;4;13385960157;2191127574;24740722075
17;5;16200856147;2221236148;30453687549
17;6;12910667652;3255366674;24388529897
17;7;20720557982;2939755402;58881491013
17;8;22057810141;2116440358;53329867553
17;9;19207186473;3236940240;58136446252
17;10;24200679679;3089821472;57983830627
17;11;21858884899;3081510499;57982627192
17;12;18967076868;2146199657;40789440488
17;13;11536148043;3090964284;22795183256
17;14;18390441794;2455272039;40294354799
17;15;14849185492;2120490453;58922793679
17;16;19831943755;3444220564;40741783732
17;17;20714117524;2912563748;53525462385
17;18;14005765805;2170457628;29449098070
17;19;11946530961;3847262152;24317774396
17;20;22059836466;2969259989;55602733378
17;21;15831186525;2387760316;32695634641
17;22;19644062081;2010779373;57448484723
17;23;12708986490;3942227504;27444198425
17;24;16568090158;2219341005;31574726047
17;25;24691255497;2026148575;57883570887


THREAD; REPETITION; AVERAGE; MIN; MAX (nanoseconds)
18;1;18002314584;3185552214;38358303639
18;2;17331416974;2065183494;57483813096
18;3;20114884806;3166703868;58990998786
18;4;13115679636;1982053376;54552259505
18;5;11628985902;3597709835;22751858127
18;6;16167379632;3051329219;34391131345
18;7;21529166403;2106675709;57986218919
18;8;12558443996;2601680311;27298287142
18;9;11267137429;3159313405;20048243003
18;10;10545266903;2885220468;20079491178
18;11;11684921431;3970975990;21331078880
18;12;15184749724;2698292311;31406887607
18;13;15566667807;2145059778;58562935932
18;14;22796894229;3052842540;55584845700
18;15;11285424758;3175354689;20980833248
18;16;12204218838;3483041979;26722702815
18;17;13748603143;2455117131;57473931394
18;18;12068010481;3147521542;23838001897
18;19;24765783142;2102068070;57741427891
18;20;12931099013;2890610609;26000941111
18;21;10813027685;3087026703;19147747199
18;22;11701519557;3438591148;23287121757
18;23;18267933568;2965690751;39405712667
18;24;15426446220;2492386882;33169436129
18;25;13563238924;3083882868;25156409195


THREAD; REPETITION; AVERAGE; MIN; MAX (nanoseconds)
19;1;23964107595;2918606695;57945612501
19;2;18791811923;2001531410;56979944309
19;3;15877963136;3180135534;57933159452
19;4;22068271786;3119215570;57382646328
19;5;14727662033;2984477775;28533672506
19;6;20941362854;3073845000;57979908340
19;7;25080863580;2910056376;58443632990
19;8;13761936894;2929718511;27766167418
19;9;12201958463;3661531633;24048360406
19;10;16672635980;3135704468;34652878228
19;11;19419761563;3300887543;42313648033
19;12;17670583237;3550902838;52436873402
19;13;17266746698;3612379646;50821436872
19;14;24691189394;2931816683;57978902486
19;15;17641992124;3106870077;56953939677
19;16;18363289565;2953013861;51154667562
19;17;14332320118;3044621174;43241382285
19;18;15915047204;3605224408;54994337199
19;19;16193622148;2895663345;35302804547
19;20;18071898268;2819520917;50712301983
19;21;18610369245;3379779204;58682598627
19;22;11761081822;2729917560;54272305069
19;23;15705274156;1833021865;38023537070
19;24;16872445109;2984993763;35327650930
19;25;10917868190;2920599964;23189042532


THREAD; REPETITION; AVERAGE; MIN; MAX (nanoseconds)
20;1;20180750018;2856022763;54408930464
20;2;18981393553;2376266397;48834940474
20;3;13226213388;3839218602;55878281737
20;4;9940408486;2906638623;18876868638
20;5;25090455628;3030774372;56623074861
20;6;23720897723;2444500977;57965524319
20;7;12507034518;2982962430;24563474617
20;8;12345878691;3110301938;27410694725
20;9;12300137388;3213898624;24770709196
20;10;11318809534;2408237290;22814704243
20;11;14199524714;3575057374;57975596759
20;12;25714118802;2942220380;57925912441
20;13;17162547574;3137482558;56062440129
20;14;17565231671;4170364041;47736593478
20;15;14569563842;3252185404;57926697038
20;16;18429822512;2486924874;37717494333
20;17;15751508153;2875483197;56953693207
20;18;17034307020;4241041040;56540902964
20;19;13050425430;3033381896;23070734618
20;20;16601263119;2882011331;41937912570
20;21;16572736242;3316887691;56941222488
20;22;15028875530;3506114953;27360991900
20;23;12143378601;3255546096;24275199921
20;24;25142411903;3082414664;57977691788
20;25;18775917959;2316371005;44594075155


THREAD; REPETITION; AVERAGE; MIN; MAX (nanoseconds)
21;1;13276027748;3263406802;27201408769
21;2;14681579843;3108362446;27202554794
21;3;10466635271;2876055267;22268913787
21;4;17891358039;3551214750;57649932603
21;5;16090801217;3118663615;29912036376
21;6;21190407063;2093645072;56758243436
21;7;17884246429;3704095842;57343535281
21;8;16692826189;2043835809;57930703553
21;9;10119282627;2359117918;18872752682
21;10;15413577546;2358575811;56099294883
21;11;13864779497;3221442041;57981306982
21;12;20916606890;2913060249;46333622569
21;13;12655181134;2967586802;26528830270
21;14;20732459193;2058215848;53894011459
21;15;15286702423;3014639710;29644618659
21;16;18453263971;1907898630;57942221009
21;17;24243151288;3006967645;57913577424
21;18;20454686041;2825006111;58073965826
21;19;24377407391;2071951323;54593056660
21;20;16862994209;4048086559;57005688712
21;21;11272918766;3085410576;22234387960
21;22;14042306995;1908002833;55279637914
21;23;10720988100;2958242109;58356513747
21;24;12626891243;3769496543;42944082279
21;25;9869211244;3271648212;18758646350


THREAD; REPETITION; AVERAGE; MIN; MAX (nanoseconds)
22;1;12948232242;3461983367;25599353200
22;2;19976933963;2875020219;58856895570
22;3;14716925056;2741090976;56095012006
22;4;17055705692;2522761133;34861476738
22;5;12774292914;2604932959;57804601283
22;6;10480101369;2842462939;20459573772
22;7;18159025521;2199368007;53792440170
22;8;20508056686;2894507333;57733514664
22;9;17437511271;2909720859;57916259888
22;10;18348002067;3527418568;54632426537
22;11;12304406877;2180988715;23716230135
22;12;12193147120;2896109213;23014251882
22;13;13685516187;2259005753;35847853638
22;14;14794200813;2693746622;57205511175
22;15;18816253727;2813912871;49757116547
22;16;11714124937;2897069809;55702904419
22;17;24645630949;3036225204;57210497354
22;18;17450641457;2921079634;57195226488
22;19;19428362994;3237961040;51792934646
22;20;12500805812;3035708449;23919283876
22;21;9969724921;2790784164;54339750024
22;22;17910926847;3197641320;57982310950
22;23;15396719832;2714532434;43661600776
22;24;14216630830;3210044782;54542107726
22;25;16706311421;2762569754;57701155035


THREAD; REPETITION; AVERAGE; MIN; MAX (nanoseconds)
23;1;20218110021;2965668682;56056871474
23;2;18509448231;2393918291;56943915288
23;3;17342777877;2917519196;48797637968
23;4;17410406000;2749514044;58335902957
23;5;12131627668;3148932615;24185627572
23;6;11502144942;3669320751;22839799192
23;7;21767432966;2744330914;58973257984
23;8;10722620533;3214940795;19736530481
23;9;15950757458;2847801885;39037198862
23;10;17545529400;3316799691;55486836804
23;11;19400785801;3029594264;52711892782
23;12;17609821802;2934553065;46208322705
23;13;12354802347;3871604073;57606174319
23;14;13181232902;3115266815;36203235467
23;15;25369975260;3050906121;56111117824
23;16;9851047006;2833491617;19999748572
23;17;10718973750;2930152785;24325741889
23;18;14442845281;4084609566;57178073121
23;19;10810105660;2435755383;22576210245
23;20;16754684908;2880112836;57398309980
23;21;9765434940;2776629641;19820355800
23;22;15682899070;3005925753;58594436024
23;23;20448296607;3155198636;46728761267
23;24;16434957260;3220937089;49007353309
23;25;11881276415;3191143916;21813262439


THREAD; REPETITION; AVERAGE; MIN; MAX (nanoseconds)
24;1;9907402416;2784317699;21158256775
24;2;17829078184;2768330681;53715367526
24;3;17836340496;2792501212;45748706470
24;4;22573575433;2789011382;55392245593
24;5;21675124071;3075456308;57939181796
24;6;16855726725;2642953434;57706015500
24;7;17910479224;2875338626;52413778078
24;8;10321869934;2899812686;19549350895
24;9;12441332655;2754704928;57737500785
24;10;15843449819;3211794865;57952024140
24;11;26409017040;2901840736;58451096229
24;12;17968269002;2772028219;57375978860
24;13;18484659252;3392709409;42299583047
24;14;25112636664;2842378152;55128559147
24;15;22620135161;2845057263;57946939276
24;16;17631562086;3079051109;56842455117
24;17;18251329051;3199459499;43165853272
24;18;10930488573;2872595819;22915343570
24;19;21234473505;4138266456;54404022578
24;20;14184406886;2479464778;57694734457
24;21;16624596195;3383355566;54006059499
24;22;17691647387;3092384088;56044269523
24;23;23426641727;2694513409;55698181124
24;24;20144332273;1651878800;53540948989
24;25;11925181029;2990411351;25703190070


THREAD; REPETITION; AVERAGE; MIN; MAX (nanoseconds)
25;1;19382479685;2856652521;58001650279
25;2;9693646408;2943668818;19625737279
25;3;15560122476;3085048309;52690810773
25;4;21365543665;2936473909;56447633568
25;5;17130128843;2948706679;45737261510
25;6;20497979417;3755066496;57683163084
25;7;20862829134;2952673175;51160409982
25;8;17223433415;2430793997;55236498772
25;9;17944614837;3335383687;57249956280
25;10;19059741620;3114419850;56945631428
25;11;16955514952;2587888964;55656224185
25;12;12783868596;3011035969;25708977049
25;13;22052917255;3449817295;57344279580
25;14;18200578596;2873113971;58912705316
25;15;19495294972;3314690694;57995272374
25;16;9092171862;2396032736;17307087284
25;17;13077003639;3068704751;56291512539
25;18;15769489741;2764167863;56985892690
25;19;20079908647;2893763802;56555383087
25;20;22004825094;2897196222;48639900602
25;21;17310368212;2741617789;45133646525
25;22;10805318176;3407306097;20082146474
25;23;19835775195;3027554131;51978363242
25;24;16869373676;2979402550;55880767039
25;25;18527364090;2378048397;56962012979


THREAD; REPETITION; AVERAGE; MIN; MAX (nanoseconds)
26;1;18254999457;2774800918;56903105213
26;2;10261367389;2958443741;21350406476
26;3;10633954341;3437815909;55108723385
26;4;10438879942;2942153891;20269961056
26;5;24044153390;2859354262;58168688828
26;6;18952907616;2770803622;53961035830
26;7;24503747683;3057905613;57148972076
26;8;16951875700;2865372415;57333850741
26;9;16678572337;2920696415;56049066082
26;10;17175352188;3247294628;57129571496
26;11;10667591472;3048353143;21302974610
26;12;20438298773;2864350636;48284629121
26;13;16147806493;2843733072;58993864373
26;14;13936285030;3008477893;56384606144
26;15;14016656720;3080491585;34091402189
26;16;17463785463;2572508517;56852548299
26;17;16824548847;3561964718;57938120348
26;18;18871782081;2705109797;56332158417
26;19;15189294620;2778238505;38598522857
26;20;22032909508;2919294352;51883881332
26;21;11771572748;3034299960;22285573166
26;22;10132852045;3157552427;18991149713
26;23;15767990026;2803152217;44627057909
26;24;23051082447;2077171889;58465139843
26;25;17869693743;3236370265;56899394756


THREAD; REPETITION; AVERAGE; MIN; MAX (nanoseconds)
27;1;11590293257;2721319748;56963820192
27;2;14054885785;3900127181;45504665747
27;3;9371684657;2740968545;57252958895
27;4;9806307869;2850804641;28849240755
27;5;13073191374;2679744283;56983600918
27;6;18031018424;2954543874;52306479315
27;7;17541865590;3492270666;48885016671
27;8;21898992781;3230757052;57943430799
27;9;13028185864;3103671487;52188986170
27;10;20247228262;2955210858;55724510587
27;11;13229986939;2857630439;55987269611
27;12;24071287369;2947732184;57555725448
27;13;21937805507;2961974496;52875576644
27;14;17231121054;2415875272;51664177850
27;15;14504662667;2717761336;53992566304
27;16;19260226171;3142663243;54054828966
27;17;17131570552;3097009746;56997471187
27;18;17697614803;2649896705;56741546481
27;19;11793173344;3214671209;56966117202
27;20;16861889349;2595675009;56937600310
27;21;11280800900;2624260276;55799045200
27;22;24472323909;2886541167;57971361933
27;23;11376537985;2844654000;57772463540
27;24;21487825902;3027688784;57969855107
27;25;20822442932;2833268404;57521111971


THREAD; REPETITION; AVERAGE; MIN; MAX (nanoseconds)
28;1;15926357970;2409682655;56954195855
28;2;13046300529;3162112015;26020043539
28;3;21808991919;3307424477;56268891577
28;4;15757343190;2572999362;43163906167
28;5;14394100519;3248114565;55350480648
28;6;12640257791;2926011267;56903278280
28;7;21069252478;4014416427;56895281872
28;8;17572248817;3270746980;41705128305
28;9;18250649235;2377483172;54742995269
28;10;17169516026;2849198990;47464413634
28;11;24867634236;2868463031;57804273867
28;12;18491980841;2718575196;57130347223
28;13;20111735524;3122667685;56646038114
28;14;18276152102;3019570574;55255305074
28;15;10580939805;2967748065;20290311757
28;16;17741306128;3210503919;47563845544
28;17;17467683601;2883957249;37831892950
28;18;17846482510;2549205276;56900242489
28;19;21721584410;2849200876;56838051833
28;20;17330751329;2872974079;58763065557
28;21;11476141044;3105650229;23642670437
28;22;10494631407;2935425592;21661404243
28;23;10554529960;2919252098;23370066028
28;24;13319981484;3132199065;56925378085
28;25;10936558689;3014378922;21105998737


THREAD; REPETITION; AVERAGE; MIN; MAX (nanoseconds)
29;1;18281496559;1011999779;56948347067
29;2;12312094974;2752745879;57571821768
29;3;18344720211;2892648367;56961798008
29;4;15627236411;3098755009;56920808860
29;5;16572461792;2813724021;58029030645
29;6;19155667717;3092446736;56954080895
29;7;10743433730;2827776156;57887184056
29;8;22464487432;3168128142;57974461628
29;9;22631179928;2972795285;56980786315
29;10;17335641088;3204979194;56612088897
29;11;18494120154;2379796105;56983487636
29;12;19816055258;2842521047;58868093082
29;13;17072254389;3580703203;56988201433
29;14;25711336956;2927473813;57846210622
29;15;18547298420;2853008972;55148270730
29;16;19969769353;2707702305;55719391361
29;17;14586897715;3237894202;57872539317
29;18;20429041718;2987239859;55864386046
29;19;23008315068;2921655616;57853957416
29;20;10467599837;3117995932;56834964011
29;21;15800470898;3055639614;42657686312
29;22;22988879714;2824619610;58735377960
29;23;20236285311;2925743146;56632789572
29;24;23843245004;3102074984;55890637706
29;25;15565945661;2874548581;37058847493


THREAD; REPETITION; AVERAGE; MIN; MAX (nanoseconds)
30;1;10863639907;3107863918;19519756491
30;2;18769941562;2679830816;44782441763
30;3;18759548638;2874048448;55400514940
30;4;10237401181;2957351284;19191010310
30;5;17665474826;3295203022;57793148640
30;6;10330836306;2849816317;55864671836
30;7;16857946314;2828207984;42322108187
30;8;23306544594;2794023542;58193557561
30;9;10273350715;1927018867;20004805778
30;10;11359091368;3122067889;23424727095
30;11;18786116749;2378227400;56847220667
30;12;17305382373;2898309701;43060987430
30;13;11871209273;2807317201;57936998069
30;14;17979673713;2543217853;48935356449
30;15;21424437411;2831375706;58821807101
30;16;19555411683;3262919938;50490437471
30;17;20805418495;2730952886;58824637280
30;18;24884514280;3172948098;57731381851
30;19;19406565133;2539717828;56966232300
30;20;21666449429;2872731660;52779258188
30;21;16170288073;2897332831;58810275608
30;22;23337639886;3084234588;57838090945
30;23;18292203146;3062080865;55934579534
30;24;21018025106;2820194955;58515615183
30;25;11610982736;2398423892;32330921318


THREAD; REPETITION; AVERAGE; MIN; MAX (nanoseconds)
31;1;20303981860;3213903093;47457180871
31;2;14980961378;3314252859;56900923721
31;3;17654823599;2686000106;40699235727
31;4;9391292431;2559883239;18481096481
31;5;18994694522;2671761355;49720112193
31;6;12278922551;3040454024;24142457142
31;7;9449173554;3420200403;18479002290
31;8;21459063271;3417153717;55920645989
31;9;17841524289;3151727943;36910349011
31;10;21499970606;2755440845;57147356648
31;11;21616633060;2993382818;55215086554
31;12;15038111411;2756185563;57045923924
31;13;22876042131;3665370180;55936279052
31;14;17260748082;2549254305;52505798922
31;15;14872125155;3451725219;38688397199
31;16;10898361438;3067486719;22845832711
31;17;22502026018;3295096933;52346877885
31;18;21577633345;2710756884;54418424898
31;19;24812239122;3176640676;57150906889
31;20;19413253410;3595877060;43518554313
31;21;17498927344;2357868459;56346223333
31;22;12179307797;2736807192;55449867581
31;23;16680450470;3303125956;48822786346
31;24;14927482989;2598033200;38148959993
31;25;22938517418;2898417257;57875190771


THREAD; REPETITION; AVERAGE; MIN; MAX (nanoseconds)
32;1;23526438245;3220301672;51865355513
32;2;26091206827;2954304039;58941120729
32;3;19873457260;3137757732;58405873162
32;4;9168044668;2677231604;56928007330
32;5;25684110185;2907991379;57880254543
32;6;9472879851;2762129335;58329594822
32;7;18243175175;3397770526;55761042675
32;8;18802508140;2847505898;48623618853
32;9;17019085032;2788300538;58981560576
32;10;21798972451;2914804116;50435306233
32;11;20328763029;2689376932;53974341152
32;12;15695493586;3105789074;58271152968
32;13;11925203943;2793218062;52934806309
32;14;22745928399;3485177166;54230232683
32;15;11659376652;2802009543;56110627188
32;16;12923259569;3539974704;55550253035
32;17;19940898641;3115148713;58518619336
32;18;10169893342;2594000984;51386114856
32;19;17614455456;3161339849;56628503763
32;20;10478240286;2852001442;54267230332
32;21;18063667926;2750442723;34890117459
32;22;18211516921;2494492456;56391933332
32;23;19768022474;2751743238;56183987839
32;24;18261461715;2813634484;56515924021
32;25;9770162542;2965805989;17500301435


THREAD; REPETITION; AVERAGE; MIN; MAX (nanoseconds)
33;1;19167046206;2968537901;50370671272
33;2;19895988323;3698057225;58588386373
33;3;20310826343;2680253985;52538516837
33;4;23264449090;2872279298;55585701604
33;5;9895290326;1438573477;56286025808
33;6;12529189971;2955692832;24065897132
33;7;12333017498;3294347396;22612364700
33;8;17607194114;2247294000;53788447764
33;9;13332778651;2386941636;56964399386
33;10;9954275874;2667100358;18920819895
33;11;19595933765;2718184433;55344067053
33;12;12227643087;2833208271;26716879520
33;13;25199856118;3196874812;55792061211
33;14;17093997499;2787828062;38543406704
33;15;22319101564;3240119834;57893100101
33;16;19997022140;2948284908;51970172536
33;17;17715654569;3006337886;53338290062
33;18;18340077785;3544789003;57910048764
33;19;23080879493;2781608487;58254048629
33;20;15870935121;2885416024;38974588530
33;21;11751619140;3253187626;24308991436
33;22;18580399584;3003873188;39078145686
33;23;12950539351;3414387233;56947170730
33;24;13708510536;2819952676;57324655089
33;25;20620453442;3177406137;46376883165


THREAD; REPETITION; AVERAGE; MIN; MAX (nanoseconds)
34;1;10370773842;3541844285;19225591101
34;2;10452013376;3830954982;18683307026
34;3;11151505997;2991255313;21395154273
34;4;10831910666;3411420935;21396162571
34;5;24131197757;2903255861;57492746006
34;6;14933691622;3381464753;58952839258
34;7;17001112949;3218247501;58933682284
34;8;10760590403;2770491431;57960000224
34;9;9405148992;1497774577;18663002840
34;10;15649245536;3118938370;33619131621
34;11;16457257233;2877405787;57424860702
34;12;15315839569;3273699381;31500760432
34;13;18937085052;3640807630;38959013506
34;14;16257082512;2710827633;55499862203
34;15;17854512803;2862646580;57449358089
34;16;25959431234;3166416472;57973862042
34;17;17644057299;2938344957;53072105743
34;18;11254746095;3729610327;30418789120
34;19;13294838128;2992771357;30704279455
34;20;10573536761;2874060670;22794978762
34;21;16739060009;2058979354;58062938935
34;22;22938950170;3425006251;54599783702
34;23;21402492447;2098722882;58971558885
34;24;11873911155;2867524993;51664519304
34;25;24969271353;2890402411;57991794558


THREAD; REPETITION; AVERAGE; MIN; MAX (nanoseconds)
35;1;18286294270;2111771817;40910283221
35;2;17113837794;2780543407;57958095023
35;3;9460046256;3285435090;18716037024
35;4;17947448163;2136169262;57655148768
35;5;10045468387;2868901075;21713872852
35;6;20060813361;3138451744;51843790063
35;7;9831687394;2996516527;18798360686
35;8;21533149805;2029786537;52581683426
35;9;21397082951;2863080712;50531173306
35;10;10139774822;3096018349;18989576399
35;11;25676842500;3113437672;58226370181
35;12;21126899043;2820816822;55830680785
35;13;23783165078;3071911933;56834735560
35;14;23619693722;3171239851;57961352211
35;15;16053037812;4090443967;57296436838
35;16;13782119468;3071165958;26204410407
35;17;14801275694;2205487779;30364026224
35;18;23861842282;3104188172;57928903744
35;19;14381868488;2981388347;28997430958
35;20;14152319740;3834404512;27067219996
35;21;26394739541;2216139203;58612600624
35;22;13285508021;2968016606;58709696204
35;23;11042341154;3235502836;20418598872
35;24;17918378179;2766423037;56938159040
35;25;18951978109;1105869671;50844662800


THREAD; REPETITION; AVERAGE; MIN; MAX (nanoseconds)
36;1;15155841504;2269179533;28561631157
36;2;11805502678;2258315582;23358267880
36;3;17035877865;2878376302;39687819890
36;4;24232549668;3194162946;57974780175
36;5;23193645651;3101764191;56146891434
36;6;21585312833;2894799828;53196305885
36;7;13237436210;2650000698;55464506034
36;8;20991491080;2069753279;56181304258
36;9;18193103731;2751742610;56638736837
36;10;13636800613;3727075508;26811409620
36;11;14676277121;4364295811;52400614324
36;12;13034442984;2130452963;30116058116
36;13;23303987548;3406555232;57913995634
36;14;13204196180;3386203554;48948675041
36;15;11355406437;2217362612;22071373177
36;16;15640316814;3175721286;30003438635
36;17;19598372061;2906356254;57660411030
36;18;17792555533;3563781640;53615674548
36;19;11542119173;2921031094;24414885970
36;20;18670965260;3228216994;58775945337
36;21;13349781289;2508504992;24554793137
36;22;20613719192;3466950967;57912218103
36;23;16890480291;2051907924;53814362090
36;24;22698096013;2915079710;58883696880
36;25;21903828928;3177773781;48096538946


THREAD; REPETITION; AVERAGE; MIN; MAX (nanoseconds)
37;1;15058947253;3589911078;30369956866
37;2;19012851688;953062121;40636935351
37;3;22387138585;3457588045;58408897360
37;4;19793583816;2959655347;51518245755
37;5;14337979732;3499974578;28426648010
37;6;10579112971;2257832769;18786405115
37;7;12258910454;2694095269;28360950414
37;8;13581344329;2931909363;26093276031
37;9;16745153429;2772220352;56953419778
37;10;18207647301;3101648534;37329232975
37;11;10985008662;2989373929;19904762756
37;12;26783158872;3098561479;57980368594
37;13;12673916473;2934764475;58899347054
37;14;22141425308;1865460484;57915665259
37;15;13219261280;3168066961;28279553477
37;16;20790017880;3246502838;56831598569
37;17;23895835101;1968262167;57841391574
37;18;21496672253;3074993679;44346906032
37;19;22022917440;3089644005;57974834441
37;20;19858005509;3316724682;57973468556
37;21;10742204540;3026601495;57844436933
37;22;10505329863;3326909426;20255064541
37;23;16361511886;3460962357;30589581497
37;24;20260255058;3235802526;58644938672
37;25;22810164522;2845779910;58825652073


THREAD; REPETITION; AVERAGE; MIN; MAX (nanoseconds)
38;1;17504672876;2981469992;54160411099
38;2;12011136564;2731199286;21738472766
38;3;24739148274;2074074079;57968565209
38;4;17323799781;2395731371;54172035133
38;5;17358672217;2815603729;46808759842
38;6;14887548894;3950648616;44671163932
38;7;21986089157;2989800310;57946510451
38;8;18182847843;3650137517;55821903621
38;9;11862220224;3464233373;22238615593
38;10;24393421835;2180859649;58722540085
38;11;17954608573;4265630339;57889827478
38;12;24704462565;3229704264;57913454084
38;13;21058958939;2731672880;55259274224
38;14;12251205186;3071819603;25508785684
38;15;14415613817;1725605001;29431917814
38;16;16424401967;3167968764;45795645326
38;17;19324657170;4238832519;58277631026
38;18;11619569339;2914010720;26373124238
38;19;11008293343;3275618200;21674106904
38;20;15220678735;3001611448;29189925116
38;21;16577154974;2779530080;35873410797
38;22;13214211366;2682392455;56981154448
38;23;16676077295;2383045471;56013180097
38;24;16772008728;3733582969;57984562493
38;25;12741502712;2507728357;23701476445


THREAD; REPETITION; AVERAGE; MIN; MAX (nanoseconds)
39;1;18218604871;2008513791;44891704672
39;2;21541375280;1600862260;54141018621
39;3;25081868085;4120569863;57581719883
39;4;12106165193;1616425342;37135321179
39;5;24987607004;3129867343;58475950784
39;6;19944312756;3105454814;58723049368
39;7;11648917712;3511887824;25225405324
39;8;10916602728;3187477040;22988509014
39;9;14239015784;2885388087;26132405027
39;10;19942395228;2808888211;58889072843
39;11;16284435023;2923701826;58980089090
39;12;11264202846;3353935905;19733660982
39;13;21600455739;3520114637;57386297351
39;14;17395906478;1941511979;56976542479
39;15;11131401836;3194472412;21785279694
39;16;23709625544;2070666524;57003072318
39;17;18410413430;2427928898;56777390004
39;18;21048611924;2754353906;53135225147
39;19;24929098463;3371437292;57978746810
39;20;19894720694;4039221954;57262547265
39;21;19898323618;2234017452;57735135611
39;22;10899128545;2093168336;57197074279
39;23;17835565701;3168424200;54415268840
39;24;10810313808;2344336081;20915663653
39;25;10445694887;3467949139;35375387165


THREAD; REPETITION; AVERAGE; MIN; MAX (nanoseconds)
40;1;13255661224;1676719737;29398880933
40;2;22386405222;2028273915;57974211876
40;3;16797837392;3286827236;44896491873
40;4;19429485014;3775523914;57552865587
40;5;18442132124;3230689724;43245171104
40;6;11910651059;2993478082;23414749152
40;7;10665102824;3549434146;57915261646
40;8;10647197723;2826767159;22227056162
40;9;19425089360;1879312664;57173465832
40;10;17197742575;1988433097;56827491971
40;11;22007685894;2521691514;55056096865
40;12;18890916386;2028795908;46053733645
40;13;19373248624;2197463993;58973604397
40;14;16427771284;1976647032;48608932281
40;15;17756500919;2225569870;57987759618
40;16;10574194797;2391427192;22653947080
40;17;11092047486;2055665106;24179568772
40;18;16221255129;2907618426;41607816147
40;19;12888479010;2283012855;26672543088
40;20;24118535594;3114553805;57428577794
40;21;10633894583;3477480169;58113216205
40;22;13171296796;1566540370;56916145768
40;23;16979187065;3669206421;57906766502
40;24;20577737474;3296868876;55668776060
40;25;21405074676;2884001318;58311133328


THREAD; REPETITION; AVERAGE; MIN; MAX (nanoseconds)
41;1;18241833279;1649822184;47264337227
41;2;14736359075;2850530235;55965630408
41;3;13551323749;1962675145;56803457981
41;4;10626709229;2169450377;20036930532
41;5;17118340254;2956918966;45097005345
41;6;18566940988;1595072628;57694360876
41;7;24430368761;3710309061;55479592099
41;8;13365701061;3290534901;53344920583
41;9;17162568183;3553375638;42761871271
41;10;16691276417;2821745502;53617018713
41;11;10837899179;2615052052;19545720545
41;12;13978573788;2126791673;26753345817
41;13;18542749061;2012719633;56962315392
41;14;23366059492;2970284631;58210267017
41;15;13284436534;3588412424;25294530171
41;16;10130314535;2852427333;56491192736
41;17;20821820606;1602704534;56081210112
41;18;9091045589;3088844392;58828902137
41;19;23623326599;4051915048;57787942951
41;20;15860044705;3048225193;55316586745
41;21;9246686361;2995958914;17984273001
41;22;19406990945;1869479850;54989667122
41;23;11594848311;2791770183;25197842882
41;24;11092771375;2409387716;22465957405
41;25;14532703359;1873722708;38662253094


THREAD; REPETITION; AVERAGE; MIN; MAX (nanoseconds)
42;1;15662052512;2966660567;34137897345
42;2;18659951878;3847500381;57673511019
42;3;13301859706;3470988072;25627542118
42;4;16976001622;1986615128;40304990299
42;5;15855408642;3121568593;56627560417
42;6;12499388531;2988225389;26901983143
42;7;10804057554;1278595883;22942808932
42;8;17949319562;3411516128;57940345490
42;9;22681801980;3015348599;57435979014
42;10;23823568164;2024761667;57967946625
42;11;12080947841;2533290544;23831673997
42;12;22340075191;2938102189;58913724440
42;13;17224176555;2317323920;58765316681
42;14;18430794203;1526906492;57146406666
42;15;17889172994;2871223996;43547931441
42;16;17373408629;2173153362;54061285512
42;17;9536018462;2042891485;58808769341
42;18;10796885891;3023186816;21177193051
42;19;17157185003;1994457676;58661301018
42;20;20684940350;2048821707;54812438103
42;21;19882919492;3544003847;44606904579
42;22;20653917534;1482979890;50269513794
42;23;17287627720;2359972707;54096765580
42;24;21520716732;3341765364;57811957036
42;25;16771669916;2867357094;58751055162


THREAD; REPETITION; AVERAGE; MIN; MAX (nanoseconds)
43;1;22871738079;1509916623;57771269532
43;2;17245826648;2504501131;34304207379
43;3;23352684930;3399693536;57979745960
43;4;19358486101;2079825439;57791172621
43;5;14991198356;3139561453;52577704918
43;6;13649132158;2211970515;27958861671
43;7;11594185473;1667138840;21295710558
43;8;16876617103;2686052417;44523916727
43;9;17799570891;3988510272;55632780144
43;10;15340286536;2935593001;37753351683
43;11;11101053419;3393897479;20937408455
43;12;11725260915;2873554390;23111291588
43;13;21842500365;1641480830;57905389931
43;14;16709078621;2986300145;57813811462
43;15;19207643888;3681813820;57948964184
43;16;16216093262;3374702302;30261128509
43;17;15609997438;1831909782;46034867560
43;18;11181206683;2181241331;20912528059
43;19;11197205552;2719172059;58369023927
43;20;11070712150;2899580045;21657415816
43;21;23276741799;2398340222;57967248491
43;22;11946516006;3371193895;25504799981
43;23;11222028075;2271685159;21162116205
43;24;9867672397;2894207783;19089476316
43;25;22059449680;2890842551;57965805710


THREAD; REPETITION; AVERAGE; MIN; MAX (nanoseconds)
44;1;20661797499;3306516052;58961787042
44;2;10512981591;2990136805;19401335574
44;3;10462581572;1426876111;19544559574
44;4;10438026290;2225426695;18692794126
44;5;9447981194;2873744219;18927265197
44;6;10694904615;3227991477;27665638370
44;7;20665648449;2352147759;58874238695
44;8;17510684994;2520539831;37502873060
44;9;21435039025;2289341104;46448503441
44;10;17070054979;3040978812;56784455985
44;11;19088600220;3785401287;58374572187
44;12;23129754487;3525766543;53495257777
44;13;18045241752;3755060909;54279697000
44;14;23195218048;3375979489;55543580819
44;15;25404002807;2990071155;58969261945
44;16;21625762154;2832486391;56826408035
44;17;14850096037;3669160815;43775823464
44;18;21989772456;3610091087;55395174945
44;19;23500646142;2254138934;58854255779
44;20;14125860274;3419518822;57699674190
44;21;13152550959;3034485388;26018492085
44;22;16292058397;2551422877;55827458308
44;23;15363341349;1833151630;53262188560
44;24;19494312541;3105964096;48864432561
44;25;19910309974;3263999684;57938699611


THREAD; REPETITION; AVERAGE; MIN; MAX (nanoseconds)
45;1;23173265430;2527981210;58007259023
45;2;22381829291;3091366151;57878604892
45;3;10450219669;2378647845;19302937944
45;4;17542626196;2860804306;52807314338
45;5;11075087686;2008344426;23089812392
45;6;11809018381;2299718680;20731526213
45;7;19104025817;1886636011;57999917308
45;8;20015038925;1504912008;57488274627
45;9;23394437196;3664221849;56443970254
45;10;18955847776;3534501103;48646026939
45;11;11780146460;2900981898;25039578843
45;12;15284780922;2489940551;43915225888
45;13;11635147049;1751657124;22431153611
45;14;19852897920;2178557052;57783051477
45;15;20460664822;2850261137;55382255217
45;16;13934634256;3538353198;26359188459
45;17;23245976246;2217670891;52339501319
45;18;21214066080;2350426032;57685264678
45;19;17667071459;815930866;53640341370
45;20;16011695245;1724426079;57609924585
45;21;24357463429;2189678786;57992639357
45;22;21499022153;2079578689;55513542503
45;23;14613207178;1863679602;49703903500
45;24;11467980572;3171362980;21101563537
45;25;23200067350;2430476639;57853978998


THREAD; REPETITION; AVERAGE; MIN; MAX (nanoseconds)
46;1;10353505232;2006257569;57672185431
46;2;23319005750;2104834273;57941703345
46;3;15558529265;2926528162;33042364952
46;4;24907555258;2258838064;55492477536
46;5;14713348684;3896985301;42919740847
46;6;14468382948;1804577188;57560504827
46;7;10710705226;2279242614;56757291010
46;8;19926153594;2155289080;57596492222
46;9;16506617003;2722045749;53976105483
46;10;18570983328;1794449853;48843583542
46;11;10151283967;2135162570;19072248079
46;12;17478835581;1995793181;57208398973
46;13;16183821372;2063755170;57546493548
46;14;18861458103;2080294283;48866653653
46;15;18868273273;3302001791;54417166009
46;16;10658015933;2120146695;22922162872
46;17;20357258881;2925374594;56911994821
46;18;10346938436;1096721371;21136714512
46;19;24603384206;4128771534;58747843581
46;20;9367156724;2161501811;17897561841
46;21;11099709314;1684025764;20986863554
46;22;21095621538;2018471342;57760815131
46;23;20733405417;3464210745;50762383138
46;24;10429356342;1428368829;19478484207
46;25;17995196898;3468554733;52360902782


THREAD; REPETITION; AVERAGE; MIN; MAX (nanoseconds)
47;1;11187914160;2313313214;22259505957
47;2;25124525300;2544062513;57955923449
47;3;12218768106;2201176057;25444665872
47;4;17381773762;1786299865;56144119085
47;5;10685220699;3064681684;20158072534
47;6;10659662953;2116038212;19107540414
47;7;16078798218;1855728242;51910726712
47;8;22970748532;2198704026;57756516890
47;9;15773678130;3732388334;58964005201
47;10;24612181060;3423299679;57924914270
47;11;21446319594;1391102221;55957564369
47;12;23681853526;3899938610;55913697480
47;13;21310623748;2066366535;57929750988
47;14;15747529791;3111771049;45270949241
47;15;22704686466;2146851695;58668869158
47;16;13391409165;1951523378;53102673803
47;17;19549845463;2519751882;53369963641
47;18;11863115522;3736077350;42318614516
47;19;10924473880;3174197279;21123915261
47;20;10348246513;3443473961;58656053074
47;21;12500791993;2235259090;27605164623
47;22;11628853394;2263973912;21039308208
47;23;9356220038;2099690184;56692047034
47;24;11490896324;3008696496;23409594795
47;25;15179497830;1955707080;56692280094


THREAD; REPETITION; AVERAGE; MIN; MAX (nanoseconds)
48;1;20103480733;3457263493;58936244550
48;2;13152772818;3060338115;24602999124
48;3;14243920073;3296365739;56702806572
48;4;21865086531;3368686453;57742175402
48;5;10658597839;2188886995;19538588703
48;6;18940684015;2182315489;58503925429
48;7;10908621121;2617633876;23595586031
48;8;22484342218;3235985788;49108213474
48;9;15840430568;3226138168;58552742667
48;10;10710189285;3924280320;58108119678
48;11;19519296842;2936611427;57936852518
48;12;24284537587;2924285698;58959973824
48;13;15200317205;3881297692;58002710750
48;14;19868687892;2469625679;50607731569
48;15;16139515266;2890482659;58971752485
48;16;9990457292;2997565613;18401622063
48;17;15120093201;1787827154;52725389610
48;18;11081754636;2461340128;22084943338
48;19;24854285581;2055366673;56522069495
48;20;23722351235;2092615263;57899854101
48;21;9246904342;2081300975;48478273076
48;22;21304960558;3078252055;47467956961
48;23;23018223595;2981637750;57753573359
48;24;9522102286;2806412757;57969644536
48;25;20884093403;3117307367;57236390099


THREAD; REPETITION; AVERAGE; MIN; MAX (nanoseconds)
49;1;11651518995;3425608352;57203667436
49;2;24347793040;1562461710;58466439031
49;3;17083821632;2920115616;53428582823
49;4;23775912309;1989460393;58902144895
49;5;17004639696;1906098331;52063640001
49;6;12954773298;2397672889;57692409021
49;7;18293905291;2432957471;57173595806
49;8;15492513558;2325142721;57639576259
49;9;15592193133;1870740206;57319473983
49;10;10521377083;3708018268;19080157045
49;11;12997995698;3133077808;58921894752
49;12;21548550186;2293398951;58860363608
49;13;18916983030;2083146112;56036324310
49;14;18348781529;1936620437;57936714163
49;15;14339651619;2374864822;43941965320
49;16;17233209991;2097480475;57728127457
49;17;10252981568;2321505247;18750474292
49;18;20428607723;2101109987;47275275489
49;19;14952848926;1729456746;57975811032
49;20;19151413088;2114675468;56915174903
49;21;16155678598;2034121376;57979159921
49;22;10847827183;3436654239;22719314605
49;23;12733578231;1974155235;56559568884
49;24;9801092721;3204626077;18391549345
49;25;11789029075;3048532356;22939987555


THREAD; REPETITION; AVERAGE; MIN; MAX (nanoseconds)
50;1;10426758920;2623939355;56790741561
50;2;16775045767;2018144065;58788245853
50;3;14639303611;3080205236;29869967552
50;4;21169245689;2082029001;57594489104
50;5;17883309818;1972600359;56954196902
50;6;13197274571;3047776743;58791813694
50;7;13658080835;2550083181;30193635573
50;8;17390195129;3874247216;55288598621
50;9;10071418915;2949950971;18685650550
50;10;20425835779;3990150843;57934615084
50;11;11463796836;3038151847;24257554172
50;12;20929274754;2136455123;53039825244
50;13;12057206203;2995001320;26480551858
50;14;20363163926;3195793949;46842401269
50;15;22292147689;2198190622;56951094692
50;16;24122720345;2914157037;57898786159
50;17;10378977199;2265819888;19112079608
50;18;14739666405;1774287934;56009565601
50;19;23767163809;3304416763;57517392224
50;20;9134932185;1574822778;17777907108
50;21;17755425983;3184569617;53276992048
50;22;20596747542;3072809394;58875628537
50;23;16983365830;2734265598;44267429170
50;24;24803422554;2787288049;57920639495
50;25;16870636298;2908013728;54622989724


