THREAD; AVERAGE-REPETITIONS; MIN-REPETITIONS; MAX-REPETITIONS (nanoseconds)
1;0;0;0
2;29521375782;28771320888;30165625284
3;17051403001;14827483398;20081760025
4;14926223930;10802844124;19610368708
5;26146997933;8636554109;30791552367
6;28775803299;8126950162;43908735892
7;29171003900;7370620777;44635575599
8;20419035684;6843150151;31630454513
9;17433687139;7044669026;27445995801
10;16878497076;6958191683;26730068757
11;16922973554;7149303079;20799143226
12;16718480846;7946004877;26270107427
13;17732460472;7810404104;25376846163
14;17241993690;7358140353;21793642175
15;17713467127;7828574497;20702392354
16;18873649198;7634862064;22257940581
17;17827781662;7055692511;20399870816
18;18020603200;7406813257;22533216436
19;20005198203;6662122990;23524544689
20;21520584728;6747541718;26010930260
21;17313932297;6101722545;19854444525
22;20552302345;6134326440;26129654341
23;22237828290;6731626826;27290251805
24;20338626117;6464294464;25430114830
25;18946884260;6460572575;23392951503
26;19899210123;6502259379;24059612207
27;17871576209;7189172132;22156638678
28;18701545498;6774288374;25218007601
29;21100608805;6611348542;26554412840
30;18452714942;6943250058;22963786023
31;20311201301;5827709703;25710913152
32;18631889596;6648575687;23843004225
33;18396762998;6661320025;22759351490
34;21213658872;6418779543;27766633843
35;22819814362;5958235124;29876336207
36;19499530791;6386980482;24900071922
37;19226774748;5918005453;24998411247
38;16782529117;5826572782;22026200357
39;17058318758;5909228608;21623918615
40;20046126291;5029988979;29570581797
41;17972267069;5940238513;23471969253
42;18685060910;5317878406;25171412171
43;17281532548;4977448787;22099745643
44;16411756017;5531019741;21584903153
45;16762030033;5224500080;22521417621
46;17977333275;5091007194;24573680853
47;19523937925;4448530461;28884518571
48;20508049484;6193930918;26845038285
49;19083094859;5705024155;26911944168
50;20060226113;5068674778;29927170145
THREAD; REPETITION; AVERAGE; MIN; MAX (nanoseconds)
1;1;0;0;0
1;2;0;0;0
1;3;0;0;0
1;4;0;0;0
1;5;0;0;0
1;6;0;0;0
1;7;0;0;0
1;8;0;0;0
1;9;0;0;0
1;10;0;0;0
1;11;0;0;0
1;12;0;0;0
1;13;0;0;0
1;14;0;0;0
1;15;0;0;0
1;16;0;0;0
1;17;0;0;0
1;18;0;0;0
1;19;0;0;0
1;20;0;0;0
1;21;0;0;0
1;22;0;0;0
1;23;0;0;0
1;24;0;0;0
1;25;0;0;0


THREAD; REPETITION; AVERAGE; MIN; MAX (nanoseconds)
2;1;36397927460;31102293937;39048426196
2;2;38442388209;38442388209;38442388209
2;3;33847401170;30444369465;37250432876
2;4;0;0;0
2;5;37324923210;37324923210;37324923210
2;6;46081388277;46081388277;46081388277
2;7;30501769569;30501769569;30501769569
2;8;48411014947;48411014947;48411014947
2;9;47881914182;47881914182;47881914182
2;10;19426988416;19426988416;19426988416
2;11;0;0;0
2;12;39306220972;39306220972;39306220972
2;13;0;0;0
2;14;38928024512;38928024512;38928024512
2;15;30793673707;30792584882;30794762533
2;16;0;0;0
2;17;37230448423;37230448423;37230448423
2;18;0;0;0
2;19;34333399007;30426579705;38240218309
2;20;37091221090;37091221090;37091221090
2;21;37770270313;37767543640;37772996987
2;22;49608248744;49608248744;49608248744
2;23;0;0;0
2;24;45156524014;39014451698;51298596330
2;25;49500648337;49500648337;49500648337


THREAD; REPETITION; AVERAGE; MIN; MAX (nanoseconds)
3;1;16757237931;12144918908;21713195602
3;2;22746912107;16637096055;28856728160
3;3;11715425145;11715425145;11715425145
3;4;29063909380;29063909380;29063909380
3;5;16670950847;16670431647;16671470048
3;6;17910671910;16392030203;20945524571
3;7;14032348001;11700998451;16363697551
3;8;21067949977;21047177854;21078715591
3;9;0;0;0
3;10;0;0;0
3;11;11767593856;11767593856;11767593856
3;12;18652353878;9281011903;37512854427
3;13;19522962730;16873993622;22171931838
3;14;18737932055;16505076064;20970788047
3;15;17463803896;11748165339;28891631758
3;16;14812431072;11699061753;21035544950
3;17;21124280809;21124273616;21124288003
3;18;17155781670;17155781670;17155781670
3;19;18541879764;16238621668;20845137860
3;20;16662131674;11948745720;21375517628
3;21;22784764090;16550919321;29018608859
3;22;29332782030;29332782030;29332782030
3;23;16496450527;11824549070;21168351984
3;24;16639746811;16639746811;16639746811
3;25;16624774867;16624774867;16624774867


THREAD; REPETITION; AVERAGE; MIN; MAX (nanoseconds)
4;1;8997262117;8175215426;9819308809
4;2;14286079501;12302905188;22145704063
4;3;7626211677;6049654356;9202768998
4;4;14822343342;7897827726;24284143864
4;5;0;0;0
4;6;20737735364;7869504992;31843109948
4;7;17691112068;10070886034;25311338103
4;8;15456091813;7904739011;24019752930
4;9;17570623780;10147442343;24993805218
4;10;10749625302;8939696247;14369103965
4;11;19956239375;9043309206;30668501723
4;12;0;0;0
4;13;13391057522;11532593318;15249521727
4;14;10994611920;10026824499;11962399341
4;15;30605368873;30184138976;31026598771
4;16;17069639821;10214529780;29409865360
4;17;12702762432;9880219972;15525304892
4;18;13224027844;9049962915;22296954501
4;19;13506822236;11223055654;15790588818
4;20;9006678712;9006678712;9006678712
4;21;22446685332;9136122398;30914298884
4;22;34821926460;34821926460;34821926460
4;23;19917031215;9038130824;30011098129
4;24;15419461482;15419461482;15419461482
4;25;12156200066;12136277586;12166983024


THREAD; REPETITION; AVERAGE; MIN; MAX (nanoseconds)
5;1;40774446303;6171481571;52347331714
5;2;10278494228;6504701156;14960246484
5;3;11214949316;6566512434;17624769000
5;4;49237634786;6126721553;55743558190
5;5;11876979511;4756854084;14251932787
5;6;9721127266;9721127266;9721127266
5;7;8406218597;8402863772;8409573423
5;8;20003061423;20003061423;20003061423
5;9;47908360830;6081789585;55757096363
5;10;21279570099;21279570099;21279570099
5;11;19047239733;17411041906;20683437560
5;12;11830368280;6477372823;17183363738
5;13;54411294930;6731767515;57544915136
5;14;14021962567;8332236290;21040309592
5;15;17777668181;17755649182;17799687181
5;16;50236782295;6576979267;58086477821
5;17;11060996631;6812874192;21239007891
5;18;55064847252;6650263860;59283113217
5;19;53282943117;6660516839;59109757316
5;20;7994826298;6744305911;9245346686
5;21;42810925751;6473661247;50570641101
5;22;11642217062;6007223474;16983888735
5;23;11201165930;6567176834;17660113716
5;24;11784315999;6605135289;18063552420
5;25;50806551940;4492965168;55196930336


THREAD; REPETITION; AVERAGE; MIN; MAX (nanoseconds)
6;1;11277511608;6201228438;15290959605
6;2;22204552018;5723586238;53814457354
6;3;9715087927;6452003047;16241133091
6;4;20070818939;5624843311;57498909499
6;5;10286170484;6217952910;16031991077
6;6;55896168548;11878811134;59458101379
6;7;21516614630;5674059134;49131764443
6;8;52089867274;6227898099;59780867610
6;9;20440912791;5688135014;54503373614
6;10;56905833962;7924338289;59903472857
6;11;24457578560;13172105183;59896338641
6;12;18828156372;18828156372;18828156372
6;13;57380660990;5523772574;59981262353
6;14;28620810907;6077468226;35008796649
6;15;10994568793;7241552697;17811196186
6;16;58105943323;13389487072;59028116003
6;17;24022583176;6247840577;59738567262
6;18;18867352695;18181266684;19553438706
6;19;57801423865;5611978687;59989439719
6;20;22043125449;5784252468;55232222392
6;21;55638365710;5537631389;59976184682
6;22;10783974695;6343867866;16400094077
6;23;20203091446;5605140667;59960567684
6;24;10607298273;6285566391;16055897258
6;25;20636610059;11730811598;58603088800


THREAD; REPETITION; AVERAGE; MIN; MAX (nanoseconds)
7;1;17547004383;5586564284;22482193756
7;2;19257326192;5288052463;55041108088
7;3;20445336386;3908140490;59967383913
7;4;18984684021;5232966132;32032602398
7;5;37456019235;8479995432;59806773208
7;6;19367325910;5467578072;58543653313
7;7;17010044810;5098967396;17963834440
7;8;52669498600;11151936629;58501947105
7;9;21519759002;3965417392;29692885828
7;10;55813655726;6735758316;59825239591
7;11;20995557816;11307029525;59613314960
7;12;17312251195;4203115899;21598912640
7;13;20509139432;10574947445;39679765096
7;14;16808659105;10620576288;22059985697
7;15;17220555673;5351539162;20726358518
7;16;17041387971;10358124427;21019767037
7;17;21286020152;11470726098;59144276018
7;18;16439508651;4810812548;21053358947
7;19;56609037278;10905989868;59739522202
7;20;22133806298;11948392882;56936413636
7;21;58458490431;11628487908;59618586790
7;22;22734333310;5255526051;52883493922
7;23;56651196477;5445122355;60004280223
7;24;33844542779;5256931467;53510903691
7;25;51159956683;4212820904;54442828977


THREAD; REPETITION; AVERAGE; MIN; MAX (nanoseconds)
8;1;18022795719;10197743079;21375113946
8;2;17203767091;5118067660;20041226609
8;3;20056646537;10754220299;47972332866
8;4;17781583532;3985749725;21199820578
8;5;15423895039;9704060013;16234670188
8;6;15839208074;5054551486;20120751450
8;7;17851814509;13300581498;24417028141
8;8;21322967723;3813451431;56515798377
8;9;18240538778;8874614162;22063713545
8;10;15116803828;4009266471;16415796421
8;11;15365818461;4888170284;16545875803
8;12;49029059085;4477935045;57702117099
8;13;20367764507;5430244067;59978574511
8;14;46442783626;4480092442;54217907164
8;15;20447927073;10255034578;57439512005
8;16;16204964530;5928099102;20055412908
8;17;18373222190;10399578997;26676054289
8;18;17791982291;9997636501;37720641589
8;19;19478006096;4180843794;23582653033
8;20;17631126843;10649555809;20106318401
8;21;18871083967;4926260112;21176779451
8;22;21763852766;5527338181;59895509415
8;23;15788800087;5058820883;16786123796
8;24;18773822356;5398296152;31165318078
8;25;17285657403;4668542021;21356313162


THREAD; REPETITION; AVERAGE; MIN; MAX (nanoseconds)
9;1;17182276246;5198575377;19637986462
9;2;18013558191;5223188143;29311828598
9;3;17852904489;7118229831;41480574696
9;4;16715620214;8470496250;20009495900
9;5;20027468618;13475209210;59188795643
9;6;14989726291;4020452460;16887865008
9;7;15755741254;4237630620;20501800648
9;8;18102485015;5168707266;36762189258
9;9;16681813451;9679807420;19289541059
9;10;17126755802;9699988477;22689938037
9;11;16616882720;9652205517;19345381536
9;12;18392980472;5133864709;53430003744
9;13;13580982340;3895595529;15068103348
9;14;13902304194;4102007797;14757391023
9;15;17742748027;10114273393;19664997925
9;16;17201178349;4996086653;19268182199
9;17;18369124494;9969264670;37056636388
9;18;16022198212;7255438470;16874711101
9;19;26870119186;4140702868;31310063988
9;20;16448240709;4870384784;17666836008
9;21;18635299698;9594581015;22601898705
9;22;15632029110;5005843271;19789072144
9;23;17242817734;9649149961;23567460110
9;24;19266661385;10360400275;59382772321
9;25;17470262282;5084641694;30606369176


THREAD; REPETITION; AVERAGE; MIN; MAX (nanoseconds)
10;1;19113692532;10376579565;44829474416
10;2;15971642990;4815339450;19035713338
10;3;17796091152;5137940297;32632014614
10;4;17532710431;8007510102;31085630296
10;5;16561320087;6305207715;19473867419
10;6;17494817484;5368855539;29530995350
10;7;16442712321;3529061934;21519917895
10;8;17233023403;5548549606;19485065350
10;9;17698123078;5105067543;31443502387
10;10;17088605852;5435721579;19495342635
10;11;20496026186;10434125078;41235919719
10;12;15246602078;5268434466;18868264541
10;13;15387720006;7984730112;19183085700
10;14;17664437754;9909550166;49846553054
10;15;14427114713;4908097677;15356526109
10;16;16062351900;9578062436;19175081680
10;17;20934974078;10492667713;58316572148
10;18;16451761594;9909598287;18879859731
10;19;16834940150;4987141801;29383634303
10;20;16101714219;9054841258;18796043002
10;21;17898897545;10152845823;41813676598
10;22;16367166935;9621019291;18837848525
10;23;13447767822;3376206613;15219044948
10;24;14072260778;3928888308;15514670440
10;25;17635951820;4718749730;19293414736


THREAD; REPETITION; AVERAGE; MIN; MAX (nanoseconds)
11;1;15858090443;6021018593;17598600380
11;2;15512520836;9529788702;19220523837
11;3;18340263580;7126468099;19729389699
11;4;16727315805;5013925652;19267791088
11;5;15348237871;4754674896;18900223213
11;6;16140850637;4699783073;19327377572
11;7;17041682109;5050648616;22039131230
11;8;18389488654;9951514857;26566417729
11;9;15905044330;4024273197;17292555828
11;10;18505738688;8999051905;25983992798
11;11;16506242369;4658595297;19285729192
11;12;17087492588;9298232457;19933675229
11;13;19523643874;10125292600;31984163909
11;14;17865019983;9558578465;20147974393
11;15;16398558974;7736850494;19688378481
11;16;17385189530;12460857734;23183074105
11;17;16570110168;4771440225;24472354936
11;18;14652521348;6261639608;15315161285
11;19;20240935827;10307810071;27030944017
11;20;14176507022;4408647049;15084254354
11;21;15792587998;8974135400;18767870986
11;22;19104823187;4261154770;21198354959
11;23;16480777616;9021516351;17856436502
11;24;17045185617;6954100171;20227947477
11;25;16475509808;4762578693;19876257457


THREAD; REPETITION; AVERAGE; MIN; MAX (nanoseconds)
12;1;17634654818;10271645278;24123315253
12;2;14278412082;4406607613;20896455137
12;3;14910740014;3975272765;15781827229
12;4;15357801952;6148203263;16538830983
12;5;17801637260;10184807147;28050498108
12;6;16426860426;9680371179;19859208083
12;7;17008585359;5391888494;23421531578
12;8;16574395132;9367184237;19596162291
12;9;17049394866;9479310220;54052856508
12;10;16903639354;9889752609;20007854001
12;11;16152044944;6812302122;17504516007
12;12;18461392392;8355031086;41444692621
12;13;14506376998;4170705705;19402041810
12;14;18998296135;10771475495;39431971661
12;15;16586301367;7803363835;19276170435
12;16;16218091429;3114422014;19493032494
12;17;15946145081;9419615272;19087596468
12;18;17237819491;9592199777;59552150134
12;19;16166798093;9495520869;19064074834
12;20;18441238080;9710171334;28073574015
12;21;17998487758;10350358425;30021488625
12;22;18086398538;10196671295;43548987441
12;23;16747811770;6019471748;19714270529
12;24;16818555092;5027899565;19048280718
12;25;15650142727;9015870593;19761298712


THREAD; REPETITION; AVERAGE; MIN; MAX (nanoseconds)
13;1;18725384841;6694220355;38246576241
13;2;16037934891;9542654234;18512372243
13;3;16302264608;4553462451;19208664160
13;4;17464979089;8436200969;27635724442
13;5;17495052446;9902864051;21514383882
13;6;18441684797;9671108828;20533273153
13;7;17702745077;8114463570;42332457966
13;8;15065284175;4368380129;15867074586
13;9;23155903854;5800837537;57004265417
13;10;31725072446;6305029131;37318452135
13;11;15212975145;3927618664;16154690889
13;12;17225134689;6626080968;20801470229
13;13;17528490553;9339632411;25383502513
13;14;15984217679;9523287457;19115933520
13;15;17313883690;9268566955;24390183040
13;16;17989374933;9571078168;21651172007
13;17;15814606424;6163790370;16801741701
13;18;16442661131;9152920413;19267779704
13;19;15645870471;5767101126;19039071307
13;20;16849030202;9713718783;19407316852
13;21;14728544505;4772542810;15648480672
13;22;17043219204;13080437109;24870209622
13;23;20819620067;9827784677;57531442753
13;24;14795721110;5033588137;15891102361
13;25;17801855781;10102733308;20293812692


THREAD; REPETITION; AVERAGE; MIN; MAX (nanoseconds)
14;1;16347032717;4075621064;17289329230
14;2;15359147589;7893801377;19123711743
14;3;15930403028;9421440365;19226094728
14;4;15347214290;11579803438;19610666021
14;5;15946619689;7549910324;18906875944
14;6;15676099077;6030118004;19112912185
14;7;15054613263;4731343648;19076741876
14;8;18438272545;9850308629;26838693954
14;9;15323662819;8854295797;19840693301
14;10;17568989981;5592580831;35761003004
14;11;15982689129;7619538377;22129205248
14;12;16301659483;8850159447;19650849898
14;13;17162435460;9929585255;22209685309
14;14;16536908666;8459417189;20074067514
14;15;16707586714;5031671414;19278326645
14;16;16637072701;4964104935;19310482128
14;17;16374679977;8395324476;19281962931
14;18;16543685481;9490304355;19189144151
14;19;27078038329;6105737112;36683260093
14;20;20476504103;8478505928;22822274898
14;21;15835004306;4863901068;18400085206
14;22;15938763573;7752896807;19127981000
14;23;15954058756;4923172289;19105048198
14;24;27391371739;6287964323;36994114126
14;25;15137328835;7222002378;15797845048


THREAD; REPETITION; AVERAGE; MIN; MAX (nanoseconds)
15;1;25720693581;5889950538;30800306045
15;2;15478950697;7416394612;18396164037
15;3;15553148791;9068456186;19164321583
15;4;15105168466;8500958851;16206478197
15;5;31994017389;6097835688;39017435805
15;6;27606524665;6064194681;32361157353
15;7;16089573312;9586475097;19274222143
15;8;16378294944;7765534307;19148527397
15;9;17447755588;5298680768;19336915796
15;10;18332170783;8815183145;20610871424
15;11;14644330832;7561412694;15520010783
15;12;14178253693;10999355016;16659172115
15;13;14929871590;6136295815;16183081020
15;14;14509015601;4673851984;18209931081
15;15;20481119673;9215961316;23037054430
15;16;15623843387;9713717875;18772920441
15;17;16069841957;9473048530;19053287359
15;18;15452498114;9347282685;18889011662
15;19;14902943011;8738878824;15584318328
15;20;20885934447;4254192851;23814280656
15;21;16078550245;9034804423;18608433474
15;22;17153964649;7998683283;20707611023
15;23;16999692403;9106699665;19300523530
15;24;16164722350;7824487191;19416616777
15;25;15055798026;7132026416;19487156399


THREAD; REPETITION; AVERAGE; MIN; MAX (nanoseconds)
16;1;16374652859;8722312263;19190544608
16;2;15930069271;8581355242;18188408234
16;3;14715298283;8368356872;18318571564
16;4;26760047436;6602848756;32334782982
16;5;27312618496;4570055482;33059314102
16;6;36828327739;6149227905;45558888421
16;7;23988957306;4709444705;29736981586
16;8;13559290798;4567475615;15061563131
16;9;14380621830;6034560398;15902791067
16;10;16063050167;9081780785;17711155887
16;11;21220673476;7642076786;23104941131
16;12;16704423354;5317137304;19458776395
16;13;16508557326;9310464179;19394756876
16;14;16108231613;8179374893;18944047009
16;15;15083790531;8691749231;17532011890
16;16;14599456443;11559176376;18414711297
16;17;13447386441;7020880377;14372677882
16;18;22179031652;4863373138;25605271620
16;19;15095129621;9123403533;16293039618
16;20;16309702578;8216644154;19780796162
16;21;15870827104;10049558603;18384272233
16;22;16087705545;9350693873;20247447162
16;23;18391784433;9114601716;20263673246
16;24;12696597535;8895600768;15166327983
16;25;35624998125;6149398666;44422762461


THREAD; REPETITION; AVERAGE; MIN; MAX (nanoseconds)
17;1;15075840590;8187600798;16160325893
17;2;12837138646;5995306457;14400222794
17;3;15056599331;8212972528;16488381554
17;4;14231697824;8093171059;17716131240
17;5;19098650534;7580886607;21566131520
17;6;16422048705;8471162536;19170904612
17;7;18907309024;4624359661;21339028354
17;8;15476950606;4552382355;16466299768
17;9;38375778765;6086040614;49886258310
17;10;14819359596;7329880683;15938132291
17;11;21404343532;8789495243;23639736475
17;12;13648143315;6857112426;16149136343
17;13;16105019516;6013190922;19782081871
17;14;16407554201;4923943266;18903854052
17;15;13620769707;7206263366;14718369793
17;16;13997156660;6184394386;14643010075
17;17;27449655882;5851699658;32830660042
17;18;15669927975;5757828649;16911376236
17;19;28437352280;5934651052;32633311566
17;20;16421440798;8690892698;17095940405
17;21;18294867098;8739581916;20375234632
17;22;17195149148;9200080038;20119319774
17;23;14690535947;4585721789;15698401543
17;24;16735614849;9898676019;19363660954
17;25;15315637027;8625018054;18000860305


THREAD; REPETITION; AVERAGE; MIN; MAX (nanoseconds)
18;1;18996461017;7582815275;21328028283
18;2;16556552984;5998729448;17698056108
18;3;14817240787;8339891662;17898893225
18;4;14374916231;8786837922;17412275024
18;5;29773739498;6549672794;35826038225
18;6;13967060762;7174634416;15149759816
18;7;15938557295;9275591451;18960335951
18;8;16737748477;9586117579;20635261883
18;9;17643973555;9655470109;50497807333
18;10;14231461880;8004755353;17797257473
18;11;40836201279;6656745340;52433644359
18;12;14874781128;4683205407;19167957870
18;13;14727193573;8790917840;18694365554
18;14;15126552143;7515426192;17302906585
18;15;15823769612;9918506402;18837354818
18;16;15644231112;7737563363;16514055627
18;17;22954641833;5966933996;26332539192
18;18;15082154852;5912896402;15859966769
18;19;15243502127;9279355197;17914300770
18;20;23989256604;3887525998;32159116801
18;21;14735270129;8900090375;15463975031
18;22;17342780984;8290022754;20679659915
18;23;15307548455;4616639755;16652215505
18;24;18670528904;5981194118;21024257762
18;25;17118954785;6078792277;21090381040


THREAD; REPETITION; AVERAGE; MIN; MAX (nanoseconds)
19;1;30250952293;5878205819;35115659672
19;2;21385947613;3857182826;28026844683
19;3;17617913119;7537467192;20282960544
19;4;13170711037;4762658243;14338268900
19;5;14332470017;4576438486;16994817358
19;6;20727548972;9080244277;22588723218
19;7;15033424238;5418284307;17882803610
19;8;15239572291;9713410154;17500863378
19;9;24378110457;6194723422;28825912022
19;10;13547798197;5967295634;14423608936
19;11;28024091129;5907691271;34852803917
19;12;27208117076;6552834508;32946789467
19;13;23522990875;5933879306;27728214969
19;14;18755272904;7978258759;21567563964
19;15;24145540244;5684274957;28734169706
19;16;17792694613;9256797652;20130653198
19;17;18079672540;9056271048;20047673517
19;18;15186711056;9051702731;17326196975
19;19;15904857328;8568577361;19333091706
19;20;24824833679;6146390184;31420486612
19;21;20084684831;6020752917;23795695123
19;22;38498643144;5992170234;48694683402
19;23;14956478126;4575549826;15821338397
19;24;13678667912;6107510661;15029409324
19;25;13782251403;6734502989;14704384636


THREAD; REPETITION; AVERAGE; MIN; MAX (nanoseconds)
20;1;16423838751;8942130075;19053887645
20;2;31113938341;6283643661;37114151729
20;3;13002776876;5859939043;14202501854
20;4;36180371641;6087547719;45038340696
20;5;26140805076;5776000372;32187375980
20;6;21870159527;5980835134;25151178851
20;7;31618253973;5823825235;39329376638
20;8;15157965306;7091996399;20786086779
20;9;16033682193;8721919406;20134603141
20;10;16306745159;4556099798;18335536849
20;11;23634965453;5774098035;29030478454
20;12;18693056447;8749626000;20616303957
20;13;13765053117;5786728830;15059525303
20;14;16269488688;9377971851;22919030771
20;15;14264827202;6010528712;16004654991
20;16;16521136774;8011941811;19812333551
20;17;16516505386;7230472448;20092206481
20;18;13953663308;9113009824;16638437707
20;19;39018256408;6053873188;47881585578
20;20;33061691946;6279725286;38605931899
20;21;14067353225;5485074989;16563365875
20;22;14763116021;9317842072;18922138918
20;23;16330384995;5901863505;17995148057
20;24;33286661461;5835619192;41492536691
20;25;30019920936;4636230372;37306538122


THREAD; REPETITION; AVERAGE; MIN; MAX (nanoseconds)
21;1;13149989172;5612554458;14613700834
21;2;23333669313;6003196495;28669354135
21;3;23290686145;5902452896;26904348178
21;4;16985340683;6647633847;20988477516
21;5;20672878596;6709144808;24660809823
21;6;13633598238;2707403315;14614078954
21;7;25783772935;5744409973;32063471125
21;8;19299060319;5836785192;21772330282
21;9;14694882897;5744215466;15804988902
21;10;16170192470;8790124514;17498989187
21;11;13899348478;5968490339;15004202141
21;12;13481125787;5671458244;14735194208
21;13;15307545667;5709598776;17204586057
21;14;13092542893;5719614714;14367617672
21;15;13484222409;5672202124;14587557567
21;16;15579925505;5967275660;17116153660
21;17;13119091042;5654703671;14554363194
21;18;13238790167;6695117047;13912420922
21;19;16732093003;5756091906;19390698119
21;20;15358090178;5699219315;17315593881
21;21;24924596504;7028438531;28240995923
21;22;15373154046;7292508475;17942394983
21;23;19109534041;4055559575;24110343005
21;24;12855487162;7097721499;13388570963
21;25;30278689785;8857142807;36899871911


THREAD; REPETITION; AVERAGE; MIN; MAX (nanoseconds)
22;1;12251048020;5537856627;13794625155
22;2;12365480550;5549345029;14704804801
22;3;16469998016;5770082650;18168019818
22;4;30625955587;5806363588;39454660927
22;5;36377546855;6050784597;50101863365
22;6;12753413458;5503101022;14119678827
22;7;13299787623;5393283364;16192850348
22;8;26844075234;5687242303;32839162729
22;9;18573807248;5967059501;21206167544
22;10;12808000794;6683777198;13655129213
22;11;15084669267;7399413473;18101636730
22;12;24885699223;5790262380;30401235074
22;13;22292468474;7818092593;54120574961
22;14;16415815377;8556919245;19669569177
22;15;33000365438;6166266104;40521254028
22;16;13679534033;8781767235;17577525146
22;17;16547473147;5885199375;17844727193
22;18;15453405464;6083643941;18256030795
22;19;25999330986;5842092291;32648785600
22;20;21618415424;5729525610;24233214975
22;21;23264066679;8257575474;28686583420
22;22;26917263611;3136768710;34054592832
22;23;34036933822;4584955490;46739270564
22;24;19809046400;5778944461;22483497484
22;25;12433957906;5597838762;13665897830


THREAD; REPETITION; AVERAGE; MIN; MAX (nanoseconds)
23;1;17824002691;5913687703;19714274091
23;2;22873628889;5722357940;28060236147
23;3;20699145604;8600710704;23384659433
23;4;19246571446;6685339687;23863908192
23;5;23130315270;5809157309;26694704495
23;6;23976521120;5690745122;31713562198
23;7;31661336522;3903087124;40864900009
23;8;16781717932;5629634772;21360962427
23;9;24707298726;8868903171;30116780904
23;10;13120024056;5613320548;13901788216
23;11;13633453999;8733342506;14985174582
23;12;15302849240;7791389827;23096560457
23;13;13416386760;8443950628;15507138267
23;14;37314638864;6291571764;49440744634
23;15;20533784246;8418549773;24242817313
23;16;39054116015;6746141689;47209752567
23;17;34266562688;5843257034;43298461956
23;18;26022215571;5737917389;32488500704
23;19;17740873884;5750133118;21540792475
23;20;28026715120;6178654410;34011422821
23;21;13232778941;8667220694;13915250262
23;22;26411290155;5825248251;32723480288
23;23;14381509862;8382717845;18459596332
23;24;22817113116;5710388192;28673980142
23;25;19770856535;7333243471;22986846233


THREAD; REPETITION; AVERAGE; MIN; MAX (nanoseconds)
24;1;31441353053;6122660771;39446206710
24;2;14697217388;7168452904;17653584045
24;3;14039588017;5636130640;16170445405
24;4;12719165867;6397462667;13652073379
24;5;13137458033;5727539883;13952925512
24;6;13709363234;8783398449;17845196387
24;7;13521617501;5592304050;15604654502
24;8;14214133262;5865835951;15746271034
24;9;45032079290;7965859348;52869297146
24;10;13713826735;6884959331;14608278217
24;11;14977244895;9088558113;20491831503
24;12;14747442428;7224731845;17793290698
24;13;12793336837;6612160134;13393873802
24;14;13085553143;5687647802;16113498782
24;15;12553408758;6068570936;14373704480
24;16;12881120325;5622143317;13748696202
24;17;34364685096;5948825479;44047530552
24;18;19841366404;5740496208;24334134925
24;19;26079033648;5723840949;30646075479
24;20;35429517172;5967680529;43726372276
24;21;24753865464;5285399332;58867948230
24;22;29540304977;5817951164;36689866310
24;23;12006987725;5553991360;13659931081
24;24;32129892874;6374888359;39278686537
24;25;27056090810;8745872101;31038497560


THREAD; REPETITION; AVERAGE; MIN; MAX (nanoseconds)
25;1;14112941319;5590241148;16707584763
25;2;21279906210;5683149534;26095240736
25;3;16830636955;7330859230;20122048123
25;4;28016105986;5933046309;34645609149
25;5;17223909783;5701860501;19847225904
25;6;13882735243;7091775211;16856195620
25;7;14894374793;11504901949;17784412963
25;8;32054095522;5930605356;40992848603
25;9;15733022664;5682302500;18958580211
25;10;14641786865;5439186615;17189482113
25;11;14914718129;5493104501;17006241785
25;12;27479181648;5827998531;33720880447
25;13;13509067478;5599784819;15506859880
25;14;34724355974;5927060981;46302046070
25;15;14416260330;5480279827;17646239606
25;16;33192697799;5991838278;40736190423
25;17;25714525772;5737493313;30247981797
25;18;13257709412;6791894571;13813087836
25;19;14156220946;5699031790;15363685748
25;20;12469880182;8031659681;16679666270
25;21;13279785417;5433893903;15380342404
25;22;13002528505;6426766111;19939860653
25;23;12940410892;5583076341;13768561577
25;24;16255990390;8785560315;26171776720
25;25;25689258298;8816943075;33341138189


THREAD; REPETITION; AVERAGE; MIN; MAX (nanoseconds)
26;1;13933120976;5947642368;14715673221
26;2;14166201409;5899028508;15823403882
26;3;21265540047;5650609715;26868574986
26;4;18562476374;8317219577;22191410430
26;5;14212707563;7959579918;15968268453
26;6;20104519341;3531396030;24741540406
26;7;32973265606;5995524012;41368661450
26;8;15084886041;5601523517;18616639405
26;9;28760856349;6254604007;36636060728
26;10;13364124360;6094193396;14603263753
26;11;15646960563;5774186105;17350185429
26;12;21313141581;5615984434;27248406082
26;13;39904618377;6887079433;50586637478
26;14;13562420813;8643900551;14407108026
26;15;18618537740;5587415439;22205522001
26;16;28193614217;6295822025;36580157045
26;17;14916547701;8887595909;16266317158
26;18;14265035283;8907739741;17409355240
26;19;29422929001;4975570778;37483902423
26;20;16609755059;5604690051;19931174982
26;21;21356729912;5633774264;25608197970
26;22;13778539699;8923864625;14452648871
26;23;15683585348;7528051680;20541980126
26;24;28222776588;5974122689;35216783278
26;25;13557363139;6065365710;14668432371


THREAD; REPETITION; AVERAGE; MIN; MAX (nanoseconds)
27;1;15217397702;8183773985;19252123036
27;2;15580803686;5562631493;18059293779
27;3;13963201416;8440372590;16580026162
27;4;12502635170;7966641850;13492908666
27;5;23695537641;5997961892;27884226068
27;6;14519274727;5534610963;16755366604
27;7;14729156240;9130796372;22435675553
27;8;39787311969;6607429855;52043883091
27;9;14909321873;9017377628;17514800694
27;10;17046373823;5592456653;20114381786
27;11;21617825878;5929408556;25589865681
27;12;13728068291;5956512979;15017260714
27;13;16160162129;5624873133;19501973924
27;14;25568693904;8571374015;35184921268
27;15;13334529692;8442789517;13920898886
27;16;13346321957;8152297150;14877872327
27;17;14669405463;8913715361;23506061385
27;18;40095686617;6617294726;53261175513
27;19;13676175476;6818884663;17221011050
27;20;13982163107;9006389708;17709744604
27;21;13065054569;5609970611;14155424572
27;22;14016186661;5909247125;16262813779
27;23;14922017416;7200440140;20420295806
27;24;12066201057;8244225313;13668808326
27;25;24589898767;6697827028;29485153700


THREAD; REPETITION; AVERAGE; MIN; MAX (nanoseconds)
28;1;15211012926;7199605816;19922600009
28;2;36659182226;6541084132;47903601645
28;3;11971975198;5683410392;58666217633
28;4;14035857377;5905466826;15337207802
28;5;13653391027;6894639612;14778340054
28;6;13899769315;5451972527;17541104526
28;7;10686205661;7824321317;12532267718
28;8;15809621616;8302679810;18205000426
28;9;15921326831;7696754266;26195636107
28;10;37056729964;6598664285;50556540287
28;11;14587817452;5950490495;18559277925
28;12;34502039280;6653734204;45996165993
28;13;13763991544;6999537232;17514683501
28;14;24649936062;5620920466;29844285377
28;15;15749960690;5574009336;18352680229
28;16;17817561503;5680185471;21574946188
28;17;22083806056;9449011258;27578751210
28;18;18944294146;7412733392;22232200042
28;19;12927306490;8638718748;16070805577
28;20;12772430836;2864315716;14164900428
28;21;17118938636;6010153386;20246475459
28;22;14833314119;8990081002;19000080457
28;23;33282382215;6173897590;43797703968
28;24;12809912942;8600792629;14107250293
28;25;16789873348;6640029459;19771467184


THREAD; REPETITION; AVERAGE; MIN; MAX (nanoseconds)
29;1;13629658549;7296128768;16895305130
29;2;13984467482;5576775191;16830297915
29;3;39125627909;6582274563;51739255268
29;4;14945841026;8489310234;17385247497
29;5;41315985275;6808003252;52419278987
29;6;13980119131;6889555726;18154253823
29;7;12931112606;5595200438;13704188940
29;8;34388557382;5853415029;46000780127
29;9;13877418085;8138555808;14567549926
29;10;13627337855;6922102390;17648885892
29;11;15078604946;7587504906;25510367170
29;12;29106127313;6167102802;38883528004
29;13;16658781969;6300296406;19992372005
29;14;16380187673;5593886513;19431075039
29;15;39900514134;6830495426;50081997084
29;16;13421629587;8854104572;14284457243
29;17;19004226009;5477701845;24313351627
29;18;18854999011;5544096666;22202444934
29;19;24613835244;6103534039;32510894123
29;20;13684234741;6676994772;14612148821
29;21;33646235492;5794407878;43958796998
29;22;16536942618;5607233880;20161872458
29;23;25324143703;5922801781;34093455104
29;24;18990431779;6121323800;21899528082
29;25;14508200620;8550906889;16578988810


THREAD; REPETITION; AVERAGE; MIN; MAX (nanoseconds)
30;1;14416239050;5878576187;16112427627
30;2;14637045415;7543103872;21070735108
30;3;14617692596;8774266072;17223969317
30;4;15094746127;8693875549;21704271213
30;5;13475757982;8559797614;17002111512
30;6;32439330718;5918125419;42224515476
30;7;14478071047;5740538253;15871473609
30;8;15863368660;9154536330;18300058667
30;9;27050465221;5977476537;37569120866
30;10;29800083578;5804830712;40342808933
30;11;14330464968;5550469333;17143491980
30;12;17758751704;5751781372;21589726767
30;13;14592177398;8577861502;16713246097
30;14;13398465875;6903524331;17645738984
30;15;16836754829;8350594629;18441646564
30;16;15713775738;9012388934;20089644634
30;17;13536539704;8387250265;16538977719
30;18;32595606037;6173899896;42075153057
30;19;13134131705;5872845711;13940647694
30;20;19103111141;8278298219;22428643864
30;21;19249458228;5572273641;23343605891
30;22;16144978047;5709337220;20215599608
30;23;25451669990;6171429050;32529947661
30;24;21493135789;5582738868;25269966993
30;25;16106052011;5641431942;18707120737


THREAD; REPETITION; AVERAGE; MIN; MAX (nanoseconds)
31;1;12438136821;5609140337;15914782396
31;2;25891799779;5777798086;31760461595
31;3;13145548878;5971908720;13820680282
31;4;38824618456;6018593564;50330877738
31;5;13062297398;5383590302;15231338061
31;6;24708726300;5572524580;28940120044
31;7;22633751641;5615816606;30192325281
31;8;30953503000;5776674550;39183168531
31;9;19611403304;8119391082;26996281441
31;10;12558118311;5276383171;16000877905
31;11;13119410592;5901988940;15379608861
31;12;12718455797;5285336265;15889329789
31;13;14253933418;5484663064;15661580312
31;14;19475187322;5679574918;23075974042
31;15;28399020177;5810154992;38714862922
31;16;35558812125;5960843138;47437904469
31;17;31823160296;5727862829;44299702965
31;18;23642175353;5658757887;31936144607
31;19;17186840211;5616710365;23331317807
31;20;10525021159;5356407169;12847254819
31;21;12684285662;6782185305;16308538934
31;22;20791949087;5622608041;26317391666
31;23;27462378721;5806819582;34710266249
31;24;13346440094;5979805534;14047968247
31;25;12965058635;5897203555;14444069847


THREAD; REPETITION; AVERAGE; MIN; MAX (nanoseconds)
32;1;12820533025;6460212192;14853278280
32;2;14844936808;9162144002;21524712498
32;3;23246992184;5676471032;27463444656
32;4;34301325111;5947086431;48017039177
32;5;13464478817;5856626331;14738897542
32;6;25028587415;5720743070;29726951121
32;7;13667188343;5703959442;15621181044
32;8;30747452948;5777080467;41822543717
32;9;12995343779;5416882802;16196609764
32;10;13438157267;5306156578;17090864342
32;11;20835476311;5520787978;24928414086
32;12;34488311167;6611905354;49352997378
32;13;27967301837;8408718846;33793413129
32;14;19088163093;5554456711;24692551497
32;15;13260896984;6783359337;13895698056
32;16;13987447986;8373698123;17469750415
32;17;14473698417;7525439686;22210901665
32;18;13453645684;6989645751;18007571074
32;19;10836592619;7801344444;12826957336
32;20;13033660107;7964481030;14945161466
32;21;13819555142;5523484619;16033515293
32;22;14115996285;6984283827;19705073969
32;23;13869705627;6663777519;15949349988
32;24;17811000033;8495029746;22220511755
32;25;30200792916;5986616874;42987716385


THREAD; REPETITION; AVERAGE; MIN; MAX (nanoseconds)
33;1;12695117325;7808080776;14197815225
33;2;18872156487;5738299211;23311376795
33;3;24489878034;5762380344;31871651145
33;4;13709293533;6999521238;14739146526
33;5;13243649460;6766078650;17118653558
33;6;16306974993;5705904800;20084584354
33;7;12649810961;8341504298;14835632322
33;8;15145548886;8674395349;18910710021
33;9;13324379269;5627354454;15926355515
33;10;34995412776;9372384409;44075141323
33;11;13792952545;6032589338;16693382120
33;12;35177722964;5824128975;44191486697
33;13;21799608474;5593624120;28667715310
33;14;23031035586;5577019286;28205167417
33;15;13746208918;8435369718;14818200707
33;16;14103642828;10620694390;19714633913
33;17;14336002808;7534403605;18292360971
33;18;26442948357;5661635627;37114191748
33;19;13423589180;5726552606;14413059062
33;20;30825695105;5711708262;38753631257
33;21;24219588099;5661109163;31169409381
33;22;15243837583;5527981420;18581620220
33;23;12058255358;2891401910;14551029531
33;24;13223040606;8616866738;13735182125
33;25;13062724827;6322011946;15011650015


THREAD; REPETITION; AVERAGE; MIN; MAX (nanoseconds)
34;1;38431971073;6713272776;54665042345
34;2;15485942285;9080625680;24899818692
34;3;29490585673;6660726223;37572638282
34;4;23245488869;5594696672;29043239923
34;5;33598757591;5923723616;47243654781
34;6;14262164394;5498630343;16239882722
34;7;34299353525;5924621984;46160566846
34;8;15851407671;5506848077;20402561778
34;9;29992186031;5705449366;41185901769
34;10;14081011107;8023714955;16401199105
34;11;15600946702;9322746047;23993735098
34;12;25645613458;5723776276;31592838336
34;13;13994976530;5745865047;15094825041
34;14;13567851097;5570817171;15705152541
34;15;28123862448;5827230277;35308234636
34;16;14824490670;5856497195;17701045314
34;17;27745701393;5655211835;35674808460
34;18;16528916741;5532488976;21777920308
34;19;35104195374;6873801558;45588945453
34;20;13752329831;5927516766;14456589455
34;21;12151817809;5392896234;14888760443
34;22;15830760427;8654890077;27644656584
34;23;15008308905;8236792804;19282952233
34;24;21633623526;5609531379;28036658710
34;25;12089208673;5907117245;13604217225


THREAD; REPETITION; AVERAGE; MIN; MAX (nanoseconds)
35;1;28650017631;4199121676;38706497334
35;2;23543904124;5971298866;31015240764
35;3;22546222044;4521236917;27540045732
35;4;29965205879;5825199921;39042661288
35;5;25114158206;5602378515;32870244961
35;6;15281038694;5517047069;18832291115
35;7;33844760142;6244610628;46813127297
35;8;13503623711;8334387052;17458552413
35;9;29771976933;5751249949;38246257555
35;10;27514787330;5795798768;39747341562
35;11;22435900857;5588159110;27876797819
35;12;21902696080;5583454950;27326478923
35;13;25333280969;5657351563;33287242722
35;14;16355543569;5627243197;23023586237
35;15;18541608634;3872611253;23567017595
35;16;23371033238;5719062618;28873001736
35;17;16423534553;5600714686;19989534075
35;18;27172274346;8496164317;38181573217
35;19;17787913272;5662292833;23521243482
35;20;36074759693;6047025949;48791545085
35;21;21231940649;8412885577;29202244559
35;22;12835132259;5609162407;15125730435
35;23;31253475764;3663289539;41685152652
35;24;16387933018;8498458882;19303791194
35;25;13652637457;7155671880;16881205432


THREAD; REPETITION; AVERAGE; MIN; MAX (nanoseconds)
36;1;23492576015;6394825250;31484430423
36;2;15595474317;4090146024;20513746301
36;3;22115777209;6999222178;26156429867
36;4;14395525121;5569684765;15789743739
36;5;20448143814;8361624871;25282736982
36;6;14916577343;6976891337;18229129261
36;7;31223439119;6121511183;42076463978
36;8;20782121888;7912789195;27564124351
36;9;27960034556;5762397036;35964091525
36;10;14851009050;6063867125;17074763692
36;11;14141437757;6993790412;22025975997
36;12;12265992455;6598297758;13100030940
36;13;27171063061;6555328470;38133288589
36;14;13622908263;5956892845;14601320978
36;15;13096893007;8438938958;13719750974
36;16;12643667058;5625832543;16348963626
36;17;13369342887;8350298223;16530534817
36;18;13142898646;8860784471;14592061980
36;19;14183212720;3983324068;16949692768
36;20;32634554232;5746575752;43113115564
36;21;22627579293;5588891744;31412749177
36;22;23323385962;5686350430;31901256166
36;23;32331574207;5756174877;41632492468
36;24;17619279182;5629611375;23658909792
36;25;19533802622;5650461162;24645994114


THREAD; REPETITION; AVERAGE; MIN; MAX (nanoseconds)
37;1;11583169861;5260931417;14764472858
37;2;12486570731;5850449918;13807115289
37;3;22339614402;4109886033;28384689395
37;4;21280511225;5599073276;31108240643
37;5;30712117044;5769639018;38985853998
37;6;15328840729;5559926261;18151323492
37;7;11539153982;8362909811;13716335945
37;8;29606459094;2940813846;41625351057
37;9;23337458133;5622008175;32008819697
37;10;16758261179;5535530424;20669358535
37;11;11079556854;5519380745;12993259269
37;12;37447422988;6576973959;55980038175
37;13;12832173127;6783216024;13789795980
37;14;17113503697;3664131684;23434757769
37;15;24819677212;4183458233;32313913989
37;16;15063077071;5958910979;19705053366
37;17;28552723402;8519693774;37267703926
37;18;18468350088;8308939334;22607724236
37;19;23663501122;6123600625;30255749195
37;20;12970505475;8425884714;16195589943
37;21;21744401197;5755028922;27939617395
37;22;21469340808;5824318174;28496173047
37;23;12067158152;5623034003;13625736651
37;24;16726154279;6141054799;23890175846
37;25;11679666860;5931342181;13243431497


THREAD; REPETITION; AVERAGE; MIN; MAX (nanoseconds)
38;1;13201740659;2184254213;19118127932
38;2;32465636699;6870536339;43324014993
38;3;12963514283;5951036026;15119197622
38;4;12753821699;3663535519;16640098462
38;5;19522928729;4540091198;27989935243
38;6;12617857351;8550562082;14731203267
38;7;17935800285;8654095423;20652316077
38;8;13331406279;5542912158;16033737389
38;9;14867353365;5561201913;19497525104
38;10;11631102741;5477123070;13904800191
38;11;19702728222;5786749853;24956293677
38;12;11553940101;3750885448;13383108817
38;13;12208930312;3359312566;13925254257
38;14;34161489189;6510749830;46708783798
38;15;14821964461;7471725247;17062632820
38;16;11024354837;7612670814;13340949269
38;17;12690030957;7849665111;15667922948
38;18;28001915213;5872206803;36899149542
38;19;21805563233;5576986181;29517838650
38;20;12246893743;5884835852;14264661081
38;21;20431344366;5811344808;27334366519
38;22;12317779903;5629579458;14133673763
38;23;18346866485;6661893132;24791576583
38;24;14426326066;3710913189;25212737862
38;25;14531938749;7179453324;26445103079


THREAD; REPETITION; AVERAGE; MIN; MAX (nanoseconds)
39;1;16966944605;7154450775;22046169136
39;2;35928998249;6525202435;45722048053
39;3;12359152503;4183417306;14654093746
39;4;13781114030;8681092360;16866161831
39;5;18735572089;8498411320;23692616659
39;6;13412354043;4318111031;16728573534
39;7;14768685001;7700765530;17219814809
39;8;15533386522;6332153249;19347677149
39;9;11077441825;4108871100;13472453971
39;10;12436637861;3033658467;17261654833
39;11;28063135318;6035170462;37100832019
39;12;16461330199;5940478678;19395403396
39;13;14202291047;8509949379;18645419599
39;14;15550251608;8644658399;21062078281
39;15;28738219186;4095611523;41838578786
39;16;14349748368;5683172931;16784092601
39;17;12504298440;5399895937;15661127462
39;18;20722949173;6017474847;27486300982
39;19;12902327277;2900499435;14718989076
39;20;20826315822;3809830439;26497593270
39;21;14791818666;5600138705;18494823225
39;22;11714243403;3878165870;13798526977
39;23;14169531679;5719260199;16922853464
39;24;24090689933;8768928243;31420767794
39;25;12370532127;6191346596;13759314731


THREAD; REPETITION; AVERAGE; MIN; MAX (nanoseconds)
40;1;10994307364;3391419301;58775247482
40;2;12541954891;2906561519;14010923037
40;3;22283173184;3150135702;30402255943
40;4;11796812065;2987498202;14030012753
40;5;38969052275;9340215377;58748522438
40;6;13440264112;4267838161;17239023046
40;7;16612249685;3911722929;20422154282
40;8;26557299924;3923204066;41416232441
40;9;12424007674;5428446143;14186993180
40;10;28523487924;3538892583;40377796759
40;11;26630280176;1544880565;34832782308
40;12;40003441111;4182949859;54817108180
40;13;10850132110;8302569670;13051449067
40;14;38050862377;4136294557;55882902995
40;15;14035880895;5677571241;16186405884
40;16;14967144559;5679126468;58904230915
40;17;12174464815;4209667849;13478465280
40;18;18884590226;5632159604;25257455487
40;19;13375206689;5653728616;15711442306
40;20;14784788400;7488510620;17606204700
40;21;11716899744;2829435655;13812104471
40;22;12137978348;6516867438;13193590736
40;23;29270970719;6892138317;38806532813
40;24;34097114491;7221022155;38754880019
40;25;16030793527;6936867884;19359828414


THREAD; REPETITION; AVERAGE; MIN; MAX (nanoseconds)
41;1;15996858189;5236850913;17624513591
41;2;13833660978;6991128690;19596949543
41;3;14427055495;2835808881;16428665375
41;4;13159855408;2873955698;14236027833
41;5;17916744987;5785899744;26447736933
41;6;16510815823;7688760652;22435756919
41;7;34204517732;6220362365;43349478984
41;8;15517700850;5939254360;20840212373
41;9;16619132596;6450731448;21929549985
41;10;16100870364;6978564524;20374891781
41;11;14175362227;4035672202;18784920290
41;12;14903516918;2172182009;18097570152
41;13;11994818715;5392416214;14394436863
41;14;13636419405;5929708734;27063809925
41;15;20491452629;1673471838;28303252648
41;16;14584576756;6841128063;17681086492
41;17;13264649306;8658741404;17402712915
41;18;11942642957;8456620953;13670089355
41;19;14932640508;8414060586;17501277327
41;20;14629203138;7058780445;20208916427
41;21;13111948248;8356980216;17060044852
41;22;40300202982;4429798340;54131910411
41;23;35007876594;6615811367;46146094266
41;24;13422489287;8959107302;14298355447
41;25;28621664644;4510165887;38790970640


THREAD; REPETITION; AVERAGE; MIN; MAX (nanoseconds)
42;1;40255182357;6312195055;55298109466
42;2;11669308520;5859192509;14525538162
42;3;12566919690;6780794207;14647818927
42;4;17896716808;4504115258;23694976527
42;5;19406917952;5492446735;24832389661
42;6;12043337779;8289934824;14190549358
42;7;11686684240;8629522118;14508372503
42;8;12377887355;5591287021;15235036436
42;9;26825596926;5731577896;42645763149
42;10;14122020266;4053465873;17608199017
42;11;39538224752;3267077799;54558293303
42;12;12872285485;4356331950;17359761087
42;13;11751054938;5283440493;15124272149
42;14;22013215110;3911945931;27952467422
42;15;36965290986;5249817994;58108859226
42;16;37614833443;6392143834;53753996737
42;17;16756286626;3449566286;24130903159
42;18;13953254171;2926084251;17676411317
42;19;20991578730;5725269902;32927761419
42;20;13024676695;3775306708;13772279857
42;21;13268438450;3703608140;15359811513
42;22;11013301977;5474730867;13346124578
42;23;13083015846;6502729327;17165990440
42;24;12275811627;6117474009;15274226473
42;25;13154682023;5566901171;15587392392


THREAD; REPETITION; AVERAGE; MIN; MAX (nanoseconds)
43;1;29845060131;5716059234;37536520214
43;2;13174372087;3855941746;15342799225
43;3;12726541597;4061480929;13752642096
43;4;12754157958;6213457856;14733980017
43;5;11083853360;3576588784;13351070667
43;6;12285725574;2895264203;14408142934
43;7;21435415874;3092608139;29199586190
43;8;12532385412;4139017180;13472312613
43;9;14246850845;8202380540;18832544919
43;10;11776553797;3993488558;13184001877
43;11;39299683645;6616714555;56112770128
43;12;16165655895;3636076862;18764554992
43;13;14583655111;5786990595;16988745428
43;14;19289110354;5686442551;22785563459
43;15;11604717939;3457210414;14130778074
43;16;10463277944;2682383515;13164921450
43;17;37021113404;3002298755;54106339213
43;18;16321260784;7015242650;21895644628
43;19;34357487646;5986013167;50522452156
43;20;13020734461;5872750797;17276361590
43;21;11305683075;8027494277;12874380753
43;22;11896448081;3012453747;13899590800
43;23;17610744457;4373810219;22238967383
43;24;12421485043;5644340622;16715651151
43;25;14816339236;7889709795;17203319137


THREAD; REPETITION; AVERAGE; MIN; MAX (nanoseconds)
44;1;13811288830;4241698526;17645106152
44;2;12794607896;5622441539;14449694445
44;3;37828606435;8769672682;51881907058
44;4;13269445946;8447948692;15544539041
44;5;20104279421;6270035997;27587001420
44;6;13298582888;5865218205;17079728010
44;7;14280608128;4942527123;19633389020
44;8;13573421003;5578307299;15329260004
44;9;35176845642;5767335793;46675098022
44;10;17954189045;6640145954;20597483549
44;11;12742392339;3568100485;21694586184
44;12;12256104922;7361728655;14325832193
44;13;13478503778;2852537054;15977104423
44;14;14210110377;8384881948;22171917101
44;15;13992143783;6055001474;16228517172
44;16;14625860188;4537526627;20924821660
44;17;14551339989;5061395722;27622509006
44;18;26192132204;4587187967;35099288596
44;19;13392487339;8639884399;16726030334
44;20;12211509026;4016063773;15196129396
44;21;12577556275;4002308254;16604892870
44;22;13683752846;2821176994;17452250566
44;23;13634793566;3867243463;16286965243
44;24;14685928433;7329716556;17400445517
44;25;15967410137;3045408354;19488081865


THREAD; REPETITION; AVERAGE; MIN; MAX (nanoseconds)
45;1;14145912148;8561302623;23765891196
45;2;12681620422;3120634257;17911623195
45;3;16147070651;7389624589;27930601795
45;4;15192916298;5296760342;19688185580
45;5;22784432473;3892412233;31045209377
45;6;24219121743;6381218772;31788089827
45;7;14202860655;2756947251;16590369726
45;8;12831608598;2949882108;16318939907
45;9;40400687744;6847633987;54288038633
45;10;14465834965;7734380487;16513383335
45;11;12940194735;6261943977;17673249394
45;12;16628074002;6547851403;19714800555
45;13;13265821389;6214059469;15744367231
45;14;14296441572;6050307302;18464069666
45;15;12449696411;4279769216;17916046871
45;16;12313167919;2795930977;15011964230
45;17;12353682883;2939077383;16346624291
45;18;24988813221;3911038973;37559240001
45;19;12504002174;3629082398;13801716139
45;20;14663892648;5224523928;17173551946
45;21;31670524198;6206172013;48735387319
45;22;11908673507;6446991447;13885122829
45;23;12216376843;3953787003;14524597051
45;24;13471848174;3767498802;16248287772
45;25;16307475468;7453671067;24396082673


THREAD; REPETITION; AVERAGE; MIN; MAX (nanoseconds)
46;1;13516873778;4255810236;17575031464
46;2;15752132768;5178837743;20127092480
46;3;20270667398;3117610548;27157634700
46;4;13009045732;3394963046;13910342236
46;5;15392215775;5679529312;19413173113
46;6;14162291955;3757324255;21747769898
46;7;15340530491;3086729599;22993974793
46;8;16345349391;7456484344;21131728125
46;9;13755561337;7106312185;19308462039
46;10;13422702980;3879664384;16193646888
46;11;34535649447;4178338588;48729769635
46;12;11207777501;3528467445;18111172928
46;13;23281348437;8727807305;33094416749
46;14;19363644251;7019831710;25221144168
46;15;14553912008;8848040463;26890389002
46;16;14523109123;6031372213;18010174967
46;17;22118106962;3658509950;30344767631
46;18;13909932996;5482109807;16630818023
46;19;16402896275;5774269914;19543495053
46;20;20684922483;6142455535;26801582604
46;21;27620513408;4100664330;39048937784
46;22;17154300439;4354121683;21739511516
46;23;29311433198;4041781707;48739808132
46;24;11709309682;3802541384;13488351661
46;25;22089104072;4671602187;28388825744


THREAD; REPETITION; AVERAGE; MIN; MAX (nanoseconds)
47;1;12221420385;5610836573;16231182664
47;2;17286804030;3851753155;23407674300
47;3;14243818078;4053790845;18849952787
47;4;12087072624;3893033612;14254288464
47;5;12564262248;4019178555;16861048541
47;6;13338682420;2956174528;16258079100
47;7;33186567977;3039046233;43480246791
47;8;10746130346;2802646565;13203964540
47;9;14995427120;3352956871;56756346757
47;10;13874176082;3723333832;18301288852
47;11;35605139460;4196365948;49925018683
47;12;13977136489;4032240829;18073014447
47;13;20342609005;5660368497;25807686243
47;14;30671221936;5886446113;53797308247
47;15;27522964577;3997647886;55529200848
47;16;32469740839;5782140398;51997024203
47;17;14293621435;3979918119;16185038113
47;18;32133041924;5763396675;48193802704
47;19;15894362623;5624902396;22081055972
47;20;26016850582;5635498227;31302075404
47;21;15005144541;5658656756;17331720442
47;22;13535717888;6740587491;15926027819
47;23;31252187005;3974211038;50511116566
47;24;12695769117;3954096191;13834666347
47;25;12138579400;3024034200;14014135455


THREAD; REPETITION; AVERAGE; MIN; MAX (nanoseconds)
48;1;11974902482;8254775468;14726659953
48;2;29810994364;8867015361;42277062587
48;3;20257804264;6018392841;26435692176
48;4;14197837868;4017003209;16625433680
48;5;15087671484;3785623173;19260311227
48;6;30122180744;6751728711;42660098979
48;7;21301165172;8591777935;27364900008
48;8;13135846666;8353181060;15528390131
48;9;20904676368;4956327690;26074084277
48;10;27717774261;5919474193;36030126874
48;11;15090151267;6987683491;18941872082
48;12;31356158249;6654826172;45842758297
48;13;20429183560;7534742683;22935111795
48;14;29828380062;4397999956;40411525697
48;15;16150000088;7057340178;21921497425
48;16;24205854613;3930855109;33142794545
48;17;12884437758;5786844836;14864667647
48;18;11723849464;5714270878;14197825352
48;19;21944296834;8451314063;29596222425
48;20;27809423106;4023183883;36812284522
48;21;25272761360;4220358873;30974578334
48;22;14018044181;4111167969;18326428289
48;23;14780623307;9134924061;19215286370
48;24;13320409166;4498244610;19189905631
48;25;29376810425;6829216563;37770438841


THREAD; REPETITION; AVERAGE; MIN; MAX (nanoseconds)
49;1;13914946430;3625236378;18634755674
49;2;16282892436;3846985581;20444707777
49;3;12707431353;3208862929;14222363108
49;4;14975538795;4543396437;20681668830
49;5;14073681845;8502894641;18137849014
49;6;12813572728;5598595003;15687627338
49;7;16144799670;9483431903;26088167421
49;8;11172982746;3156847588;14143416761
49;9;13016115076;5838356411;14043650310
49;10;14204022055;8353918585;16924020441
49;11;12226942205;4268062631;17831478931
49;12;15133764107;5826019578;22167697780
49;13;37828844148;2705532617;59454160585
49;14;13357340777;8306615436;17344019701
49;15;19837094243;3929367559;29425351267
49;16;13205717509;8192377942;15867120542
49;17;36517964077;5946276971;55300108813
49;18;32548150394;6324780593;45165339659
49;19;37129166813;6342574894;55499048552
49;20;14224370670;3906391315;15832471515
49;21;13096447729;3944668386;14087083624
49;22;14827119730;8578504112;36911017043
49;23;17594665616;8202938572;25614791894
49;24;20884920984;5679193724;27980482436
49;25;39358879352;4313774097;55310205208


THREAD; REPETITION; AVERAGE; MIN; MAX (nanoseconds)
50;1;33078829883;4498288051;59384092950
50;2;23005027138;5545508438;31159966979
50;3;26287494368;5821534302;39848560152
50;4;14498724949;8129607046;17291348691
50;5;12442333346;7402445213;13952975868
50;6;12950890016;5883455998;16018319227
50;7;28063768004;6790387745;40372288168
50;8;12366023656;3777402575;14490862525
50;9;18060620529;4334869306;24082693331
50;10;16366190155;3059456021;23799080540
50;11;32486501392;4036448487;56011007544
50;12;16497955974;6821956142;21324111584
50;13;27081990306;5768558364;41978620537
50;14;34569362466;5936066735;48469530834
50;15;10282314144;2672733756;12564354757
50;16;18277013639;3877232512;24427668181
50;17;31056442754;2953355105;45782754303
50;18;12786388797;3282431845;14719104732
50;19;20657427966;8363736453;29293468514
50;20;14050173683;5767356815;19916411094
50;21;12625978357;3145920012;16703014839
50;22;27604340894;3594111123;37137313681
50;23;18382701540;6239316659;23756055938
50;24;14410356462;3549453772;58556455360
50;25;13616802410;5465236992;17139193320


