THREAD; AVERAGE-REPETITIONS; MIN-REPETITIONS; MAX-REPETITIONS (nanoseconds)
1;0;0;0
2;0;0;0
3;26341961738;24576930453;28049348431
4;19265296047;17155574364;21430530760
5;26890456475;20637526585;33641950205
6;24741274103;17812088033;30458498583
7;25464475730;19001708767;30247673509
8;23098696643;17800662869;28125588104
9;21189824119;14179090510;26216475666
10;24317788103;17968603777;32416968553
11;22255429430;17091025124;29048545999
12;23157326383;18963721478;27837319589
13;28151711663;20740998059;35674102957
14;31373523197;20469198479;42783555980
15;33990879430;16948579492;50348942943
16;35847396760;18279042110;55198855438
17;36164639871;17689700931;58715585103
18;36375726986;16227447717;58001230812
19;36105302266;16457822161;57633076080
20;35222759854;15552405300;56952753679
21;35453584641;15379744836;56982554760
22;35279102555;15062489405;56687320360
23;33600081113;15315503523;56795039263
24;34960898036;14673526409;56586496884
25;35095955379;14261861306;56539121508
26;33338132748;14356914487;56335031876
27;34320810621;14485104081;55582710651
28;35089926021;14966061996;58095970797
29;32713183154;13566602816;57642077297
30;34242261385;13950411761;57872826465
31;34026295351;14689875383;57031086607
32;33121187416;13959512717;55911102425
33;33663602168;12457738014;57536666216
34;33981786763;14122519004;58562042695
35;34301808110;13634906246;57962754512
36;33746350478;14377177870;57872939412
37;34712285794;12555790330;58340980202
38;34600079810;11610490056;57497544327
39;34887021233;9430989743;58328009540
40;34487049892;10466010252;57184804479
41;34783456116;9933466328;59059784458
42;35702025370;11937743266;57941675819
43;35457281667;12695333124;58398142903
44;34929111832;11438915538;58474219787
45;34861476292;11430917904;58072823034
46;34186612183;10153368271;57992939546
47;35244654085;10879776918;58312928282
48;34598961347;12284741555;59133183566
49;34262571940;11445656936;58218387837
50;34724630605;11824476197;58068651756
THREAD; REPETITION; AVERAGE; MIN; MAX (nanoseconds)
1;1;0;0;0
1;2;0;0;0
1;3;0;0;0
1;4;0;0;0
1;5;0;0;0
1;6;0;0;0
1;7;0;0;0
1;8;0;0;0
1;9;0;0;0
1;10;0;0;0
1;11;0;0;0
1;12;0;0;0
1;13;0;0;0
1;14;0;0;0
1;15;0;0;0
1;16;0;0;0
1;17;0;0;0
1;18;0;0;0
1;19;0;0;0
1;20;0;0;0
1;21;0;0;0
1;22;0;0;0
1;23;0;0;0
1;24;0;0;0
1;25;0;0;0


THREAD; REPETITION; AVERAGE; MIN; MAX (nanoseconds)
2;1;0;0;0
2;2;0;0;0
2;3;0;0;0
2;4;0;0;0
2;5;0;0;0
2;6;0;0;0
2;7;0;0;0
2;8;0;0;0
2;9;0;0;0
2;10;0;0;0
2;11;0;0;0
2;12;0;0;0
2;13;0;0;0
2;14;0;0;0
2;15;0;0;0
2;16;0;0;0
2;17;0;0;0
2;18;0;0;0
2;19;0;0;0
2;20;0;0;0
2;21;0;0;0
2;22;0;0;0
2;23;0;0;0
2;24;0;0;0
2;25;0;0;0


THREAD; REPETITION; AVERAGE; MIN; MAX (nanoseconds)
3;1;44163203354;44163203354;44163203354
3;2;41279376708;41279376708;41279376708
3;3;22277478772;22277478772;22277478772
3;4;31337245818;29215700877;32402210057
3;5;16448252432;16448252432;16448252432
3;6;31893978285;31890409955;31896187504
3;7;0;0;0
3;8;33973020488;33970012110;33976028867
3;9;0;0;0
3;10;0;0;0
3;11;0;0;0
3;12;33693008562;32921455171;34081386950
3;13;56243365916;56229157756;56257574077
3;14;30970974034;30531699909;31410248160
3;15;30443613678;28983420379;31903806978
3;16;34740287383;34740287383;34740287383
3;17;0;0;0
3;18;45086727503;32438752063;57734702944
3;19;32161871062;32161871062;32161871062
3;20;33865737824;33865737824;33865737824
3;21;32218899540;32218899540;32218899540
3;22;46009021084;32797156273;59220885895
3;23;32045563123;32045563123;32045563123
3;24;0;0;0
3;25;29697417898;16244826647;43150009149


THREAD; REPETITION; AVERAGE; MIN; MAX (nanoseconds)
4;1;21461912093;17319132808;25604691378
4;2;21727471578;21727471578;21727471578
4;3;30045696450;30045696450;30045696450
4;4;25346722977;20887588786;29806607194
4;5;0;0;0
4;6;29912050484;29912050484;29912050484
4;7;0;0;0
4;8;0;0;0
4;9;18392515773;15852968254;20932063293
4;10;20772200167;20772200167;20772200167
4;11;31420394212;31420394212;31420394212
4;12;0;0;0
4;13;21965990056;16537361173;27394618939
4;14;18103832296;15559288541;20648376051
4;15;21917033520;21917033520;21917033520
4;16;24721577416;15942772266;30629832772
4;17;17627104213;17627104213;17627104213
4;18;18880722375;16643489326;21117955424
4;19;22312840703;21559628389;23066053018
4;20;29623102238;29623102238;29623102238
4;21;21416072713;21416072713;21416072713
4;22;18375746254;15849411867;20902080641
4;23;21077329125;15954553302;30457730452
4;24;23982972207;16910809195;31055135220
4;25;22549114343;15411229640;29686999046


THREAD; REPETITION; AVERAGE; MIN; MAX (nanoseconds)
5;1;0;0;0
5;2;37207571144;12040333479;58003539416
5;3;16025552444;13521958657;18529146232
5;4;13227463617;13227463617;13227463617
5;5;26379643385;11597375015;54357326350
5;6;17084936249;12968500606;21201371892
5;7;52031780209;43572864987;54865959640
5;8;21113634204;7446689313;45887313122
5;9;14981103534;11655603995;18306603073
5;10;55084363864;55065206123;55103521606
5;11;26771499817;16473278587;53693555955
5;12;0;0;0
5;13;39900018664;12908920896;55509057505
5;14;18378537356;18378537356;18378537356
5;15;18852385219;18852385219;18852385219
5;16;14403726707;11629652512;18968339761
5;17;33821167983;11683848436;57182056449
5;18;52993720780;52993720780;52993720780
5;19;12390767681;12390767681;12390767681
5;20;46072011597;46072011597;46072011597
5;21;53044055460;51158598719;54929512201
5;22;0;0;0
5;23;33894174842;13697149918;43993268558
5;24;14267378257;14267378257;14267378257
5;25;54335918880;54335918880;54335918880


THREAD; REPETITION; AVERAGE; MIN; MAX (nanoseconds)
6;1;21254729907;11036439966;35946764254
6;2;34287225471;34285939414;34288511529
6;3;30711147227;28321680828;33100613626
6;4;30605890530;17290329078;37451370705
6;5;0;0;0
6;6;27844690072;27842028246;27847351898
6;7;36251789822;36251789822;36251789822
6;8;20113180958;15016941887;28614838618
6;9;31761089631;10894828184;35938878964
6;10;37243166496;37217296192;37262235424
6;11;20370519882;10568961488;38818210066
6;12;23902986553;11191715358;36614257748
6;13;21513857725;10255604204;28919232403
6;14;17036568125;17036568125;17036568125
6;15;21569258313;10443401396;27982622722
6;16;36458181767;36458181767;36458181767
6;17;18524950814;11037501135;35525196638
6;18;26284259591;10841824240;34260761982
6;19;28839346844;14824759572;36072104834
6;20;35905227480;35905227480;35905227480
6;21;11228568877;11226716245;11230405121
6;22;23076970013;10861210434;37323433984
6;23;19011497760;10777067337;27245928183
6;24;29858808923;10838248646;36490038888
6;25;14877939794;14877939794;14877939794


THREAD; REPETITION; AVERAGE; MIN; MAX (nanoseconds)
7;1;21501168828;9796657885;25120651299
7;2;22202999571;10395374203;34463423004
7;3;30195443223;27497795181;32894645130
7;4;26986948103;14349868209;36045747505
7;5;23624243414;10704989741;32722227266
7;6;26304603099;26288903059;26320303140
7;7;26047722406;26047722406;26047722406
7;8;19422928039;10651428533;33716235373
7;9;17917170181;9447541937;26075780232
7;10;21350011753;13757134776;26615728675
7;11;28156933586;25936821160;32527018798
7;12;26526750839;26516395659;26536132177
7;13;34652073866;34628710981;34675436752
7;14;26617959475;26564953367;26712592313
7;15;16710422815;9645225650;23773939565
7;16;32662952438;28675290505;34660706110
7;17;30385555601;29868936624;30902174578
7;18;24362836140;10154322686;30791160189
7;19;30907661850;26613679881;34680513794
7;20;26263948080;11377500352;30186890653
7;21;20624757144;10585263979;31022358708
7;22;26379096505;10978645750;33653550870
7;23;29458190706;26267711958;32648669454
7;24;28041269351;28033705890;28049663645
7;25;19308246257;10258138814;25348566089


THREAD; REPETITION; AVERAGE; MIN; MAX (nanoseconds)
8;1;31047793062;29349184812;34437598563
8;2;20424090367;9914963563;28336153059
8;3;25203398773;10503999670;34451118438
8;4;30294981416;30294981416;30294981416
8;5;23618087534;23585577986;23645245346
8;6;23165727828;10346775637;32894552660
8;7;23517082827;11308899525;34908342122
8;8;20374559127;20371695565;20377446785
8;9;28828847765;26499698425;31159186782
8;10;31698473421;27191678900;33961902491
8;11;17313928446;9356685556;22849093809
8;12;23751543265;23740918398;23764234281
8;13;12395163309;9114657659;25047440526
8;14;21583383293;13696712571;29470054015
8;15;26788071371;26695637923;26832675871
8;16;16894058881;9447218361;24359990585
8;17;29405824844;25414451557;30235819706
8;18;14515766040;10468269640;25855219518
8;19;25021980354;25013807551;25032673146
8;20;26005678654;14590635542;29836271928
8;21;15614058602;9066694719;23638997554
8;22;18627708462;10538296348;29059269404
8;23;22721960498;9890369237;33992846437
8;24;23756677035;23732118537;23783965560
8;25;24898570921;24882642627;24914622599


THREAD; REPETITION; AVERAGE; MIN; MAX (nanoseconds)
9;1;13107382812;8992080419;22992174774
9;2;21817989268;9461710497;28465907050
9;3;19181981252;9720695926;23820677698
9;4;23993467141;22454246699;30416683125
9;5;21050987451;8735879350;32182648074
9;6;16869285691;10138653446;23599917937
9;7;23936512651;19280183445;28216198497
9;8;10524160542;7011495455;14071322472
9;9;26584065502;14756068438;32146129047
9;10;22953036687;22699035003;23575823463
9;11;25315853761;25315332885;25316374637
9;12;23953036804;23952584477;23953489131
9;13;24215030212;20326470892;31241974818
9;14;25557172545;10739164265;31781393237
9;15;9240039307;9240039307;9240039307
9;16;20342022601;9311873506;22610202764
9;17;23981119644;11521290555;28785561783
9;18;20996619239;17762947176;21699789010
9;19;27428054815;15721358581;32417345431
9;20;22343137891;10536076862;32961092472
9;21;19288157398;15347596273;23228718524
9;22;14454489694;9416461240;22861254294
9;23;20639627585;6591163192;30299024248
9;24;24606355220;23629583997;28441696221
9;25;27366017276;11815270865;31086453656


THREAD; REPETITION; AVERAGE; MIN; MAX (nanoseconds)
10;1;22069302396;9006623188;36235453249
10;2;26607595714;22958533696;41056441741
10;3;30551646368;27216339507;40989239066
10;4;23139797226;17669700199;27036316348
10;5;23044658107;21751096717;28607317481
10;6;17475828011;5694261282;23622212739
10;7;25725032968;20695554463;30740359389
10;8;22335227047;10105372959;28173597413
10;9;26854215508;10161114681;52345755047
10;10;26498134267;20632540658;32194243122
10;11;19743280869;17571858225;23033162315
10;12;23064126486;18280365661;30003036838
10;13;34393826331;24228223210;52975384651
10;14;20799479595;13424930543;26433643242
10;15;29742898666;24771863673;32848517130
10;16;21391181149;10401846045;24085124226
10;17;23684418864;10043561332;35155757645
10;18;28322210714;20101224178;45368029247
10;19;16895066139;9451020242;22172466822
10;20;22896661389;22840285986;22993671752
10;21;26485440398;24842961536;30511308491
10;22;25878338392;23764127983;29163013106
10;23;24172144197;18023739469;44123547825
10;24;23062848172;22478248841;27433627877
10;25;23111343620;23099700171;23122987069


THREAD; REPETITION; AVERAGE; MIN; MAX (nanoseconds)
11;1;23096185311;18450235505;29973481476
11;2;26494447845;25269975862;30141903720
11;3;24682009088;20055606509;40980181909
11;4;19845911238;8957091823;45442890926
11;5;25133932902;18754430452;31090144348
11;6;20770704831;17920505050;21829378943
11;7;17594427273;9307796033;32239813859
11;8;21961523810;20048167853;32894586253
11;9;22900660684;22758945201;22951641130
11;10;22586041479;19305070197;23421009094
11;11;16022542268;8586991643;21309581805
11;12;21511840359;11012141069;28967009843
11;13;26389200722;23482802144;29295599300
11;14;15450345714;8971562098;20961523672
11;15;0;0;0
11;16;25977901643;10648949238;43339348577
11;17;19729295011;9131779807;26742790215
11;18;32287905807;9423393686;46308168567
11;19;26224757179;26124365317;26401126191
11;20;25612506949;23737900558;30981139293
11;21;22525569688;18057876141;27337791046
11;22;24716541278;24567277336;24828518568
11;23;28313152859;28313152859;28313152859
11;24;24006412453;22126785038;37530583076
11;25;22551919367;22262826700;22932285319


THREAD; REPETITION; AVERAGE; MIN; MAX (nanoseconds)
12;1;23361494373;21923191006;27630942969
12;2;30156811522;10049237333;56424323762
12;3;17480207796;10804655759;22349869257
12;4;24920994092;23233005033;31559641937
12;5;26571847679;21120046333;32023649025
12;6;27585757379;22057990611;29147553390
12;7;23264593929;17977133826;26838816875
12;8;25475712800;20759786789;33168077298
12;9;24201235282;20546043841;24957121226
12;10;23702491014;18439697783;27784241433
12;11;23628950315;22681544023;28305636051
12;12;24850622762;24029925940;28719046624
12;13;24500110314;24411745837;24588474792
12;14;15574626349;8596415466;25503725613
12;15;21393359919;12440253370;27046576870
12;16;23493890029;21044256882;24349368215
12;17;22062603999;22025960702;22118373774
12;18;21814428779;19310461106;23166940142
12;19;25247760399;23428329508;34139291446
12;20;17712670488;9617074098;23635336614
12;21;21611748239;20426868359;21940266920
12;22;25857874087;24216003431;32333869110
12;23;21926922499;21865740548;22158057658
12;24;18405642297;9105355150;21828520385
12;25;24130803234;23982314233;24215268351


THREAD; REPETITION; AVERAGE; MIN; MAX (nanoseconds)
13;1;28098769030;23329468759;36800868337
13;2;25036177607;25025799159;25048547650
13;3;23483909966;19375054232;24203801460
13;4;21666026743;21651836127;21701154545
13;5;36083648941;23517888516;52598931917
13;6;23382885408;18762082681;35567999005
13;7;38928700574;18406162724;59524074358
13;8;24383103841;24130656201;24635920208
13;9;31094715284;23329638124;54342071827
13;10;36090307130;10197739656;51555776013
13;11;20782005487;18087067979;22163738967
13;12;17529608092;9512028693;21548389041
13;13;45958620751;22443565733;58124135330
13;14;29070651621;23475332340;37463720738
13;15;28298880933;25342126723;33901467854
13;16;24913450051;21939250589;28051705245
13;17;25242270935;24158607868;31504416203
13;18;29919977748;19204592344;35896926286
13;19;29385749847;24458068833;37886495350
13;20;22789456022;22751595873;22828672429
13;21;36998795966;22462706573;44121848168
13;22;22247885664;18271171336;27938921917
13;23;34736383403;17274950518;50348539409
13;24;24534652309;22015370180;29562621367
13;25;23136158240;19402189733;24531830302


THREAD; REPETITION; AVERAGE; MIN; MAX (nanoseconds)
14;1;25640676687;17048535987;28585883331
14;2;30813984399;18114869068;56617604892
14;3;39195507028;21617656923;58298023283
14;4;32271305876;18755270852;38266143393
14;5;20959449315;20124572816;21309188599
14;6;39527368351;18319961825;53016331056
14;7;29843231742;25887756614;33722412206
14;8;30941378207;21456583029;50288120348
14;9;39419359823;18456282781;49047791270
14;10;31027341836;18104875620;42381233928
14;11;27807085541;22123362047;37961223214
14;12;40651022499;19705447620;47192020495
14;13;31455845069;20317566968;39315867240
14;14;31867288538;23676409851;57577382042
14;15;33182380718;20396956038;54911499297
14;16;35286768495;19032556093;56965915291
14;17;29086823734;17339373510;32022427711
14;18;20924271614;20829269433;20995671517
14;19;31275568622;21873637572;58915140472
14;20;36400689841;18974595723;53975684690
14;21;23628918210;21925124562;27843742151
14;22;36337957273;27320252294;43073072555
14;23;27918038470;20576453291;36931925357
14;24;26654659303;18450847245;32980734632
14;25;32221158749;21301744216;37393860533


THREAD; REPETITION; AVERAGE; MIN; MAX (nanoseconds)
15;1;34973147656;8505173073;59016235723
15;2;40677021037;24536657871;54021342307
15;3;33961549296;9437756125;57313325436
15;4;33965615878;18130014499;52857815519
15;5;27446545180;18622834606;32526479762
15;6;38660950438;17367626192;50836089364
15;7;31651192704;23308278497;45477997763
15;8;28513743198;21150623682;41669927812
15;9;39212644457;18310199760;59966607697
15;10;29987088625;21436031605;55406752813
15;11;36331583180;17585804621;58448988838
15;12;37020978154;18282794182;59912489017
15;13;31750917478;9942084819;34497895822
15;14;35893673508;10192181548;54876979476
15;15;27315991505;20600801709;49085789115
15;16;27938105426;18275829400;34643146266
15;17;35753805453;10284142678;56582251376
15;18;33471853631;22236789382;53594883218
15;19;36607338673;18521239013;59075029787
15;20;34361034054;22069231285;44491859860
15;21;32555367918;11530428168;45421452935
15;22;41067449363;8130910632;57580820817
15;23;26979116970;21272609857;28889424634
15;24;37893753554;16571749762;58559612185
15;25;35781518422;17412694351;53970376054


THREAD; REPETITION; AVERAGE; MIN; MAX (nanoseconds)
16;1;30570202311;17112441107;58897198387
16;2;34330222564;10381488011;44105024172
16;3;42058348989;20217757145;59807905335
16;4;30624205590;22434041757;59267227609
16;5;38460556882;22396200006;59591050538
16;6;45270560726;26235651948;53845330482
16;7;28839712202;17188296697;58612745335
16;8;41520140051;23851629257;56067735145
16;9;28477247851;16886132316;58757208667
16;10;36750642598;17190092456;59646489498
16;11;41982689339;17934572132;59530089788
16;12;39939532882;10192332405;57190642525
16;13;40271353080;15711844522;56908253772
16;14;36514333214;23266092758;58126539756
16;15;33395289250;27643053865;42511486795
16;16;37198392666;16038644297;59787751446
16;17;37989901710;17182332810;59702507092
16;18;30890500689;20682411940;46376503648
16;19;35068775340;15373136181;59277692555
16;20;31674835414;18277491134;36977593660
16;21;39961522462;17401365537;44360119862
16;22;35741298183;22613788834;58638305986
16;23;29803315417;8133795496;56328986784
16;24;34689610345;15591122964;59779546004
16;25;34161729269;17040337180;55877451115


THREAD; REPETITION; AVERAGE; MIN; MAX (nanoseconds)
17;1;39015086606;17429932435;59941592646
17;2;38649032135;16549629771;55084858480
17;3;37508787617;24107121226;59977474511
17;4;35185617309;16577962702;59406915124
17;5;33386580651;20216647298;59911160567
17;6;32752628784;9536194055;59408123099
17;7;40992835823;10179731223;56324772632
17;8;37137776587;23610145144;57403969289
17;9;34155796097;17547988083;59849427511
17;10;35516141105;16713387665;59970987863
17;11;39494898338;22240830119;58433734595
17;12;41654884093;17856157277;59823799743
17;13;33587911799;21943224628;59782556023
17;14;37364461392;17025936956;59735800570
17;15;31812965190;16066023615;59947214870
17;16;41910821856;24051432864;58581507356
17;17;37308468403;17309684889;59874281299
17;18;34479714860;16578922251;59959481513
17;19;28804993644;16871983799;57953626858
17;20;35665893715;17364282751;59786947084
17;21;39204375205;9609364598;59327701426
17;22;32872833053;22027611750;57277380785
17;23;33195794192;15592480679;59920627133
17;24;33535378410;17738602532;56951334108
17;25;38922319918;17497244971;53254352508


THREAD; REPETITION; AVERAGE; MIN; MAX (nanoseconds)
18;1;38779761891;18463075265;57643514819
18;2;38163304643;17297459035;59070782948
18;3;36019194925;15557703773;58453224781
18;4;41481784059;17483881401;55348973962
18;5;39203879718;16538861852;56053844902
18;6;31298085184;14945536584;59884127103
18;7;31049547816;16904525436;59965959640
18;8;43229444317;23361900675;57704392597
18;9;34723486834;16134209027;49837545763
18;10;38646961313;23996933898;59419982358
18;11;30726476491;14598351886;57023044269
18;12;38854894070;17001343676;59978590087
18;13;39065719698;11304514192;56881829394
18;14;32895858399;15265947697;59945837390
18;15;37227091191;16373337394;58919144193
18;16;32483076420;16023784867;58855393003
18;17;37156659554;17116355431;55081611001
18;18;35399199053;8201064730;59118421965
18;19;32972211166;7701755391;59807181709
18;20;35406530605;21981359852;59154111556
18;21;35296402834;16537917599;60001369587
18;22;37817127968;10186636499;56815495336
18;23;40774468191;21728335026;59929087357
18;24;39624373331;18440780392;55181672531
18;25;31097634984;12540621364;59955632071


THREAD; REPETITION; AVERAGE; MIN; MAX (nanoseconds)
19;1;30836794386;15763888498;56406200927
19;2;37507059637;18270242447;59640004106
19;3;37015801099;16817018224;50741632316
19;4;38387132155;17731628043;59270291056
19;5;35523534181;17170982206;53812033164
19;6;37121952577;16215976681;57676338823
19;7;35453258247;16995844095;59869602282
19;8;33689086476;16638810519;52665774561
19;9;37577350275;17630110810;59511902699
19;10;40189720718;16830640137;59720213183
19;11;37620005026;16283665033;59390171516
19;12;35255191554;17670509101;57729121858
19;13;38385819199;17008451982;55161620191
19;14;38620165753;17243381491;50221456568
19;15;41613093155;16643240621;57983800316
19;16;41762864320;17088613147;59311725652
19;17;35664265140;14635298201;59927729782
19;18;30740309561;14413904352;59604014197
19;19;40334670627;18623681152;59779429789
19;20;33817714993;16349770991;59653131543
19;21;32631265525;16087568601;56007129747
19;22;40555084806;16446875720;58003327797
19;23;34848385553;16658266762;58828738010
19;24;25006946230;11546867130;59984243528
19;25;32475085458;14680318099;59927268410


THREAD; REPETITION; AVERAGE; MIN; MAX (nanoseconds)
20;1;35867835439;17656378324;56920088866
20;2;35690321553;15628229706;49738043033
20;3;29246163336;14436573922;57715205074
20;4;38572338386;17044218748;57951827537
20;5;35997536337;17091905256;53150498388
20;6;33798631524;14905178800;52103902591
20;7;30875770572;16922968282;59774074708
20;8;37437432426;17189494196;58836473840
20;9;34662183938;15406906255;59100642330
20;10;30834911654;15065093398;58785960576
20;11;35431136483;14880318029;58117755119
20;12;31364855524;14807624782;59354550648
20;13;28176265145;13423401368;57732798582
20;14;34801451261;15505677258;59300057619
20;15;36400501034;16091375300;57940717536
20;16;37069481438;15648387505;58304494147
20;17;40373353806;17128366873;58207404084
20;18;41914939434;16937430107;57208266414
20;19;41748996283;13424136098;59386492208
20;20;29997048154;14486411332;59448461117
20;21;35126110436;15853195797;51211607690
20;22;37607149304;12988787542;57228706372
20;23;26867920571;11863347087;54743383866
20;24;38533642264;17353620502;54388240056
20;25;42173020048;17071106034;57169189590


THREAD; REPETITION; AVERAGE; MIN; MAX (nanoseconds)
21;1;35309934037;15107444662;58492108634
21;2;32983540210;14745975117;58079196099
21;3;39242476578;16965362148;59894066634
21;4;30522129225;14892110240;56692774431
21;5;34843267101;14554832109;49834412474
21;6;32726165869;16797792736;59573638270
21;7;40286501266;16217706720;56710602814
21;8;42448260232;17264594313;59942394983
21;9;32796080322;15686116811;55209173652
21;10;34848774523;15924415184;54059505188
21;11;35134601556;12509206407;48761885169
21;12;30958193198;13886165071;59965891475
21;13;31878610172;12398728190;55273274536
21;14;38276610641;17457003334;58605460331
21;15;30174406660;14277986728;59239382450
21;16;43019419717;17246080857;56685892481
21;17;36739810507;15857425316;52590342208
21;18;36977354382;15576967534;57885954220
21;19;38336122448;16549210863;56594741371
21;20;41057872909;16343322127;59257711525
21;21;36785468564;14926218835;57479707966
21;22;32881074781;15164449392;59155115944
21;23;33946075529;14654167708;59280190569
21;24;30149428017;14661920160;59124412740
21;25;34017437595;14828418347;56176032848


THREAD; REPETITION; AVERAGE; MIN; MAX (nanoseconds)
22;1;33641824668;16601971130;57469617228
22;2;29827021151;14557911899;52332130341
22;3;33339515112;15304220648;57130983336
22;4;36505043964;15681563299;56264744751
22;5;41155916919;16092674209;57108132039
22;6;30844624159;14612178712;54282021947
22;7;43967095307;14039008240;57809956294
22;8;30495054273;14725860200;56991866354
22;9;33869059943;14767458783;59805654070
22;10;31896612655;14655370305;57465377792
22;11;35058694038;16860056725;56798133841
22;12;41193523756;16982383445;58683310728
22;13;35163805025;14933089820;57131995826
22;14;41138575702;9836759770;59642114849
22;15;36004193473;14842243149;57975781768
22;16;37159670538;15254467467;58166583183
22;17;32827665470;15418330612;57830203699
22;18;34191072850;14899182298;59964115551
22;19;28296502147;18700190736;56626508118
22;20;34285885970;15897276400;58213047608
22;21;40530240769;14051197988;55912112573
22;22;35782494714;15061245563;56805386998
22;23;34458196002;13020518180;54889073961
22;24;39897268762;16156798071;59357432369
22;25;30448006512;13610277494;42526723787


THREAD; REPETITION; AVERAGE; MIN; MAX (nanoseconds)
23;1;32595286215;14685185198;59567375672
23;2;32228407972;12475791965;58566218262
23;3;32198383219;12767594555;58388957256
23;4;33155889210;15820343926;50711006637
23;5;32960708121;15377987286;59854198019
23;6;29946474374;13534837877;48008338490
23;7;33839149863;12890950875;58761137169
23;8;27718418112;13190108659;59069941851
23;9;33685058967;17132889725;59517212104
23;10;36733039195;20786889535;55238996576
23;11;30240439218;13991271726;53222228314
23;12;38785476079;22905816242;59696313498
23;13;33078984331;14729403668;56206716287
23;14;33992396976;15727115109;55538981770
23;15;32758171666;12937092215;57667982523
23;16;31422683950;14453312432;56669484041
23;17;39948161000;17705301512;58385765230
23;18;32415807351;14410549106;59723179972
23;19;36172985000;13724950657;56695300589
23;20;28112043325;13962756510;59823925178
23;21;35005512956;16715647450;58919619672
23;22;41709672735;16831177356;59147542494
23;23;36632239428;16003591587;59909554497
23;24;32197647136;15702542153;53205034439
23;25;32468991437;14424480765;47380971046


THREAD; REPETITION; AVERAGE; MIN; MAX (nanoseconds)
24;1;32648333318;4731906640;55941772278
24;2;34599145293;15410238802;59829476232
24;3;35887754522;15423065571;57507457372
24;4;41893349070;16726947699;59914245176
24;5;32018148772;14519637761;58619655431
24;6;35760157987;12769695519;53814650605
24;7;33030536000;14570254809;59603653258
24;8;35540876575;16523952346;51339638697
24;9;35564898777;14477130544;56686635871
24;10;32320083280;13904356280;47428424772
24;11;36971976693;14536029230;55282352157
24;12;34111847252;14600729493;58531426131
24;13;32259693911;12361649945;59952155861
24;14;35811225262;13815369482;59814166955
24;15;35594216163;14699268343;57111664611
24;16;31352462694;20792142786;55795270348
24;17;35827102272;15725124562;53398936248
24;18;37478751390;17784349268;59403286940
24;19;35097529349;14585283185;53545187377
24;20;36191029539;16652432014;57892977879
24;21;27738141355;14543856063;55102152997
24;22;31125514870;12335820265;59246103695
24;23;44649092725;16836806843;58817190663
24;24;33416252004;13629109635;52299420039
24;25;37134331841;14883003147;57784520519


THREAD; REPETITION; AVERAGE; MIN; MAX (nanoseconds)
25;1;32595993339;9945493561;52150364781
25;2;34804563026;15668400872;58978147991
25;3;36615988561;14372990492;58643039129
25;4;34637698422;15349900825;54036979072
25;5;34662757801;12318207901;58128493287
25;6;33904078600;14858697544;56919208935
25;7;37172422405;15685402125;49364376199
25;8;32721951149;14379669902;54955486800
25;9;40367164563;13249159041;57695765454
25;10;32196287783;14351462686;56332514957
25;11;37513715197;17065357329;58046314057
25;12;28466834849;5160802630;57669165564
25;13;37812174824;12338541560;55209413347
25;14;36033707869;13833193534;50062399272
25;15;33457943989;15364889393;59088832868
25;16;36674144449;15580255312;58213582872
25;17;27108904974;18072020606;59776463838
25;18;37439746552;15570866130;57140964145
25;19;37286757941;16568562276;58379938721
25;20;41203427828;16015688308;59662173335
25;21;36626947551;14735051661;47776418861
25;22;36940316151;14748715060;59818121926
25;23;37333876951;15573689393;56624651248
25;24;35100246276;12703861664;58955084375
25;25;28721233432;13035652855;59850136679


THREAD; REPETITION; AVERAGE; MIN; MAX (nanoseconds)
26;1;35870559947;21466294879;55887113795
26;2;38481987782;14554252496;59309358452
26;3;32981997119;14591519872;58420595215
26;4;40219344201;16152571696;57967370713
26;5;38924975224;15582691305;50376392670
26;6;26746695621;5210745430;50785354982
26;7;32170738763;12391265510;59713595863
26;8;24244467033;12767036453;53801957791
26;9;29661452961;13831712690;54426924092
26;10;43087204609;17545495866;59884244715
26;11;35944800618;15607315316;59703325283
26;12;29914767773;12209889246;55648796355
26;13;34404618870;15799081867;58855956344
26;14;30220347416;14269155926;52046444730
26;15;32838485521;12472604269;58149774622
26;16;36633900077;14719271514;54875468181
26;17;36414625501;15930475522;46041437180
26;18;33225705694;14241394996;59618372726
26;19;33718137587;14436634545;57906497893
26;20;32268036268;14339968837;49942132240
26;21;26928771809;13089228520;58883737248
26;22;31399141974;14279600409;57940228437
26;23;36791604296;14740277186;58570838263
26;24;27832359598;14032242646;59945837180
26;25;32528592440;14662135201;59674041953


THREAD; REPETITION; AVERAGE; MIN; MAX (nanoseconds)
27;1;30392736721;14151323073;58685312169
27;2;33966445286;20130410290;52917426028
27;3;33343540230;13669521755;53153338134
27;4;33193493398;14322402009;59583187668
27;5;34981962545;15514160320;50173389355
27;6;32881978427;16095099587;59079641895
27;7;34476140679;15195558514;58001284870
27;8;31560201873;14487276665;57648014902
27;9;32606799610;14514750617;54737709192
27;10;36288340248;16739811345;57837623357
27;11;32780009101;14592390793;58817060269
27;12;35086370721;16338097509;57677680404
27;13;38260042323;13171059381;59428616347
27;14;30004073785;13900973169;56470993800
27;15;37387669545;14701077232;59467578142
27;16;35167176418;15589344246;43043927650
27;17;32742301947;12362178224;53213296732
27;18;40685149508;8211717062;54728439648
27;19;30065606590;12228545667;50119404142
27;20;34857262631;13784332226;59847820883
27;21;34587308570;14421023273;56200252686
27;22;31157972370;13007963791;49800050984
27;23;44440307947;16140122837;59827439521
27;24;33605316727;14709921582;57987682512
27;25;33502058333;14148540876;51120595005


THREAD; REPETITION; AVERAGE; MIN; MAX (nanoseconds)
28;1;35313267652;14767620814;59705619010
28;2;31736206689;14417142192;59739503554
28;3;33293887922;14510045341;58664283659
28;4;45567326145;13962904503;59948843079
28;5;28150553247;12883033668;59719626098
28;6;35549989480;14234506131;57225202784
28;7;32037277214;19764946522;57246864406
28;8;32979506394;14501727873;58541900228
28;9;38926029640;17108036426;59745269790
28;10;37751200738;18066930433;59954852293
28;11;39587613930;13618605926;56535630296
28;12;32132327564;15229756365;58946052291
28;13;35764781572;14028807153;59955826858
28;14;33879085724;14751361066;50681667013
28;15;33390445677;14249532063;58802452477
28;16;35106044048;16539244863;59389672011
28;17;39086970586;14707017791;59199217359
28;18;28102688431;19136667510;59882685159
28;19;27843936358;11802842610;54960098980
28;20;32310586582;14399493302;56655706591
28;21;35433586360;15589567459;59516273856
28;22;28470269431;6483414233;59982985268
28;23;43237349363;17286938982;54300851994
28;24;37428149204;15312418967;57916027526
28;25;44169070595;16798987720;55182157369


THREAD; REPETITION; AVERAGE; MIN; MAX (nanoseconds)
29;1;29975902663;14469108923;59831573705
29;2;32624212345;12376863750;58190809656
29;3;29665552117;13922752263;58671345451
29;4;41856311950;16741624983;50898192369
29;5;29772797885;14377814778;58292163040
29;6;36564264592;15435712150;55731903497
29;7;27152313390;12817246396;57602538521
29;8;38165579239;10336727503;56544279650
29;9;33498966753;6159878560;58179387534
29;10;34842810598;14489435459;57505054484
29;11;32808845442;14564957488;59825968175
29;12;35500718543;16860882877;59068262447
29;13;32649151603;15684716912;57305958020
29;14;32183773326;14048749561;57969312651
29;15;30246793174;11621729088;59878877623
29;16;33024492908;15368049641;58985580849
29;17;29256355888;13752648033;59824391997
29;18;31320908245;14533258068;59434040639
29;19;30979108733;11604584451;58795852615
29;20;33237051758;16214695304;48783938461
29;21;31995046083;15858219830;59708593340
29;22;34854595479;14945577860;59736012468
29;23;31886098441;13100694571;56907421683
29;24;35495504888;14799729994;58852244001
29;25;28272422807;5079411978;54528229566


THREAD; REPETITION; AVERAGE; MIN; MAX (nanoseconds)
30;1;37115858563;5219685882;48421874498
30;2;31419289181;13791446679;57741272704
30;3;42313165258;16833168182;56576958943
30;4;29866142233;13047387028;59615923951
30;5;39045362516;16809999316;59779166137
30;6;32390087469;15860407887;57414593685
30;7;36042719237;15234366728;59917135907
30;8;28634508237;7047395130;59526715965
30;9;31292255873;14506101683;55619251958
30;10;34758436306;14721991901;58837025167
30;11;31179986018;14112262731;57535104811
30;12;43547138435;16805508662;59511880421
30;13;40905452415;16174368949;59356737937
30;14;27884175662;4961509494;59600367854
30;15;34979552715;16572794517;58143574952
30;16;36938489472;7764499119;50797646977
30;17;31071475601;14005969893;56803915022
30;18;32634328294;13902924743;58581078531
30;19;34486271284;17062113411;59716176567
30;20;35752920695;20375448835;57113836046
30;21;34299632022;14480209077;59406452915
30;22;32743138672;16595458711;59853837917
30;23;29566841343;11557193442;59429799249
30;24;35208064588;17014121208;59073399133
30;25;31981242538;14303960839;58446934387


THREAD; REPETITION; AVERAGE; MIN; MAX (nanoseconds)
31;1;31980707995;14527858639;56796152723
31;2;32115895968;14521766873;58971589336
31;3;37735719698;17137038925;59952536006
31;4;35936943997;15339392158;59744043237
31;5;39817888325;16459416141;59993262831
31;6;34233283133;14915944764;49331164086
31;7;31572026999;19278345921;58769405609
31;8;35408973211;16361402148;58251715442
31;9;42269432710;15478761546;59968237304
31;10;36025733428;14972841939;59419186726
31;11;30232882995;11593754374;51256458712
31;12;28608789229;11651505778;54584394804
31;13;31678971873;14593226723;59721186771
31;14;35082168359;6939535821;59976286790
31;15;37154809349;20430383052;58808454077
31;16;30803238427;14887706469;48967096935
31;17;34095509703;12325261032;46491382284
31;18;35879211768;15681281140;55465264580
31;19;28029213428;10812579322;59713346947
31;20;35279621421;15524613673;56990065847
31;21;32260286979;14821047019;59420306422
31;22;32476344261;21585368112;57837299782
31;23;28639025970;7033404385;59727524029
31;24;39651932117;16109017417;57279015978
31;25;33688772450;14265431221;58341787923


THREAD; REPETITION; AVERAGE; MIN; MAX (nanoseconds)
32;1;44347597414;17593480038;56411428967
32;2;27956740624;12147918032;59302070725
32;3;34160830144;14521234472;52059065259
32;4;32594418175;12576283229;59797309365
32;5;29518612241;18902568692;49500843054
32;6;33868303408;7173804422;59416421012
32;7;34839980233;15469229608;59687569858
32;8;24488094192;18476907888;43521085222
32;9;36973083989;21343798443;56926064835
32;10;32033389076;14021337837;56698482698
32;11;32194413813;8381306283;57117406681
32;12;29747879615;11799530806;57143980520
32;13;34120689004;14691529510;59474677089
32;14;43993659207;16665339520;59857034064
32;15;30332423141;19935590207;57003000242
32;16;33512024155;15641803497;58181407693
32;17;32130895329;11619854618;53438247110
32;18;27339707497;14027308150;59264221570
32;19;35470752815;13749298235;56530446747
32;20;36127941963;12504302293;58303782114
32;21;34003755745;14385739807;44224628619
32;22;34691953849;14560207024;59467490631
32;23;33751062704;14249469346;52403595638
32;24;33599815267;6197190076;58175482569
32;25;26231661812;8352785899;53871818346


THREAD; REPETITION; AVERAGE; MIN; MAX (nanoseconds)
33;1;25705479548;4157783112;58381917465
33;2;33069755008;12314548148;58562549500
33;3;34713572745;12316312199;58643128457
33;4;31524937943;11378718454;59697362235
33;5;32911970367;14282177413;59218481748
33;6;40334223271;14174737222;57178495451
33;7;32233086758;11859319900;48112033233
33;8;34054519377;14333319528;58725928225
33;9;33014833977;7522614886;59334385446
33;10;40091190406;16237836233;58375221641
33;11;39180709150;15902945276;59054229448
33;12;29515121340;13883516620;57766574662
33;13;38868593560;16445668653;54975752017
33;14;32715083243;7356183467;58668492085
33;15;36277401744;20679171585;59940087846
33;16;25313196456;12936734278;48183570328
33;17;29784860126;6610507969;59558912725
33;18;38829107462;16743327993;59711055526
33;19;31600406571;7906190522;59421271558
33;20;35989397660;17742498767;56393338399
33;21;31757252518;15105194445;55495640578
33;22;33358615314;5015493240;58984270557
33;23;32591940444;8932887280;59782593318
33;24;31718129635;12769479501;56924036155
33;25;36436669590;14836283662;57327326797


THREAD; REPETITION; AVERAGE; MIN; MAX (nanoseconds)
34;1;34546218962;14411443004;59894097574
34;2;30016784915;18700585130;52900738223
34;3;30680849426;21349145073;58413358472
34;4;30568520838;13155944331;51685125833
34;5;37806547276;15672173419;58647979422
34;6;33298792899;14737209548;58160641716
34;7;33251533814;14663880954;56562287665
34;8;33865471835;14592779390;59898039066
34;9;33972014607;9777626206;59867620884
34;10;35831093826;14896453180;58689565852
34;11;35065514179;14745041059;59016263310
34;12;28465255594;11400066000;58429875376
34;13;37491368125;16723155596;59630652290
34;14;31063959594;12393980101;59442294552
34;15;32543346463;12581628951;59628976518
34;16;31058377150;7525612403;58994818196
34;17;33782730451;5166574592;59823556765
34;18;35371051146;22127469413;58558513722
34;19;37054248984;7238738652;59416089894
34;20;37990789224;16478513261;59778928398
34;21;40035478040;16959841684;59673221457
34;22;32086837051;14381245521;59511792211
34;23;35129819079;14858785753;58589900044
34;24;34472867528;14858990179;58862314903
34;25;34095198091;13666091710;59974415044


THREAD; REPETITION; AVERAGE; MIN; MAX (nanoseconds)
35;1;33787711488;14659979551;59264661291
35;2;32379974658;15663576167;57859293569
35;3;40578726120;5308522103;59108851614
35;4;35887380688;15514630141;56383227966
35;5;32366407210;14696649645;58037558056
35;6;26454280690;11454481506;59388895237
35;7;33545573944;16861730262;56756347804
35;8;30857560600;14107768237;58505430439
35;9;34587957909;13748345879;57966478841
35;10;39123665183;16548666381;59996316850
35;11;33275966252;5160523824;57456371830
35;12;36871145336;12735008080;59800553283
35;13;33360274793;14829720397;57821223717
35;14;26070997747;11240893186;59416863456
35;15;39980378101;22407160966;59522700860
35;16;33609113606;14611893760;59266949081
35;17;32144513825;14720014834;59694535618
35;18;30249425901;14666181386;57196602501
35;19;32940689633;15694825111;58891841071
35;20;41689681109;16651886483;59655103023
35;21;35771582465;13967031774;55961806529
35;22;34362757240;14595481409;56846295968
35;23;37426874773;2182982405;51779784931
35;24;36031406254;14724055082;54114128961
35;25;34191157235;14120647596;58377040308


THREAD; REPETITION; AVERAGE; MIN; MAX (nanoseconds)
36;1;36560095401;17026326391;53446729891
36;2;33663505781;15281440728;58393823377
36;3;33432582897;14603755436;58496103764
36;4;33763164525;15218589723;59802562337
36;5;35543813151;15532990994;59338814779
36;6;41535484675;13869717660;59427578295
36;7;32479768293;15343797605;59788679218
36;8;36780277536;8120840497;57000345226
36;9;38217180972;15369940104;56473211959
36;10;29634980061;8587046887;51854116794
36;11;36252021741;21454109880;59963418465
36;12;33273005967;22963721087;53582841534
36;13;36230533288;7829211673;54309378287
36;14;34374747552;12693915358;59077235304
36;15;31784118248;14804681601;59854316331
36;16;24498766671;18624555705;59426029426
36;17;35616414167;15728636670;59873979305
36;18;31662099381;15279273832;58929344302
36;19;35080290537;21498258787;58076034315
36;20;27828473201;4170614910;59937543319
36;21;27932891980;6971924783;59638985402
36;22;34664095477;5657398705;56713989418
36;23;29187780767;19564865855;56385671224
36;24;34118469467;15627391889;59635314753
36;25;39544200228;17606439995;57397438292


THREAD; REPETITION; AVERAGE; MIN; MAX (nanoseconds)
37;1;35727980775;16933303395;58848832114
37;2;38068846204;7600385943;59817507602
37;3;35397263931;20684455356;59887035154
37;4;33847108722;7244060628;57564928712
37;5;31149456795;5119191545;59313106345
37;6;34623023822;8418350377;59989585338
37;7;37199032192;13312163487;55672427990
37;8;37272699431;7957412325;55480406239
37;9;36127136893;15416786631;57117013406
37;10;27106241117;14047412451;59107877397
37;11;35765918087;16888069084;59817011730
37;12;23332902163;5723372384;59796882844
37;13;32858903217;7403453861;57701091619
37;14;32341283543;7940218799;58232873800
37;15;40820112584;16223823069;59650525556
37;16;42788836769;17629698118;59816114059
37;17;34652835157;15499062520;59803631956
37;18;30195598603;15327811426;54709184128
37;19;36711885186;14630711515;59849092413
37;20;31637122433;7804307740;58042386184
37;21;39529299117;16466055533;58591327738
37;22;31074388519;7551741144;54381752010
37;23;29443088862;14337008265;58858489557
37;24;42654633810;18287773725;57067550205
37;25;37481546918;15448128952;59407870972


THREAD; REPETITION; AVERAGE; MIN; MAX (nanoseconds)
38;1;31161200163;14731696347;55847781841
38;2;38629706754;5377150238;57151828445
38;3;39690131888;8448145784;59990463661
38;4;29944945917;3704929468;59371791806
38;5;38841703311;14267113209;53016232161
38;6;32609756530;7629529660;58901674934
38;7;30942930121;7891876691;58051816921
38;8;34689557750;4571752835;59976477527
38;9;43941385476;16725052485;59173583724
38;10;36154520710;8441088951;58652290165
38;11;33336983827;15848066095;59699951041
38;12;33746753674;5317455082;59753704242
38;13;36414355307;15913481951;59891419650
38;14;30161068208;18487789719;57078791159
38;15;36427799500;15069149152;59847092508
38;16;32664999988;7591576723;38913376700
38;17;28476399233;13236227509;58826282810
38;18;31872361063;5347131619;59055045823
38;19;33642103561;14296924679;59915862980
38;20;35178302848;15762040636;57890121091
38;21;37125798057;8133308981;59782163864
38;22;37150516303;15520374797;57022173768
38;23;31656983352;14389106157;58893050443
38;24;35173748163;17005352356;58266415284
38;25;35367983555;16555930294;52469215641


THREAD; REPETITION; AVERAGE; MIN; MAX (nanoseconds)
39;1;30786684410;14626692359;59217505018
39;2;31902033619;7944000355;58326899298
39;3;39165717964;8569723736;59922592257
39;4;36845676890;2286910277;59897778000
39;5;31795681675;7701244641;58683446499
39;6;31458325375;7063154465;58116650371
39;7;38997745728;9194949847;58272526256
39;8;36338645528;12467571717;59699485060
39;9;37244873234;14657537131;53851088546
39;10;27411625629;5104582427;57301881384
39;11;42430695965;6967570599;59688061262
39;12;38115614274;7961787671;59063229195
39;13;26708461639;4726891476;57813436694
39;14;39685610949;21849381555;54019805450
39;15;33765749440;15965065043;59313417418
39;16;26197804756;2107306585;59981545071
39;17;34152825335;13682311160;59525123934
39;18;34493450586;5832120632;53562148472
39;19;40386810634;5256720338;59615542967
39;20;29753363881;12355562159;59582909560
39;21;36990712513;16533727052;59265004561
39;22;35745268977;15567279430;57710883367
39;23;40148839747;8535017719;59630966017
39;24;37682455970;3504735867;56673769152
39;25;33970856127;5312899335;59464542700


THREAD; REPETITION; AVERAGE; MIN; MAX (nanoseconds)
40;1;36892677000;7577001616;57041343244
40;2;35972902724;5744163015;55298390647
40;3;30833033392;5025511063;59380652708
40;4;33224140708;5957471480;59507100483
40;5;36685287109;15497291555;57987045071
40;6;33932392155;5785100900;59815969348
40;7;27624233497;4943024113;59515510980
40;8;32612019148;6064377176;57938223992
40;9;34732130687;15763839328;51993852082
40;10;39214065108;8327878753;59910401392
40;11;36170075028;17274170251;56966886713
40;12;33707562042;6699715676;59043422628
40;13;34414384148;5157156006;59728667191
40;14;37400112586;15598336730;58535133376
40;15;32276353799;9101754622;56854718616
40;16;38075466336;5893670983;59947471606
40;17;40163166645;24409454135;47734402277
40;18;37593563952;8147652635;54849625441
40;19;36200124736;15674555705;46834090995
40;20;27709255627;8676152556;58646518202
40;21;31759539631;14458610522;59180814531
40;22;32469802249;8146530634;59900896553
40;23;27345045661;20337417465;54343722666
40;24;33353973398;5419501012;59107533570
40;25;41814939947;15969918383;59557717671


THREAD; REPETITION; AVERAGE; MIN; MAX (nanoseconds)
41;1;32171434119;7888368075;59940247434
41;2;36685106345;16375482708;59593961733
41;3;33060927049;6010243621;59587959783
41;4;31944478879;14724338638;59753685245
41;5;36013280115;17593207725;59502816489
41;6;25927261552;13144563136;59857410788
41;7;37643636741;12654145639;59547118838
41;8;33887338372;5217635481;59896751682
41;9;38157845173;7493477313;59043967949
41;10;32960731253;21320216886;59489128646
41;11;33300353719;5421769107;58126746974
41;12;32681892268;7097323473;58905220635
41;13;32466235391;5362876008;57852934311
41;14;36130345453;7141926069;59394204082
41;15;33271229772;14674339825;59787716805
41;16;37828223992;16872638212;59763621633
41;17;27593797926;4959993588;58876242511
41;18;38230934541;5696374748;59295049231
41;19;40934976097;2906735423;59654166661
41;20;41535591406;17060510065;56283586252
41;21;42460220776;5342019097;58029302817
41;22;33354755885;5400426940;56622495386
41;23;30673515645;7197632101;59796789465
41;24;34857350806;8032582843;57984584004
41;25;35814939649;12747831498;59908902109


THREAD; REPETITION; AVERAGE; MIN; MAX (nanoseconds)
42;1;27263295155;6463880046;58921481989
42;2;45207331178;8765161494;59539714894
42;3;32758619642;7010217639;59921187958
42;4;30394196902;14498090958;58479716277
42;5;39658142247;14661611182;57660183557
42;6;40512129157;16661283906;59951233606
42;7;28249283823;6530919292;58902794978
42;8;32896238460;5438276932;54578810924
42;9;34275759956;6931389673;57562838643
42;10;41712801361;16832931071;59892583833
42;11;33443068293;14505714623;59807761182
42;12;34544722815;16881240493;53564764446
42;13;35693926918;7145948018;53441599002
42;14;32884900964;5463564643;59316990358
42;15;40269644303;17081925147;59643368012
42;16;37517214871;7653218076;59553848324
42;17;34776966209;14297721777;53326516080
42;18;37180927236;12111047354;59894365973
42;19;33186409111;12281464683;47231645921
42;20;31786413239;14355407880;59983181592
42;21;45478323974;18731583763;58897639435
42;22;35341613165;14430102848;59812087360
42;23;33480862375;7512229208;59973996905
42;24;37873849798;15745017733;59374754193
42;25;36163993117;16453633213;59308830033


THREAD; REPETITION; AVERAGE; MIN; MAX (nanoseconds)
43;1;30634805984;7239992862;59141043135
43;2;32485111498;5164178618;59546102228
43;3;35903596213;15801132826;57598772540
43;4;30671996419;14099477866;57852982642
43;5;43199820897;8107796871;59989848500
43;6;33914730702;3998204800;59849876101
43;7;35182688660;15768574149;59838411726
43;8;41961112557;21738279865;59409417048
43;9;38017304449;20458324732;58868809374
43;10;30739818894;12382146544;59845118723
43;11;35852657056;6521718333;59645243530
43;12;32574925998;15610414313;59614481240
43;13;33554917193;9902624984;56438272323
43;14;36124758208;6106946693;57858028953
43;15;37993719471;14022457672;59904926115
43;16;35061294348;15419661089;58519633711
43;17;38681022417;16008913772;58935743649
43;18;29323320286;6542162691;59439881535
43;19;38248504430;13304584801;57972025495
43;20;31910822666;15773691768;58599314228
43;21;37091364873;8202848406;57164455748
43;22;33991927725;7941638463;45331613515
43;23;36567932261;20407989074;59683116988
43;24;40518503008;16651287804;59603381994
43;25;36225385478;20208279124;59303071550


THREAD; REPETITION; AVERAGE; MIN; MAX (nanoseconds)
44;1;32421328393;7242592005;59969731977
44;2;30713539407;7433295572;57524963368
44;3;35708109739;10791017923;53724131838
44;4;42670345427;13922902841;59145282710
44;5;33423735448;15754471169;59768303094
44;6;44107241147;15046434533;59465845939
44;7;35503580807;12458869633;56197198178
44;8;33661084491;7774165501;59965990231
44;9;26597068928;5935859236;58658755862
44;10;35114983501;15639642748;59571948390
44;11;39153269874;17364761792;59972448314
44;12;36575204092;16628575978;59646648318
44;13;35591508410;15316710085;58596461072
44;14;34438507990;8686845814;58586597738
44;15;33552796961;14174094403;58122110561
44;16;31844543207;7215449799;58851663340
44;17;33541238882;15745151129;59884648607
44;18;41517023322;7973254143;59659591024
44;19;33243409747;8085436137;59621937076
44;20;31432339508;7479595591;51000506698
44;21;37987284095;5990108869;57901389353
44;22;32049544564;5725688600;57991620653
44;23;28524829693;9606974769;59502776122
44;24;40390174679;17833221681;59053409232
44;25;33465103500;16147768501;59471535000


THREAD; REPETITION; AVERAGE; MIN; MAX (nanoseconds)
45;1;36797432120;10844922958;58938917586
45;2;35174131404;15940745123;56316065869
45;3;36204187302;15607919652;58821352993
45;4;34854033293;7606388103;59120434301
45;5;34780021446;5677879451;55781637680
45;6;29838087623;6857954293;59332398950
45;7;26500117782;7871141863;58710337696
45;8;35762466021;8010600928;59986827097
45;9;44309221706;6047606120;59628662721
45;10;32759017958;14549645555;59782628658
45;11;33813711923;15563938643;58162937189
45;12;41535126557;8587638233;59976842168
45;13;33427353517;15686544240;58059719462
45;14;41905467353;16582551343;59768970777
45;15;34709159974;15198104368;59604369620
45;16;34367223497;8233037020;50914482846
45;17;24735814338;4856674871;52342800272
45;18;35211655085;16838275605;59843404050
45;19;32476458264;7927690670;58958368312
45;20;35828813441;16836851891;55668532663
45;21;39047723036;16495083244;59896982368
45;22;30952743728;14449039124;59307830954
45;23;32325753336;6189427777;53242224780
45;24;44467588141;16646878653;59721458873
45;25;29753598469;6666407881;59932387985


THREAD; REPETITION; AVERAGE; MIN; MAX (nanoseconds)
46;1;33211462233;14764456796;58838493509
46;2;33464142456;5749977092;59467355627
46;3;31744867292;6945846120;51608568966
46;4;40569934348;4518244777;57565926536
46;5;28644145650;8378652175;57197413708
46;6;38523731037;10683591769;59161144573
46;7;39555412540;14006499918;56618019539
46;8;24384243059;6766026129;53711463469
46;9;31710237700;14488350545;59673437895
46;10;43000828577;5968635190;59725116180
46;11;36628503615;17055660636;59635499484
46;12;31639873791;7432871217;59359831067
46;13;24749906933;6838706386;59910269252
46;14;34973913940;13168576104;59352493543
46;15;35176344219;16795649726;54061080179
46;16;38477037503;15808593480;59265020066
46;17;35342659856;6826748163;54109480255
46;18;33153162710;14510306687;59583142620
46;19;37918541176;5694515224;59255284540
46;20;39648213626;5777603928;59779040074
46;21;24746312896;6287721973;57870246498
46;22;35813703353;7633162036;58211154351
46;23;36651997759;7119605425;58959034598
46;24;33920582978;15844573542;59799194660
46;25;31015545349;14769631754;57105777480


THREAD; REPETITION; AVERAGE; MIN; MAX (nanoseconds)
47;1;31288055133;11708207677;59829095038
47;2;37595413059;15582690398;59500944464
47;3;33741622652;5453130077;48590067942
47;4;31328142848;14609033480;59919789806
47;5;39906266721;16935421820;56895941174
47;6;32332155508;4274153628;59406519334
47;7;28927342140;8061466890;57938066709
47;8;35657214840;15536921802;59937950773
47;9;32759170809;15427092061;57978652175
47;10;38783287738;7676819819;58905573893
47;11;37162955028;7279145254;59790190234
47;12;34699907461;7421963755;59097470698
47;13;32706178964;5389936081;59452118845
47;14;34175960636;13960049182;57950038762
47;15;36229721209;15579076531;59638539674
47;16;36944704364;6098442959;59794958298
47;17;30210927539;5045051257;55439327344
47;18;34888887280;7500337753;54821072720
47;19;32971884338;7808740077;59450673200
47;20;34980496883;16731750334;59672165666
47;21;35133604357;14060407398;57959583829
47;22;42865331034;17018861196;56835202798
47;23;43686040444;17643817790;59309318433
47;24;37368881915;7590662012;59849848934
47;25;34772199237;7601243734;59860096325


THREAD; REPETITION; AVERAGE; MIN; MAX (nanoseconds)
48;1;42878438476;6283041629;59815854249
48;2;31148655281;14255407182;59716331894
48;3;37022984062;7163230243;58098007359
48;4;34787529242;10332882461;59619035101
48;5;30157012411;14514127913;59745769923
48;6;36778448838;15624569953;58122028498
48;7;31992222204;15276852015;59754673080
48;8;28199561963;13252325505;59811150439
48;9;36325354319;17422732707;59659907055
48;10;37791750199;13095435454;59570359641
48;11;35192081406;15624387178;59377444969
48;12;31842345747;9241120450;59602945206
48;13;34261455637;12801141765;58688649255
48;14;33071136681;10162096091;59941517288
48;15;32165326933;8495593644;59717664536
48;16;32450405553;7252022813;57934040988
48;17;36268854348;17351931321;59489370647
48;18;35435481952;15425795946;59783713083
48;19;39437886517;9144454463;58568975317
48;20;32407139297;6961099666;58753616730
48;21;32719430625;15191903929;57374444517
48;22;36328472291;8352941086;59050492800
48;23;33444518935;13179505635;59060222458
48;24;36266510886;13464327589;59800026052
48;25;36601029882;17249612241;57273348079


THREAD; REPETITION; AVERAGE; MIN; MAX (nanoseconds)
49;1;31553342527;7277238937;57942178335
49;2;33995425030;7597830311;58561677741
49;3;33825093093;7303945683;59460762542
49;4;32405268269;15607564718;58755129912
49;5;38585958275;13605899842;57862720472
49;6;35499962588;15693949161;59796922375
49;7;32479481238;14659636420;59751717886
49;8;35481345574;10550197091;60003418172
49;9;34458243611;5792001986;58499353759
49;10;38210478069;9452791556;59169220599
49;11;35459965781;21715989672;55574828225
49;12;37167994855;12759400845;58615076777
49;13;32650142706;6625569311;59737984506
49;14;38054718330;16620960835;57768882638
49;15;33628108340;8605784534;58642861662
49;16;36970812999;15720153469;59246165574
49;17;30032473348;7577699401;59090220824
49;18;36402627771;16000743460;57872446428
49;19;37087887982;15339028843;59385860004
49;20;29911041055;7582946436;59562625697
49;21;36712482383;7702122476;51522733965
49;22;33396445729;7872095895;58921963755
49;23;30786262262;3068608929;58567762592
49;24;27430826596;15207756503;51996695599
49;25;34377910108;16201507105;59150485886


THREAD; REPETITION; AVERAGE; MIN; MAX (nanoseconds)
50;1;38809573874;17631787071;59176051775
50;2;34400197114;16962088757;57647799650
50;3;30465914143;14275396384;59766025780
50;4;33393744103;15820937088;58668726612
50;5;30398894460;12476024606;57535900861
50;6;30052932868;5498772959;52942490666
50;7;36267094507;15869115977;58535293242
50;8;28898783691;11705924426;55474919439
50;9;38249535146;8473464016;59699547918
50;10;29667923940;7115291539;58682575788
50;11;42134246658;6136933045;59534603560
50;12;33436877998;5292959720;57907676255
50;13;35936096998;16714636777;59555190255
50;14;36877367252;16025884715;59936654100
50;15;30766267141;7794104069;59932604772
50;16;35588871791;4895288996;59740088685
50;17;47445110505;18360653519;59384712722
50;18;45663996595;17343602050;59418744562
50;19;33391610432;15525106053;45570163526
50;20;42289190127;8654249353;59964795735
50;21;25510196759;7048472432;59454934984
50;22;28681689277;4490686736;59069131831
50;23;31207792161;12763032452;56439511097
50;24;30707049918;12028206937;58444088844
50;25;37874807672;16709285258;59234061243


