THREAD; AVERAGE-REPETITIONS; MIN-REPETITIONS; MAX-REPETITIONS (nanoseconds)
1;696144993;5824114;1386376419
2;366171602;3453654;461480682
3;264138421;2796724;355997753
4;208895254;2668154;284881614
5;171140258;2493146;245360424
6;140108340;2386359;217549009
7;119369072;2384015;204029283
8;105638131;2368563;184726027
9;93718054;2365876;169609827
10;87887098;2353779;171138331
11;83558003;2383959;169165178
12;82381917;2452979;168161554
13;80264726;2518518;164683145
14;79584250;2659432;166326661
15;78907005;2723927;170454892
16;79011672;2859072;173354711
17;79292397;2965430;174382492
18;78804323;2984655;168231708
19;78120533;3177540;171146450
20;78373442;3185013;175031030
21;77696447;3320502;169461836
22;77780087;3334096;163437992
23;77221371;3419448;167952167
24;76731684;3520444;161555208
25;77199831;3551993;167557938
26;77232980;3746009;163190623
27;77400530;3749529;167885675
28;77539644;3790548;166548673
29;77574078;3897084;165140248
30;78021905;4049352;168129251
31;78304992;4484989;165686390
32;77947816;4352407;167147031
33;78034442;4920608;166365250
34;78086146;4782077;168820350
35;78405464;4772232;164061544
36;78596118;4861514;166094470
37;78637155;5230963;162351064
38;78840039;4948989;166064541
39;79205230;4924282;172431887
40;78567743;4703326;166268958
41;75459275;4948025;164405386
42;76181955;5476299;156465900
43;76688433;4464168;156879368
44;77692547;5269225;164303114
45;77731068;5075983;161753108
46;78227566;5275578;157365846
47;78730687;5160820;159952893
48;78425838;5426010;159445334
49;78946586;4804278;160393882
50;78838971;5642379;155267689
THREAD; REPETITION; AVERAGE; MIN; MAX (nanoseconds)
1;1;690798988;5794033;1877602670
1;2;704199167;5810375;1830684207
1;3;729046507;5868274;1866348168
1;4;671298833;5729429;939181935
1;5;680419527;5891531;948295244
1;6;731485055;5779226;2486569522
1;7;674681646;5785023;795346336
1;8;671762633;5851652;783264913
1;9;710567114;5804579;2150570184
1;10;681727642;5780135;931851954
1;11;687418242;5874280;1151621504
1;12;797450151;5766934;3812046014
1;13;676238670;5825321;777338460
1;14;681134202;5879658;880740709
1;15;683511930;5828464;990046920
1;16;683329698;5867296;943305434
1;17;744873547;5845087;2514389050
1;18;674519839;5772102;821952301
1;19;709140864;5866737;1872410390
1;20;687285082;5871836;927376524
1;21;684311590;5836286;912110687
1;22;683723797;5803811;872465146
1;23;681117195;5814287;968140783
1;24;673365636;5796756;843646050
1;25;710217276;5859754;1762105379


THREAD; REPETITION; AVERAGE; MIN; MAX (nanoseconds)
2;1;366330976;3195657;492246640
2;2;370586779;3437029;474084137
2;3;372369537;3614216;494701002
2;4;362801612;3691600;431812423
2;5;366671250;3587257;473919870
2;6;362978484;3171982;460722173
2;7;364526688;3590331;440737580
2;8;363551307;3482007;459302649
2;9;365354278;3058419;492122253
2;10;368810981;3702426;452836603
2;11;365129331;3764026;479107330
2;12;366770629;3725613;443450494
2;13;369105292;3652978;454054775
2;14;365179705;3567143;498412088
2;15;363331973;3469925;435871109
2;16;365457018;3060096;492285053
2;17;368930098;3442407;445342913
2;18;364314812;3647810;432685230
2;19;367765623;3187067;478119775
2;20;367025743;3679797;457421963
2;21;365544863;3608071;447672959
2;22;365479047;3145722;449081028
2;23;361309342;3199848;433494620
2;24;365047640;3611283;450400120
2;25;369917042;3048642;467132275


THREAD; REPETITION; AVERAGE; MIN; MAX (nanoseconds)
3;1;266304164;2846940;384854429
3;2;264274565;3022801;357387741
3;3;264040505;2838628;328609991
3;4;258814245;2796585;344228596
3;5;265035822;2635810;378734029
3;6;263862912;2763689;375713743
3;7;260895927;2815092;369765501
3;8;265908915;2805594;375139717
3;9;265700082;2893036;343775326
3;10;265741494;2781149;332777979
3;11;264865109;2716057;341394716
3;12;265415064;2769207;369035031
3;13;257325854;2801613;313907913
3;14;261736843;2729956;354020693
3;15;268682586;2708096;369310834
3;16;265610895;2906794;331176100
3;17;266840361;2895131;347222203
3;18;268704587;2790997;337810881
3;19;263324410;2825988;335159007
3;20;261646985;2696502;342902938
3;21;260726033;2822984;395573948
3;22;262091125;2744902;371152130
3;23;263558369;2629105;396546698
3;24;268106557;2829130;382827846
3;25;264247134;2852318;320915857


THREAD; REPETITION; AVERAGE; MIN; MAX (nanoseconds)
4;1;208511461;2686026;296235136
4;2;210073924;2576584;276611273
4;3;208403363;2555562;263317335
4;4;208058043;2646565;289993561
4;5;209280375;2490819;330133508
4;6;209553715;2712286;272826086
4;7;210264937;2723320;283254925
4;8;207562487;2859441;265186218
4;9;209132135;2694965;270433673
4;10;206911722;2489632;262344097
4;11;205858642;2652153;261315823
4;12;209001736;2470006;306907372
4;13;210446543;2644679;334997953
4;14;208948923;2764806;300213016
4;15;209677109;2819213;283082417
4;16;209786662;2832902;283565230
4;17;207217469;2732959;284813503
4;18;207769101;2739594;259612604
4;19;211128532;2551791;301519258
4;20;208362441;2627638;304419067
4;21;209321036;2644191;276144105
4;22;207915167;2651524;268798269
4;23;213106969;2725347;301072762
4;24;207048421;2826337;271378904
4;25;209040447;2585524;273864276


THREAD; REPETITION; AVERAGE; MIN; MAX (nanoseconds)
5;1;168903310;2434388;226207102
5;2;170759203;2379422;247094743
5;3;169961472;2454502;250491264
5;4;169596924;2402190;236952811
5;5;171729830;2601099;242742933
5;6;175327769;2686165;241485440
5;7;176051407;2754680;234539167
5;8;172218556;2420419;230247908
5;9;170330998;2461346;237159611
5;10;166502996;2528814;235127998
5;11;170212214;2470845;245087923
5;12;168997334;2518755;243862627
5;13;171600193;2369924;277818480
5;14;172321879;2451708;253504147
5;15;173638577;2677645;238565166
5;16;170951467;2433968;244333358
5;17;169036228;2448705;266611888
5;18;166651233;2478597;243765060
5;19;173325080;2523156;271435056
5;20;168442218;2342057;248407410
5;21;171755384;2476991;238472208
5;22;176829260;2613670;250688705
5;23;172730929;2602356;230618975
5;24;170389314;2385080;241081758
5;25;170242699;2412179;257708870


THREAD; REPETITION; AVERAGE; MIN; MAX (nanoseconds)
6;1;140099656;2421607;213267538
6;2;139262286;2366363;245240247
6;3;140234700;2555633;233555032
6;4;144414440;2322362;205115943
6;5;142578789;2357143;205664616
6;6;140640939;2235340;214085938
6;7;139018100;2315239;196300507
6;8;138662199;2484184;225905108
6;9;138662266;2263276;207311544
6;10;140254644;2288000;220335965
6;11;140976993;2319569;216767285
6;12;144251573;2518197;209361315
6;13;141037159;2313632;201117181
6;14;138976553;2513867;231230436
6;15;135775647;2338566;205624598
6;16;139057652;2428660;258332484
6;17;139277287;2403029;217974492
6;18;137345061;2380959;212301494
6;19;139697224;2278293;227488968
6;20;143837831;2397441;210439595
6;21;138878148;2437460;210570757
6;22;139066668;2443886;200163010
6;23;137935135;2448496;204571531
6;24;142505850;2469658;238068316
6;25;140261720;2358121;227931343


THREAD; REPETITION; AVERAGE; MIN; MAX (nanoseconds)
7;1;120356155;2345480;200420864
7;2;120677784;2353581;272029197
7;3;119304530;2433270;204680763
7;4;120285504;2366082;195974419
7;5;117317864;2236667;179290105
7;6;119038902;2386616;195198343
7;7;119634914;2459880;213694198
7;8;119299728;2400864;210978909
7;9;118813073;2400864;203509245
7;10;120492315;2438298;202919366
7;11;121780595;2323689;185027078
7;12;119793456;2436133;195940965
7;13;118231436;2399257;183660074
7;14;120005935;2441860;200807296
7;15;117346049;2365384;216655190
7;16;118104966;2453315;204063575
7;17;119377608;2305111;231102067
7;18;121401690;2352185;205529543
7;19;123078724;2438019;186309014
7;20;122031360;2415740;194174329
7;21;118602092;2411340;192398405
7;22;115117194;2343455;208313277
7;23;118830991;2315518;186044875
7;24;116287548;2429988;213779125
7;25;119016396;2347784;218231856


THREAD; REPETITION; AVERAGE; MIN; MAX (nanoseconds)
8;1;106814462;2352534;171384631
8;2;106205665;2353721;175360765
8;3;105669936;2371251;166242916
8;4;106180242;2392134;165511328
8;5;106061065;2328089;183577522
8;6;104780286;2360915;199375549
8;7;105812348;2482788;208580211
8;8;107540986;2295962;202943670
8;9;107770182;2384242;169361609
8;10;106472084;2298546;158975862
8;11;108798503;2398489;172273152
8;12;107956052;2387943;170942326
8;13;104413179;2330603;220514968
8;14;107406819;2423213;220071964
8;15;104022152;2287231;186109408
8;16;104759806;2267327;175501704
8;17;104520730;2321874;172711267
8;18;104490616;2388432;165541989
8;19;102981281;2407778;158300706
8;20;104913487;2341359;247884438
8;21;103700251;2454502;193570552
8;22;104438599;2501226;183754430
8;23;104510478;2343943;206721594
8;24;106020856;2277244;173383977
8;25;104713219;2462743;169554161


THREAD; REPETITION; AVERAGE; MIN; MAX (nanoseconds)
9;1;92656647;2303156;159639074
9;2;92488692;2386616;155200801
9;3;93522187;2440394;186854056
9;4;92923877;2381308;192792030
9;5;93962118;2370692;164984725
9;6;94752669;2343384;174671362
9;7;93583654;2412737;159517411
9;8;95282581;2401492;163891151
9;9;94658615;2419512;162847374
9;10;91450504;2356445;151213143
9;11;92898662;2335493;185623242
9;12;92665946;2347575;178479248
9;13;93197548;2447657;176471451
9;14;94584823;2283041;159021398
9;15;97580457;2255105;160949226
9;16;93540741;2372578;149100723
9;17;93846754;2406381;167999634
9;18;91926822;2324737;152540616
9;19;92699634;2364686;175743286
9;20;93668494;2373766;199903689
9;21;93832867;2323270;170163107
9;22;95364021;2374254;208497729
9;23;94656746;2448217;154142636
9;24;93172460;2363988;163577005
9;25;94033834;2310419;166421571


THREAD; REPETITION; AVERAGE; MIN; MAX (nanoseconds)
10;1;86865166;2275499;205032204
10;2;87012207;2440114;184231375
10;3;88732120;2409664;170562250
10;4;87770492;2258108;181357198
10;5;88468040;2479086;182686067
10;6;89705213;2379003;151617664
10;7;85202492;2298407;147553111
10;8;88190812;2306369;156495448
10;9;88889152;2435994;177817502
10;10;85848480;2383613;181326886
10;11;86426766;2444724;161039462
10;12;86218769;2216552;183501116
10;13;90564094;2361683;192169046
10;14;88997446;2394089;156916801
10;15;88100782;2307696;154975423
10;16;86780177;2352464;144214627
10;17;87112566;2329626;189309955
10;18;87431143;2398908;169918034
10;19;88236113;2355607;192058138
10;20;89524277;2393251;198101574
10;21;89168944;2333397;164688320
10;22;86778568;2244280;147145167
10;23;88063500;2326343;154028165
10;24;93122279;2458832;168242542
10;25;83967863;2261181;163470218


THREAD; REPETITION; AVERAGE; MIN; MAX (nanoseconds)
11;1;83523718;2438089;182732093
11;2;84186828;2412178;155386718
11;3;83951094;2318032;210978491
11;4;86775448;2312096;149203669
11;5;84722149;2405543;157593842
11;6;82789798;2412318;145825517
11;7;81183440;2288769;151434260
11;8;82850320;2462604;200764343
11;9;82795190;2325925;183187039
11;10;83568895;2369156;170269475
11;11;86116689;2521340;162300516
11;12;85680109;2467143;153221848
11;13;83320617;2389270;158464973
11;14;83222955;2331023;145138558
11;15;84573937;2386477;180746645
11;16;81073460;2395975;194068380
11;17;84521424;2367689;191501574
11;18;83370554;2307347;193792367
11;19;84873202;2449683;175165489
11;20;84717247;2325086;155027036
11;21;85523821;2377816;153702356
11;22;79792325;2360845;151599295
11;23;82442078;2470007;158283246
11;24;81238511;2393600;175376619
11;25;82136284;2310978;173365121


THREAD; REPETITION; AVERAGE; MIN; MAX (nanoseconds)
12;1;81585362;2457575;167846822
12;2;83809804;2472801;175771991
12;3;84359971;2432502;155181594
12;4;82252873;2546763;151502495
12;5;81540238;2418114;175122327
12;6;82692632;2493544;189155745
12;7;82454030;2300851;172802898
12;8;83349000;2578261;172125577
12;9;82793081;2363639;162726618
12;10;84099075;2525251;169692657
12;11;82630240;2496197;148072451
12;12;80957344;2347575;145269161
12;13;80268355;2371809;154602051
12;14;81009984;2467632;168422593
12;15;79863430;2508001;178165032
12;16;82465269;2496477;189050773
12;17;83978848;2476363;173359184
12;18;85369193;2485092;167334885
12;19;83213109;2394508;162672840
12;20;81248254;2492006;144393212
12;21;81685570;2372438;197744196
12;22;80511546;2516102;187918856
12;23;79699756;2457855;163727093
12;24;82577929;2449404;159876953
12;25;85133044;2403728;171500848


THREAD; REPETITION; AVERAGE; MIN; MAX (nanoseconds)
13;1;81610583;2437810;159609671
13;2;80352526;2508769;148012806
13;3;79376277;2511563;145451167
13;4;80020470;2578749;163483417
13;5;77839559;2381099;155475836
13;6;80574248;2609270;158463296
13;7;79633708;2564502;158878363
13;8;81739607;2622400;165664421
13;9;81741049;2581544;158982427
13;10;81863027;2516731;154783080
13;11;80141727;2443956;148631390
13;12;80651603;2529652;168948917
13;13;79458143;2567784;212022478
13;14;80466369;2566806;211320363
13;15;80208137;2536146;164759837
13;16;83334170;2603473;175116600
13;17;81139403;2576235;161521646
13;18;78715839;2528883;146738831
13;19;79335816;2488444;154859905
13;20;77802288;2529651;163229614
13;21;77701685;2494172;157324395
13;22;78371683;2336400;173753927
13;23;79567310;2251194;171990155
13;24;81612694;2615137;174848689
13;25;83360238;2582590;163207405


THREAD; REPETITION; AVERAGE; MIN; MAX (nanoseconds)
14;1;79677711;2499130;153654655
14;2;76888184;2659905;147034888
14;3;79119539;2738127;179731712
14;4;76746176;2739105;145649656
14;5;78877322;2730235;152778216
14;6;78468091;2714870;227066638
14;7;80953063;2674502;162113131
14;8;79479833;2560660;166893488
14;9;80810561;2666330;158070928
14;10;79725844;2633994;156874058
14;11;79083035;2558007;181211509
14;12;80611066;2686654;182502595
14;13;78107878;2661302;184923782
14;14;79310899;2674572;162954370
14;15;81804970;2725766;169869564
14;16;81836001;2724299;170399590
14;17;78918995;2538242;152912940
14;18;78221308;2554095;154877715
14;19;79538839;2630363;176260321
14;20;76946943;2617581;151383904
14;21;80527357;2807689;155895931
14;22;82586939;2657600;163281157
14;23;80009549;2636648;156073677
14;24;81787792;2667099;180339121
14;25;79568370;2729048;165412993


THREAD; REPETITION; AVERAGE; MIN; MAX (nanoseconds)
15;1;78877596;2805244;167883069
15;2;76748676;2754330;169713399
15;3;77075494;2640140;172075780
15;4;76831290;2710890;180834366
15;5;80788239;2850292;191654317
15;6;80774096;2822495;163003678
15;7;79840782;2631759;177691508
15;8;76934769;2757404;150295009
15;9;80221616;2705791;172746815
15;10;76850705;2533771;182829661
15;11;78036867;2647822;203608978
15;12;77567983;2601379;178482251
15;13;83907200;2737918;184087573
15;14;80246244;2850712;162428116
15;15;83439139;2760896;154455873
15;16;77771932;2641677;149624813
15;17;79626630;2740781;200452013
15;18;78266509;2682324;171134739
15;19;77519365;2904070;186127078
15;20;80576648;2774235;179889484
15;21;78452853;2653131;153534108
15;22;80299863;2858184;148935619
15;23;77838163;2750978;142993243
15;24;76345667;2797003;144320298
15;25;77836806;2484953;172570536


THREAD; REPETITION; AVERAGE; MIN; MAX (nanoseconds)
16;1;78674728;2932007;180240086
16;2;78123602;2935359;162317068
16;3;80073404;2895130;205446572
16;4;79835513;2923905;160531995
16;5;80173887;2919575;158805658
16;6;77422402;2630781;147070159
16;7;78224103;2738058;182463693
16;8;75619527;2706420;175274511
16;9;80025848;2909518;161158192
16;10;80863491;2816629;177242639
16;11;81915579;2895200;168090009
16;12;80101178;3012883;154638718
16;13;78946542;2964902;156880274
16;14;76978958;2894572;146649504
16;15;80704983;2657670;169345545
16;16;75324746;2732680;153712204
16;17;81299373;2944787;206117468
16;18;78548119;2914267;169699851
16;19;80069032;2989417;191568901
16;20;80547612;2543200;165634528
16;21;79995191;2846451;175749152
16;22;77493965;2884445;158813271
16;23;77258048;2896597;208227093
16;24;77613826;3044032;170953501
16;25;79458154;2848337;227237191


THREAD; REPETITION; AVERAGE; MIN; MAX (nanoseconds)
17;1;79484766;3060864;162943754
17;2;79672117;3031252;169045367
17;3;80484135;3081258;156547900
17;4;81848963;2850712;162407234
17;5;78849388;2776400;210156319
17;6;77972020;2877740;194251784
17;7;77336782;2898344;166274066
17;8;79705124;3105144;214912510
17;9;80420057;2941365;162580370
17;10;82684530;3082095;189885656
17;11;80722841;3001568;174886333
17;12;78253504;2876693;166114059
17;13;79150533;2945975;178317426
17;14;76648124;3166394;177639197
17;15;78655837;2859860;179185832
17;16;78453010;2927956;160528503
17;17;79659385;3056115;171411310
17;18;80305008;2743436;173436708
17;19;76563999;3095575;144029199
17;20;78702681;2943810;158371315
17;21;76708547;2949677;161695970
17;22;77529780;2793302;204216947
17;23;79321584;3153962;184251211
17;24;79973501;2987670;174883958
17;25;83203727;2928585;161589392


THREAD; REPETITION; AVERAGE; MIN; MAX (nanoseconds)
18;1;80542695;2801124;162958770
18;2;80969105;3076298;168107958
18;3;76639737;3231625;142899447
18;4;78521657;3030203;185992214
18;5;78871771;2748604;160235519
18;6;76491736;3038166;164578809
18;7;79288918;3021893;181783579
18;8;80019918;3101022;157817405
18;9;77773755;3209276;146191695
18;10;78356581;2831575;156089112
18;11;76006251;3073854;149752203
18;12;79696101;2949956;212044268
18;13;78032695;2621213;173086454
18;14;77272166;3012114;158071557
18;15;81558862;3259423;174166969
18;16;80670160;3043194;163554097
18;17;78959673;2682394;152241695
18;18;77875360;2724648;149985124
18;19;77852058;2868312;178876994
18;20;76248755;2861257;171900618
18;21;80362313;2995772;183353401
18;22;81078465;2968045;195169917
18;23;79764613;3067987;215184541
18;24;79113738;3149283;150606712
18;25;78141014;3249156;151143651


THREAD; REPETITION; AVERAGE; MIN; MAX (nanoseconds)
19;1;77581738;3418032;166681519
19;2;78037197;3181969;188803745
19;3;76138982;2912940;166182434
19;4;75580007;3228134;155398033
19;5;78987095;3021543;202557727
19;6;78926315;2997098;177056442
19;7;82696863;2850083;172956479
19;8;80236304;3401690;168297297
19;9;75501401;3173099;142406996
19;10;76967970;3073645;189321478
19;11;78656832;3235397;213929284
19;12;75991958;2975169;194185923
19;13;77690680;3017073;166274904
19;14;77051999;3509873;153193423
19;15;78214095;3294134;145327967
19;16;77375813;3163181;145604050
19;17;76492482;3056534;160517957
19;18;77548570;3170096;171832664
19;19;76905676;3378921;167065926
19;20;79827347;2954914;211739690
19;21;81116919;3233512;186942754
19;22;80208306;3341905;165566015
19;23;80468482;3426414;155331124
19;24;78176991;3198102;151354013
19;25;76633320;3225061;160133411


THREAD; REPETITION; AVERAGE; MIN; MAX (nanoseconds)
20;1;75582207;2946743;196941231
20;2;76259644;3384299;152968744
20;3;79339634;3437238;201542584
20;4;79918025;3114712;163054941
20;5;79339252;3662616;155368141
20;6;82345987;3527892;161055875
20;7;75233872;3103887;148850762
20;8;78045904;3293226;170343438
20;9;79997932;3260051;188993573
20;10;79135048;3044032;197058146
20;11;77276886;2676387;168520510
20;12;81611274;3138387;168743583
20;13;80667096;3279537;163557589
20;14;77699113;2741829;158375925
20;15;76848971;3540255;158260198
20;16;76096387;2855671;162825442
20;17;75977930;3252438;190165859
20;18;77525600;3315505;179161807
20;19;79384320;3562185;245277193
20;20;82137162;2954706;187576214
20;21;78948620;3039073;169658364
20;22;77615987;2959873;164714859
20;23;77727621;3503518;163572395
20;24;77345149;2994585;159233995
20;25;77276452;3036699;199954393


THREAD; REPETITION; AVERAGE; MIN; MAX (nanoseconds)
21;1;79019008;3453651;179535318
21;2;78634664;3179804;223412822
21;3;77622455;3198381;153303492
21;4;81798257;3610725;150414298
21;5;77731414;3374870;151478750
21;6;81799332;3055486;151792407
21;7;75682673;2879137;193728742
21;8;78522560;3236235;202516870
21;9;75962653;3428159;140605161
21;10;79459724;3445061;166899634
21;11;79088281;3445060;160688509
21;12;78216556;3138248;170153050
21;13;76706858;3215562;148230711
21;14;76008051;3099626;174579870
21;15;75241450;3195029;186558487
21;16;74599990;3336248;154589619
21;17;78196376;3317391;190943122
21;18;80325054;3209276;164994084
21;19;77445515;3508686;145887536
21;20;78578935;3729803;155516693
21;21;76298918;3614984;155402083
21;22;77203821;3253207;182411522
21;23;75748485;3217658;159263118
21;24;75241096;3578458;174179400
21;25;77279073;3291829;199460616


THREAD; REPETITION; AVERAGE; MIN; MAX (nanoseconds)
22;1;80792782;3652280;182193267
22;2;78955916;3639289;156337537
22;3;78533731;3767238;157365322
22;4;75643349;2955263;152084134
22;5;78543307;3703823;177737674
22;6;77074410;3437029;181942537
22;7;75558312;3117226;149904736
22;8;77024320;3442756;162776624
22;9;79068618;3610445;146480698
22;10;78332576;2683232;154957404
22;11;76416570;3002965;147739447
22;12;76288029;3155080;153904058
22;13;75793210;3711296;146128418
22;14;76424581;3323048;187851040
22;15;75775651;3535505;187692291
22;16;79694703;3197683;164937722
22;17;79660357;3355314;158307271
22;18;79981204;3442337;171586543
22;19;75544709;2982432;141355954
22;20;75298774;3604579;134431192
22;21;76139889;3296439;151333060
22;22;75629269;2891149;184524291
22;23;77552729;3685943;169744968
22;24;78906508;3223803;173696866
22;25;85868693;2936267;190936767


THREAD; REPETITION; AVERAGE; MIN; MAX (nanoseconds)
23;1;77333764;3715416;153761791
23;2;77177245;3802299;203536134
23;3;76736688;3450648;167439018
23;4;75465455;3331290;168217260
23;5;76417061;3335969;155203385
23;6;76884974;3135524;171320308
23;7;79348848;3500445;189187592
23;8;81541588;3357899;159759621
23;9;77703282;3379341;155342509
23;10;77144447;3505823;154041925
23;11;76138269;3315575;154272819
23;12;74126903;3526147;181508474
23;13;75314735;3216749;167847729
23;14;75992427;3023359;151792616
23;15;78279257;2794699;176562734
23;16;76555777;3748661;171482479
23;17;78055768;3240636;158653195
23;18;75694867;3734832;146817542
23;19;77616517;3418451;182151153
23;20;73827897;3573219;170575730
23;21;74986173;3259352;163816142
23;22;77048815;3811099;167623958
23;23;81116918;2784572;166738999
23;24;81369791;3647182;185863566
23;25;78656812;3877029;175287502


THREAD; REPETITION; AVERAGE; MIN; MAX (nanoseconds)
24;1;76435436;3107657;148603873
24;2;75919300;3107448;155593658
24;3;75178382;3837708;170948263
24;4;78902109;3407835;162231722
24;5;77504130;3340787;178620607
24;6;77806887;3990172;156653429
24;7;78416185;4041645;144374704
24;8;77967019;2929562;149762260
24;9;76552022;3517695;140411211
24;10;74806665;2772350;196435021
24;11;75873738;2508978;156198553
24;12;76098664;3792800;193218971
24;13;76106370;2907911;157526934
24;14;78757617;3912788;173100422
24;15;76656055;3863340;157847716
24;16;77842424;3754458;144163155
24;17;75509400;4062039;137683770
24;18;75944462;2679321;182050792
24;19;77799478;4011544;166702123
24;20;75269268;3368585;183348652
24;21;78780420;4031029;155797035
24;22;76006857;3597594;136437522
24;23;76166671;3802229;136189655
24;24;76130419;3687270;138795713
24;25;75862140;3978369;216184459


THREAD; REPETITION; AVERAGE; MIN; MAX (nanoseconds)
25;1;75281363;3717651;187479345
25;2;75862160;3733994;150474851
25;3;77259294;3222756;189421421
25;4;80018657;3290222;194079136
25;5;78064046;3109963;172434625
25;6;77012039;2806013;144043866
25;7;74157042;3986401;138710437
25;8;75903645;3595918;166177056
25;9;74873974;3667506;161964649
25;10;77042654;3972502;171520682
25;11;75881560;3819270;154873315
25;12;79067194;3933949;155003779
25;13;79443772;3540883;169235196
25;14;77460317;3068057;165136281
25;15;75749017;4032356;148120152
25;16;75701191;3625461;165283367
25;17;77671382;3254743;174718924
25;18;77140950;3663524;180869845
25;19;81007085;3942540;204099683
25;20;78316208;3874654;156163982
25;21;78400160;3720584;150466819
25;22;78563876;2844914;150146737
25;23;77595613;3559950;188880081
25;24;76012417;2897784;194799967
25;25;76510161;3918235;154844260


THREAD; REPETITION; AVERAGE; MIN; MAX (nanoseconds)
26;1;75418177;4038293;170088727
26;2;79245328;4143334;174886263
26;3;78005379;4148432;158375715
26;4;76586975;3566864;143758634
26;5;77684908;3221429;160286503
26;6;78086915;3705150;158973277
26;7;79030683;2743016;192012393
26;8;75452769;3716324;162581488
26;9;80620133;4119658;200528000
26;10;77744527;4387150;168432580
26;11;76891623;4076496;141248539
26;12;75448509;3529149;134113553
26;13;76507829;3815219;139761757
26;14;74979404;3196705;158117093
26;15;76071148;3866204;171243622
26;16;76502144;3191118;159044376
26;17;77101079;4185727;167305202
26;18;79856202;3685454;160385258
26;19;80273091;3252229;163614789
26;20;77478423;3566165;156561728
26;21;76085385;4092210;152243232
26;22;76059915;4158490;186938982
26;23;75440266;3448343;170457418
26;24;76528265;4055264;162897240
26;25;77725437;3741816;165909214


THREAD; REPETITION; AVERAGE; MIN; MAX (nanoseconds)
27;1;79753262;3301467;169271863
27;2;80655052;4252566;153766051
27;3;75248413;4016223;144543650
27;4;76927832;3816687;147453796
27;5;76808879;2955473;192800272
27;6;74540495;3909016;156591410
27;7;75112643;3687131;163542713
27;8;77303899;4211080;162268249
27;9;78071908;4151785;153304400
27;10;78123661;3919911;155434419
27;11;78211759;4112604;149470324
27;12;78137081;4068674;190823066
27;13;75819631;3974387;172040301
27;14;75350792;3910343;190777249
27;15;79615548;2697899;167004047
27;16;78735315;3984585;160899779
27;17;77579855;2928305;152397232
27;18;78368775;4042413;150324832
27;19;76245837;3965099;138556087
27;20;77642468;4221905;181320601
27;21;74595465;4190756;210834967
27;22;75810027;4157092;225751946
27;23;76570506;3622109;173325241
27;24;79483988;2810902;181543324
27;25;80300174;2829829;153096064


THREAD; REPETITION; AVERAGE; MIN; MAX (nanoseconds)
28;1;79811398;2661302;197453656
28;2;77111592;4005956;143141796
28;3;75854055;3008133;180243788
28;4;78302680;4076356;177474930
28;5;76654015;3993175;174679882
28;6;77952572;3736579;172263026
28;7;78648332;4514331;153461194
28;8;78918749;4310324;153714997
28;9;77381767;3661080;155811842
28;10;74920202;4483880;139351859
28;11;75735614;3820877;164500167
28;12;75773778;4220019;152561918
28;13;77734673;4064483;175967127
28;14;80380387;4195575;189434831
28;15;81519542;2680928;175950436
28;16;77434237;4163239;149294394
28;17;76111372;2882070;143617904
28;18;76276784;2502762;140037701
28;19;77164454;3565746;178499432
28;20;75450591;2745740;180295121
28;21;75878903;3804255;161898300
28;22;78683672;4461950;220577545
28;23;79368342;4550159;160013913
28;24;78876194;4318216;167149386
28;25;76547210;4336585;156321684


THREAD; REPETITION; AVERAGE; MIN; MAX (nanoseconds)
29;1;76094716;4281130;178851293
29;2;74277188;4258502;168683100
29;3;78323552;4123639;160319747
29;4;76145657;3397709;166489316
29;5;80475951;4589690;169422580
29;6;79335932;4449937;160584934
29;7;76406184;3878146;146047193
29;8;76158045;3127772;145390196
29;9;77151549;4291816;162758745
29;10;76921308;2806781;178083737
29;11;77790822;4411105;160907113
29;12;77448737;4324222;171101984
29;13;80040310;4009378;156753023
29;14;78169985;4542966;145291930
29;15;79943541;4680623;172518854
29;16;77644470;2695245;157053341
29;17;76114905;2755937;169732885
29;18;75505266;2957080;151095600
29;19;79178269;4014058;182033052
29;20;77500962;4584661;196924749
29;21;79927074;3254045;163949328
29;22;79075439;4005747;163579589
29;23;78071339;3451766;157031900
29;24;75996659;4653175;142052202
29;25;75654108;3881987;201849816


THREAD; REPETITION; AVERAGE; MIN; MAX (nanoseconds)
30;1;77167662;2571346;167751488
30;2;76724020;4420254;173288853
30;3;81056072;4330997;190119135
30;4;80567550;4976959;173437756
30;5;77778507;2889194;149275187
30;6;79050384;4398255;163738548
30;7;77792437;4517684;164338065
30;8;78578869;4246420;177974435
30;9;75328139;4432896;195173828
30;10;77823693;3138248;198754800
30;11;79809591;4580889;168219424
30;12;79986179;3274648;156582191
30;13;80033071;4577747;158770808
30;14;77978917;2834578;149342585
30;15;78094610;4434991;168949405
30;16;76253296;4785524;154735029
30;17;76452887;4614832;187729655
30;18;76278060;4505391;153804883
30;19;78551210;4624401;158473005
30;20;76659602;3359086;144775244
30;21;78651298;4831620;177937140
30;22;77114748;4510420;152654317
30;23;77564722;3117435;179490410
30;24;77826591;2974610;171396434
30;25;77425514;4285391;166518650


THREAD; REPETITION; AVERAGE; MIN; MAX (nanoseconds)
31;1;79085031;5092058;161174046
31;2;78416186;5019493;152305461
31;3;79846555;5175867;164448624
31;4;78669751;2899041;152585524
31;5;78251625;2871454;158869632
31;6;76805093;4887842;165936733
31;7;80049457;4843633;163376700
31;8;77004464;2743156;182207934
31;9;77706912;4669169;162512554
31;10;80706043;5584090;161893341
31;11;77897647;3902102;152024838
31;12;77864392;2649708;163593976
31;13;77851558;4797048;157328305
31;14;75615503;4738032;162654751
31;15;77633715;5098344;164988917
31;16;78835265;5284192;176758568
31;17;78010417;5181385;163538174
31;18;77809840;4904115;150932381
31;19;79444812;3395334;155167905
31;20;77754942;5255557;159698858
31;21;79552532;5184807;158230585
31;22;74877091;5259187;181904334
31;23;77993771;4835671;174226613
31;24;79671702;2701042;218003824
31;25;80270506;5152400;177797178


THREAD; REPETITION; AVERAGE; MIN; MAX (nanoseconds)
32;1;78818614;2362451;151503054
32;2;78139920;2804127;157161874
32;3;76938557;2778076;173759095
32;4;78584026;5547004;205138013
32;5;76189448;3195378;174072333
32;6;79053493;3764236;184990760
32;7;78837072;4315632;184616201
32;8;78431440;3518674;161080668
32;9;78123195;3818782;149149962
32;10;78687943;2564990;157062210
32;11;75987186;5405576;145798698
32;12;76735251;5530452;163394440
32;13;75499223;5256115;158165214
32;14;75352657;4129435;147769829
32;15;78758778;5258560;179693788
32;16;80031811;5473112;175470905
32;17;80703666;5565791;178802822
32;18;77976621;2515194;167719012
32;19;77188037;5311778;146753638
32;20;75310150;4900622;164414262
32;21;75534902;5271899;191599561
32;22;78386095;5177544;165532351
32;23;79170437;5280979;172067121
32;24;80701873;3617010;154127480
32;25;79555006;5446782;168832492


THREAD; REPETITION; AVERAGE; MIN; MAX (nanoseconds)
33;1;77496858;5442591;155045963
33;2;76650007;5297391;148714012
33;3;76710638;4497779;188079700
33;4;76596276;5430928;174565831
33;5;77399454;5076693;160003227
33;6;79302750;5661753;168101951
33;7;81891728;4962083;155255347
33;8;80161050;3644458;144771403
33;9;77222840;3124489;149692000
33;10;76744524;5220147;182646956
33;11;75623854;3202851;210488972
33;12;78801773;5359480;170658910
33;13;76381408;3753898;161038484
33;14;82036946;5468922;173579394
33;15;80859044;5578503;153735181
33;16;79890028;3596337;163625894
33;17;75983912;4370038;146028824
33;18;77552724;5466896;219283526
33;19;74369350;4994490;162066897
33;20;76520361;5200591;175786587
33;21;77249135;5617474;166332313
33;22;78283348;5236419;179519395
33;23;79286492;5818687;141602215
33;24;78661489;5440007;158352528
33;25;79185067;5552312;150155746


THREAD; REPETITION; AVERAGE; MIN; MAX (nanoseconds)
34;1;76621885;5603925;169381374
34;2;76357740;5874768;166344396
34;3;75691961;3192235;173936702
34;4;79639703;5946287;180838836
34;5;78800086;5666991;164073716
34;6;79345504;3198172;151087987
34;7;79074863;4637182;143387498
34;8;77222009;3035721;164742795
34;9;79464471;5236700;187736360
34;10;75365974;5528706;174940251
34;11;77907967;3999111;162552992
34;12;79148499;5706033;163589646
34;13;80297400;5564115;175488156
34;14;80635311;4121124;185316151
34;15;79105111;5891042;164343373
34;16;77014825;5663429;146483491
34;17;76745542;5656865;202390178
34;18;75122948;5624248;162860154
34;19;75967490;4172947;174010244
34;20;77440019;5468083;181991217
34;21;78705948;5581575;162866859
34;22;80209297;2864610;154407823
34;23;80216985;2930959;178651198
34;24;77988812;3344559;151708458
34;25;78063323;5042540;177378899


THREAD; REPETITION; AVERAGE; MIN; MAX (nanoseconds)
35;1;77790917;5290198;175748803
35;2;79715581;5527937;177172937
35;3;77628011;5620965;157689804
35;4;80629807;5876166;175145445
35;5;77371023;2562547;144778736
35;6;79204168;5823785;150225587
35;7;76405176;5867994;136027693
35;8;78450316;2437740;182228328
35;9;77473366;6015080;170933876
35;10;77161148;3622039;185858119
35;11;78279364;3478376;163719341
35;12;82698431;5854794;166683894
35;13;79250861;5797315;155609582
35;14;78417869;2773537;163695386
35;15;78215997;5849417;143422068
35;16;76955237;4304388;167511443
35;17;74989380;5827836;157931665
35;18;76213505;3413074;170683984
35;19;80161584;5771474;185173953
35;20;81615441;6049582;172953895
35;21;80426028;2811880;146199936
35;22;78393096;5260026;146972590
35;23;80577934;3443315;164196846
35;24;76363122;4377861;168023240
35;25;75749258;5648483;172951451


THREAD; REPETITION; AVERAGE; MIN; MAX (nanoseconds)
36;1;77728297;6017594;157218724
36;2;79129449;6297588;160983449
36;3;83478553;6179277;165799983
36;4;80222517;5490433;145574927
36;5;78669565;2670661;161509424
36;6;75360599;6194921;144445663
36;7;76675561;5897607;158710116
36;8;78002930;2803079;169766199
36;9;80105325;5793334;208834014
36;10;80000241;2844635;172821406
36;11;80682319;6142819;163973424
36;12;79076317;5701912;144897047
36;13;79087067;5231880;148212553
36;14;77345976;5990286;150076755
36;15;76556978;6000064;153577200
36;16;75705809;4385194;155921493
36;17;78596744;2552141;188918704
36;18;78824389;2858324;166798923
36;19;79075884;3085518;156878598
36;20;81754010;3234838;158693772
36;21;78213174;5492946;171421508
36;22;78520266;4660438;164650046
36;23;76560945;6136324;220815146
36;24;76881020;4188242;194056367
36;25;78649029;5687804;167806314


THREAD; REPETITION; AVERAGE; MIN; MAX (nanoseconds)
37;1;81250861;4760801;177045337
37;2;81794330;6203303;169000529
37;3;78269788;4089556;150657975
37;4;79330788;6069836;152534819
37;5;79040283;2698598;165626078
37;6;77073050;5464242;199305987
37;7;76590293;6195411;189099732
37;8;77163184;4087531;156072839
37;9;83288237;6034356;160316535
37;10;85283194;6407868;168675348
37;11;78377294;5852699;149534578
37;12;75674320;5325258;142100253
37;13;76505989;5562718;168072548
37;14;75863869;5308845;151346680
37;15;77296299;2905187;190953739
37;16;79227064;6334255;168718021
37;17;80142846;3724635;150675714
37;18;79149060;5727404;150983924
37;19;77825327;3458610;146223402
37;20;76987487;5755900;155678724
37;21;77243608;6065086;164371589
37;22;75785036;5886432;163392973
37;23;76034643;6238642;159703747
37;24;80654186;5104000;162020382
37;25;80077844;5512921;146665149


THREAD; REPETITION; AVERAGE; MIN; MAX (nanoseconds)
38;1;79082621;6345988;172080879
38;2;78742789;5368210;165574116
38;3;82538169;5881614;174006683
38;4;77575219;6587779;169557304
38;5;78339313;2951981;209911944
38;6;77924622;6253100;173584632
38;7;83373492;5989379;185636233
38;8;79034807;5187182;144245987
38;9;80480443;2554654;151039727
38;10;76444918;5005105;144981276
38;11;77887927;6067950;191120170
38;12;76710645;5479677;164177570
38;13;77599751;2730514;160190052
38;14;78088876;4976331;185914551
38;15;79709158;3235258;174482232
38;16;80877304;6385519;154423048
38;17;78196105;6233963;138949224
38;18;77263345;2839328;143836507
38;19;77157360;4776794;154504972
38;20;77436429;6338445;181728823
38;21;77323920;2696013;155190114
38;22;79789842;4904813;175443039
38;23;80701323;6161817;172180053
38;24;79981288;3175613;151543283
38;25;78741324;5597708;157311124


THREAD; REPETITION; AVERAGE; MIN; MAX (nanoseconds)
39;1;77370530;6317563;157539785
39;2;79650827;5628159;170160383
39;3;78526015;6342357;158062338
39;4;76920076;2561010;197688463
39;5;77978585;3171073;164652980
39;6;80767247;6473728;195453473
39;7;79668028;5609651;142444500
39;8;77786050;4415925;152962039
39;9;77464965;6363588;149835803
39;10;77857288;6180045;185825573
39;11;78529005;3560579;191013802
39;12;79294999;3256769;159864103
39;13;80859716;2535029;181346512
39;14;83356096;6310020;147916285
39;15;81483307;2928026;185464283
39;16;80345608;6552998;185758944
39;17;78364007;6070324;181745026
39;18;76617135;3644947;198816679
39;19;79236539;6347664;164609538
39;20;80988520;2757962;171608123
39;21;78965250;2945765;182256753
39;22;82545624;6558935;183816030
39;23;79822329;6608591;154192991
39;24;78140551;4156464;149882945
39;25;77592465;5809887;197879829


THREAD; REPETITION; AVERAGE; MIN; MAX (nanoseconds)
40;1;76801033;6255194;165315564
40;2;80574711;4470331;175301470
40;3;78231050;6913169;172401381
40;4;81912144;3180083;164357970
40;5;78802555;6495239;160794179
40;6;79173909;4231544;155825670
40;7;77778325;5165601;144214348
40;8;77863227;4506299;167821888
40;9;76282574;5223569;157964420
40;10;76897136;6417156;154188312
40;11;79363180;5894464;156436293
40;12;79564777;3121416;184233960
40;13;80132244;6364985;150939435
40;14;80552518;4532140;175323609
40;15;79104291;6151969;162898986
40;16;78315520;3443874;168854562
40;17;75782974;2961410;153803696
40;18;78381895;3191118;175279679
40;19;79529889;3045150;229021636
40;20;80887786;6371760;196536990
40;21;78625752;2752096;149333365
40;22;80044065;3255511;166010555
40;23;76168911;3026781;144750101
40;24;76796684;4956356;156308623
40;25;76626426;5655956;168807278


THREAD; REPETITION; AVERAGE; MIN; MAX (nanoseconds)
41;1;76732977;2589575;148229663
41;2;74513752;5569982;142505333
41;3;74778527;2543899;158961404
41;4;77810135;4783220;203681962
41;5;75380182;3570286;157180382
41;6;75275933;6410242;156522477
41;7;76015173;3000312;157221798
41;8;75870924;4727067;146150977
41;9;74118496;6398369;145027162
41;10;75669594;3546470;165376046
41;11;75007393;6672985;190396615
41;12;74226873;5737601;182482690
41;13;77155770;6244299;205348655
41;14;73842466;6717893;145102171
41;15;74782447;4685023;143631244
41;16;74545931;6548946;143261364
41;17;73839080;6647563;192165485
41;18;74825638;2483416;165520967
41;19;78174152;6718661;189651339
41;20;75161376;3369772;185296804
41;21;75223807;6209798;142896932
41;22;77020951;3300908;145437060
41;23;74994500;2914058;144586812
41;24;75141838;6953538;184249814
41;25;76373982;5356756;169249514


THREAD; REPETITION; AVERAGE; MIN; MAX (nanoseconds)
42;1;75845283;6357302;170215489
42;2;76699112;4068953;160310808
42;3;75302983;6551392;161399913
42;4;74764523;6843886;147645441
42;5;75222462;6514305;149091295
42;6;76065703;3546121;157080928
42;7;76082053;3058979;158561633
42;8;75180023;3051436;148632019
42;9;76318645;6984268;147907975
42;10;75625214;2984597;144259117
42;11;77614150;6235359;164308313
42;12;74160251;6478128;142272900
42;13;75421053;6190731;154828547
42;14;74756570;4223582;156246674
42;15;76468920;5544071;162061869
42;16;81743622;6680808;196150907
42;17;76387288;6396134;149292927
42;18;77044876;7048242;144381479
42;19;74821080;6731302;149349429
42;20;75406988;6662090;171505457
42;21;76654806;6412547;158054655
42;22;76856406;3032718;169515189
42;23;77465380;4892801;156005163
42;24;76149292;3683149;143366685
42;25;76492203;6734585;149202692


THREAD; REPETITION; AVERAGE; MIN; MAX (nanoseconds)
43;1;75354447;6854083;144044494
43;2;75683109;6431753;152571556
43;3;76299284;3113664;161457392
43;4;78980559;2389131;198977733
43;5;77894421;5256045;148314870
43;6;74750629;3249924;145360374
43;7;76151241;6119772;144889434
43;8;73662329;3277582;139993910
43;9;75920297;6539239;155283353
43;10;76851194;2959385;181729522
43;11;77455942;2866356;157029245
43;12;78787701;2666680;152954007
43;13;76472390;3720795;147321447
43;14;75857110;6671937;144756736
43;15;76248151;3771220;161823430
43;16;76087400;3124839;178031076
43;17;76416286;5221055;156928255
43;18;78202376;3803067;150367225
43;19;77644345;3148375;151974972
43;20;76663280;2822706;151344025
43;21;76779991;6572833;139756939
43;22;76323086;3320324;177031997
43;23;77144874;6405703;153954274
43;24;78597560;4663861;167383564
43;25;76982843;6633873;158704389


THREAD; REPETITION; AVERAGE; MIN; MAX (nanoseconds)
44;1;76937212;6116490;159294268
44;2;77293246;6931887;173319235
44;3;76673637;3164090;145549644
44;4;76970404;6548598;160100726
44;5;76115506;6888586;156850243
44;6;76569790;6763289;159267867
44;7;78779098;6112578;187694176
44;8;78854074;3058070;160456078
44;9;79462082;6698337;151229835
44;10;77871844;6931119;147539352
44;11;76031338;3676236;180191337
44;12;75705595;5668877;167311698
44;13;78329548;6898223;191607034
44;14;78495709;3182388;165877158
44;15;78656294;2525880;155547912
44;16;78500927;3577759;143831478
44;17;77994437;6023601;144180685
44;18;77119545;4685303;152329417
44;19;76770273;7118852;174332492
44;20;77127786;7035042;169758028
44;21;77478614;5909410;163127437
44;22;79490713;4152832;164608212
44;23;80972175;6392851;205301162
44;24;77197030;3092712;153829607
44;25;76916818;2577632;174442771


THREAD; REPETITION; AVERAGE; MIN; MAX (nanoseconds)
45;1;75910819;2850991;149536394
45;2;77199188;3362368;159134611
45;3;77770211;3515740;152777099
45;4;78497917;7017023;149174546
45;5;77209773;5054833;145251561
45;6;78283996;6552439;171012727
45;7;76569794;6027931;162954020
45;8;76418822;7016115;180731211
45;9;77460514;5285518;180112486
45;10;78434325;7544185;150661396
45;11;78914715;4734191;191320754
45;12;77729632;3384508;146389835
45;13;76088736;7048312;141249516
45;14;77054587;2853994;159763951
45;15;78568394;7012484;194587440
45;16;78231264;6953887;170760180
45;17;78151084;3042566;171900339
45;18;77387219;3666457;152087067
45;19;78506234;2987740;146521834
45;20;77648671;6106922;159401264
45;21;76738370;2918667;164032859
45;22;76715421;6815670;161220351
45;23;78344532;4168686;166051341
45;24;79468823;5384693;148916622
45;25;79973680;5593658;168278301


THREAD; REPETITION; AVERAGE; MIN; MAX (nanoseconds)
46;1;78496658;4304457;144736412
46;2;77019150;2887309;146384037
46;3;77607961;5701632;170429482
46;4;77574466;6992649;148950705
46;5;79515778;7296038;162467996
46;6;79719195;7648947;195982939
46;7;79553100;6641347;145527783
46;8;78333688;5461728;146268800
46;9;77498349;4526483;156808058
46;10;76618293;2728279;163730725
46;11;76545719;2951423;186821649
46;12;77617298;7228154;159591443
46;13;77992580;6872103;156714261
46;14;79178506;3348191;146145111
46;15;78395898;7202243;160252141
46;16;76923070;3572801;136046271
46;17;76643654;7585042;156576814
46;18;76604810;4666584;147109199
46;19;78398256;5201499;169614992
46;20;82043302;2328369;172691012
46;21;78377816;3263333;144335733
46;22;80775566;6121867;145688978
46;23;78371894;3864178;147222343
46;24;76925844;6446979;152300362
46;25;78958320;7047823;171748924


THREAD; REPETITION; AVERAGE; MIN; MAX (nanoseconds)
47;1;79371329;2965950;168503050
47;2;81450243;3705987;176804175
47;3;79899789;6850452;149991898
47;4;78637826;6935728;160263246
47;5;76112979;6998515;138974507
47;6;77664656;5387765;205303118
47;7;77525939;3133569;149803607
47;8;77515001;3251391;175455680
47;9;81434566;6387404;155121950
47;10;79678810;5865760;163949328
47;11;77866271;4399302;143031167
47;12;78268549;2980616;147938635
47;13;76983107;2986623;154970883
47;14;77836567;2594254;146052780
47;15;77695954;6429937;155340204
47;16;80238667;6486299;162755881
47;17;79543766;4192502;149810102
47;18;79499905;5418565;167012987
47;19;77574319;7030992;146401359
47;20;78456837;6196039;173317000
47;21;77956348;2766832;155231042
47;22;77589962;6857505;159908871
47;23;80770690;8196782;189687726
47;24;79379289;7393468;154502249
47;25;79315806;3608280;148690895


THREAD; REPETITION; AVERAGE; MIN; MAX (nanoseconds)
48;1;78351263;3073505;143406075
48;2;78504741;3192445;171823863
48;3;79071357;2799727;146738063
48;4;78610351;2628966;165851945
48;5;81967756;7429506;176120708
48;6;79422364;7518064;152236318
48;7;77732331;6014172;147332972
48;8;78716715;7387811;189630037
48;9;77689498;2970350;170230155
48;10;76497549;4164845;163222351
48;11;77301849;3169467;162618643
48;12;80790108;7939278;168460866
48;13;78776521;6142540;146137917
48;14;78707674;6842071;143533256
48;15;77341447;6965550;145632057
48;16;76496765;3185741;155583811
48;17;76475051;7666966;166187881
48;18;77726905;7249315;170678396
48;19;79796289;7571493;182549807
48;20;79394571;5234115;147049415
48;21;80215313;7381874;141898761
48;22;76966836;7099854;137022792
48;23;77949643;4074960;161139894
48;24;78030074;3017074;165628663
48;25;78112998;4930585;165418719


THREAD; REPETITION; AVERAGE; MIN; MAX (nanoseconds)
49;1;80299477;4034312;163001931
49;2;80396498;5819455;157827531
49;3;78749894;7635468;140674793
49;4;76628471;2938851;135364341
49;5;77436113;6458432;155965563
49;6;78364466;2778985;168429088
49;7;78483895;7852674;183615166
49;8;82238825;2497385;161909964
49;9;79333573;2688750;147330667
49;10;79667336;2887098;152598095
49;11;77598071;7771658;156132483
49;12;77521520;5402153;185865801
49;13;76982045;7180452;179788213
49;14;79080386;6675080;167916034
49;15;79220127;7660681;148435905
49;16;79955488;3002547;161018719
49;17;80763793;3268991;143256405
49;18;78501990;2845613;160508668
49;19;76256114;6749322;151356317
49;20;77659540;2828851;169162561
49;21;79398483;3309918;165068395
49;22;81457279;3680915;166869533
49;23;81167568;3171772;198249009
49;24;79433104;3315924;146576241
49;25;77070601;7651671;142925637


THREAD; REPETITION; AVERAGE; MIN; MAX (nanoseconds)
50;1;77133226;4046883;150027727
50;2;76703782;5361435;147280590
50;3;78488390;7350236;158647467
50;4;81939890;3888413;179338366
50;5;80067842;8080147;143843282
50;6;80593763;5087867;162719354
50;7;78987454;2759569;140768450
50;8;77305263;2455689;158406655
50;9;77184014;7049988;162023944
50;10;79476695;7713341;158123868
50;11;80281653;3415239;156440972
50;12;79243339;8121493;144791517
50;13;79382624;2876693;159754662
50;14;77497812;6249258;144472691
50;15;77355866;7557455;168983000
50;16;79147800;7023518;185350652
50;17;78260253;7275226;152859442
50;18;80238674;5276159;163098243
50;19;79089075;7641334;146180101
50;20;78932291;7797779;142308380
50;21;77507890;2780521;141258316
50;22;78141863;6275938;153628184
50;23;76908164;3780578;154415436
50;24;78951465;4640045;149753879
50;25;82155196;6554674;157217048


