THREAD; AVERAGE-REPETITIONS; MIN-REPETITIONS; MAX-REPETITIONS (nanoseconds)
1;0;0;0
2;0;0;0
3;0;0;0
4;22306699914;21625372693;23350300932
5;28998839575;24968151549;34647138373
6;23009096441;19399449728;27442563585
7;18033623957;15331189950;20850172298
8;28470597439;21505272069;35428103951
9;26402138827;20951440381;34552558702
10;24633142867;21391429433;28417806369
11;25529767740;22544320493;28754877659
12;26982123320;25093840896;29130023930
13;21683220826;20519779949;22828513299
14;16024139514;15421282852;16710770413
15;10229977936;10078985804;10531534116
16;0;0;0
17;0;0;0
18;1945960629;1622459144;2269462113
19;2363846265;2363846265;2363846265
20;761695723;471005203;1286485958
21;647386006;482819333;808717462
22;826277013;507670581;1173434048
23;0;0;0
24;3605076031;3345746828;3670204160
25;616767958;517020805;798990511
26;4909362555;4754670490;5203883530
27;2164958899;1510107128;2341175543
28;1363251554;1255533485;1470969623
29;7392871728;7108978171;7857015291
30;14673529295;13023560620;16463069968
31;12363939096;10361038190;14304510735
32;16473583992;14453351554;19251142673
33;9260289358;7331419926;12306020376
34;16726924307;14861832149;18730855284
35;13712428524;11120067469;16793583712
36;15619944904;13394084010;18663109632
37;15966376104;12221268619;21713839063
38;17473348488;14978147412;21399202923
39;18221747294;13939139491;24291021316
40;18183056485;14384949601;24286184629
41;21044611723;18058077697;23745204005
42;13761096569;11375939366;18171101162
43;13836137404;10684200304;19056094123
44;15692671349;13078334134;18254404288
45;15573571117;12317781307;18893950340
46;19601093719;16316358246;24255124246
47;8092490370;7122035764;8862209322
48;21001999556;18736735305;23942880883
49;15834453021;14835458137;16980325547
50;13981688575;12592533358;15177114331
THREAD; REPETITION; AVERAGE; MIN; MAX (nanoseconds)
1;1;0;0;0
1;2;0;0;0
1;3;0;0;0
1;4;0;0;0
1;5;0;0;0
1;6;0;0;0
1;7;0;0;0
1;8;0;0;0
1;9;0;0;0
1;10;0;0;0
1;11;0;0;0
1;12;0;0;0
1;13;0;0;0
1;14;0;0;0
1;15;0;0;0
1;16;0;0;0
1;17;0;0;0
1;18;0;0;0
1;19;0;0;0
1;20;0;0;0
1;21;0;0;0
1;22;0;0;0
1;23;0;0;0
1;24;0;0;0
1;25;0;0;0


THREAD; REPETITION; AVERAGE; MIN; MAX (nanoseconds)
2;1;0;0;0
2;2;0;0;0
2;3;0;0;0
2;4;0;0;0
2;5;0;0;0
2;6;0;0;0
2;7;0;0;0
2;8;0;0;0
2;9;0;0;0
2;10;0;0;0
2;11;0;0;0
2;12;0;0;0
2;13;0;0;0
2;14;0;0;0
2;15;0;0;0
2;16;0;0;0
2;17;0;0;0
2;18;0;0;0
2;19;0;0;0
2;20;0;0;0
2;21;0;0;0
2;22;0;0;0
2;23;0;0;0
2;24;0;0;0
2;25;0;0;0


THREAD; REPETITION; AVERAGE; MIN; MAX (nanoseconds)
3;1;0;0;0
3;2;0;0;0
3;3;0;0;0
3;4;0;0;0
3;5;0;0;0
3;6;0;0;0
3;7;0;0;0
3;8;0;0;0
3;9;0;0;0
3;10;0;0;0
3;11;0;0;0
3;12;0;0;0
3;13;0;0;0
3;14;0;0;0
3;15;0;0;0
3;16;0;0;0
3;17;0;0;0
3;18;0;0;0
3;19;0;0;0
3;20;0;0;0
3;21;0;0;0
3;22;0;0;0
3;23;0;0;0
3;24;0;0;0
3;25;0;0;0


THREAD; REPETITION; AVERAGE; MIN; MAX (nanoseconds)
4;1;0;0;0
4;2;36673465028;36671604352;36675325705
4;3;36473544054;36473544054;36473544054
4;4;0;0;0
4;5;38349652260;38349652260;38349652260
4;6;39709950321;35864252580;49332749483
4;7;0;0;0
4;8;0;0;0
4;9;38294797104;38288643109;38302981594
4;10;38789164335;38789164335;38789164335
4;11;53789523249;53789523249;53789523249
4;12;38633510753;38633510753;38633510753
4;13;43918949755;38522353260;52593839511
4;14;0;0;0
4;15;0;0;0
4;16;0;0;0
4;17;0;0;0
4;18;37465325178;37463638884;37466431209
4;19;0;0;0
4;20;37278333734;37270946447;37285721021
4;21;43280213546;36038741306;50521685787
4;22;37339895783;36807645874;37872145692
4;23;37671172767;37671096885;37671248650
4;24;0;0;0
4;25;0;0;0


THREAD; REPETITION; AVERAGE; MIN; MAX (nanoseconds)
5;1;40866694487;30146022330;58740643015
5;2;36650761293;27915922904;54120425641
5;3;31270583179;27705935182;38399724267
5;4;42844967168;42844967168;42844967168
5;5;0;0;0
5;6;30721778396;22532419763;41384654754
5;7;36796533544;28286130011;53817290606
5;8;27207169207;26821598695;27592739720
5;9;23971733453;23968719208;23974747699
5;10;34974818587;28622062860;42495762310
5;11;26935081065;26499845232;27370316898
5;12;29223338580;29223338580;29223338580
5;13;29188103119;21802690076;39899379809
5;14;29623297816;21512031208;39146999688
5;15;33473318746;33473318746;33473318746
5;16;33995286866;27310172731;40680401001
5;17;28192272505;28186148519;28200867778
5;18;0;0;0
5;19;33164009532;14996830533;51331188531
5;20;38746554555;28227979673;49265129437
5;21;28018230459;28017879507;28018581411
5;22;24027900683;24027845508;24027955858
5;23;27072506654;27071722314;27073161952
5;24;29211365620;29211365620;29211365620
5;25;28794683877;25798842381;35885498855


THREAD; REPETITION; AVERAGE; MIN; MAX (nanoseconds)
6;1;22128795419;19422919044;23726943369
6;2;27702966788;20485348976;34920584600
6;3;0;0;0
6;4;29044944364;23550312749;34539575980
6;5;21795455393;19268960581;24321950206
6;6;34692444360;34692444360;34692444360
6;7;20146594434;19786050043;20507138826
6;8;24982776162;24982776162;24982776162
6;9;25219179026;23921985266;26234933630
6;10;24554589217;20160379391;27482846633
6;11;26552475221;13991333186;46008857830
6;12;21175519933;18971582631;23379457235
6;13;31553066568;20806908211;48465864656
6;14;37801188000;37801188000;37801188000
6;15;25598552330;25598552330;25598552330
6;16;21227034476;19063782827;23390286126
6;17;34238177268;34238177268;34238177268
6;18;21401365280;18477086683;22865967043
6;19;24981320217;24980979706;24981660728
6;20;28998301693;19779483706;44029809026
6;21;23391294406;19151884946;34752997937
6;22;21995781563;6506551322;34783162734
6;23;0;0;0
6;24;26045588918;19347555834;34358914960
6;25;0;0;0


THREAD; REPETITION; AVERAGE; MIN; MAX (nanoseconds)
7;1;0;0;0
7;2;54975567566;54975567566;54975567566
7;3;17022321098;17020962231;17023679965
7;4;21947781526;18585974893;25309588160
7;5;14929234476;9279116899;18297825492
7;6;23147006952;23147006952;23147006952
7;7;18557083163;18557083163;18557083163
7;8;18804116515;18804116515;18804116515
7;9;17515767401;17180981451;17850553352
7;10;32297928647;18005285169;56966979113
7;11;19980489489;16675397851;23285581128
7;12;20637720052;17228038899;24047401206
7;13;21708378963;18308325220;25077872188
7;14;0;0;0
7;15;26381664640;26381664640;26381664640
7;16;18075799182;14703863340;23684745687
7;17;22033422497;16516351031;24794118317
7;18;0;0;0
7;19;0;0;0
7;20;23457573379;20593819187;26321327571
7;21;20049109286;9040932367;25018919793
7;22;18491864468;16259565881;22955074178
7;23;20011106463;14922922955;24214648650
7;24;20816663186;17092772545;24540553828
7;25;0;0;0


THREAD; REPETITION; AVERAGE; MIN; MAX (nanoseconds)
8;1;47253597244;21960836922;55691762850
8;2;19316804579;15164126446;23469482713
8;3;59858319423;59853194541;59861078014
8;4;23354783568;23354783568;23354783568
8;5;22221376529;22221376529;22221376529
8;6;0;0;0
8;7;0;0;0
8;8;53601649214;43585343738;56944147022
8;9;55129551241;55129551241;55129551241
8;10;13550129509;9307795404;15672690175
8;11;31768104535;15215734961;55035532589
8;12;54285956874;54285956874;54285956874
8;13;22089975437;17015118472;27164832402
8;14;18212426975;14731313547;23148475784
8;15;23895693936;23895693936;23895693936
8;16;22334779234;17330333534;25811351025
8;17;33467307507;16559417538;55701006692
8;18;16900393520;16899321003;16901466038
8;19;15734482036;15405653931;16063310141
8;20;40959623732;16649234470;53121884695
8;21;38875928644;19484784519;58267072770
8;22;23963874836;9243164354;56126605337
8;23;31356256940;15959183011;54946580641
8;24;22036733404;17229346886;26844119923
8;25;21597187072;17150536311;26043837834


THREAD; REPETITION; AVERAGE; MIN; MAX (nanoseconds)
9;1;41021714268;16075134060;57139227891
9;2;22576372207;22576372207;22576372207
9;3;25089130625;16564378573;58204672801
9;4;51646920978;51646920978;51646920978
9;5;36809520938;17447459943;56171581933
9;6;0;0;0
9;7;18924396745;16868525818;23031689781
9;8;22432991065;22432991065;22432991065
9;9;0;0;0
9;10;0;0;0
9;11;30650027709;21377779788;55087471313
9;12;51991006154;51966451532;52015560777
9;13;24770689305;9526906143;53297506946
9;14;16713445401;15677420175;17972110771
9;15;23793558678;23793558678;23793558678
9;16;55254433524;55254433524;55254433524
9;17;30327099067;16282297890;52181681330
9;18;34610161668;17521868771;59452492076
9;19;31001309439;15602011149;54369579165
9;20;0;0;0
9;21;13431347908;8408098445;15943738939
9;22;17953709060;13744823364;22162594757
9;23;0;0;0
9;24;56864426205;56861355633;56867496777
9;25;54191209753;54157221798;54212285849


THREAD; REPETITION; AVERAGE; MIN; MAX (nanoseconds)
10;1;52485052849;52485052849;52485052849
10;2;52541524622;52541524622;52541524622
10;3;17282251361;14991982221;24643760939
10;4;25614756554;25614756554;25614756554
10;5;23430964270;23430964270;23430964270
10;6;15306021924;14591402049;16020641799
10;7;0;0;0
10;8;0;0;0
10;9;56123740448;56123740448;56123740448
10;10;56336155480;54705628439;59570538923
10;11;0;0;0
10;12;16138568484;16138259471;16138877497
10;13;0;0;0
10;14;24461737177;24461737177;24461737177
10;15;42409909685;18020555196;54606884953
10;16;32403909691;20356310021;56494394120
10;17;20006463321;20006463321;20006463321
10;18;17406277753;12858136159;21982336722
10;19;16938776157;16938776157;16938776157
10;20;56671885044;56671885044;56671885044
10;21;22548555263;9531005477;53782395808
10;22;25372503977;25372503977;25372503977
10;23;42349517629;19945052374;53557924052
10;24;0;0;0
10;25;0;0;0


THREAD; REPETITION; AVERAGE; MIN; MAX (nanoseconds)
11;1;0;0;0
11;2;17920177337;15965508606;22939237948
11;3;0;0;0
11;4;43065638894;16969867540;51772657349
11;5;0;0;0
11;6;22905247978;20820704028;24989791928
11;7;53437585153;53097943104;54106256382
11;8;20326629292;17250576750;23478484626
11;9;20699712254;20699712254;20699712254
11;10;52981126744;52977321140;52984469744
11;11;15468525748;15468525748;15468525748
11;12;27747071607;16656179067;49626663026
11;13;17911458719;17910315627;17912601811
11;14;32442690649;17118079672;51750536870
11;15;18060957049;18060957049;18060957049
11;16;50594374565;50594374565;50594374565
11;17;35486947531;20824335146;55288799693
11;18;52820765069;52820765069;52820765069
11;19;0;0;0
11;20;0;0;0
11;21;57210246274;57207808325;57213068770
11;22;25763913570;25763913570;25763913570
11;23;51827989032;51827989032;51827989032
11;24;21573136041;21573136041;21573136041
11;25;0;0;0


THREAD; REPETITION; AVERAGE; MIN; MAX (nanoseconds)
12;1;22851794187;22850817561;22852770813
12;2;0;0;0
12;3;51324147483;51324147483;51324147483
12;4;21961366482;20543182165;24778353813
12;5;48223356041;48223356041;48223356041
12;6;20701654679;16189114747;23390547192
12;7;30396904606;10776873458;56085008849
12;8;49903859569;49903859569;49903859569
12;9;20818012904;20818012904;20818012904
12;10;0;0;0
12;11;17186278424;17186278424;17186278424
12;12;39959801734;21451825651;58467777818
12;13;51957382223;51957382223;51957382223
12;14;47807408135;47807408135;47807408135
12;15;54919435117;54917400396;54921469838
12;16;0;0;0
12;17;21026620725;20177140321;22723327057
12;18;0;0;0
12;19;52385263071;52385263071;52385263071
12;20;55276789857;55276789857;55276789857
12;21;22608063909;21923412683;23292715136
12;22;0;0;0
12;23;23361939052;21750752889;24973125215
12;24;21883004824;21883004824;21883004824
12;25;0;0;0


THREAD; REPETITION; AVERAGE; MIN; MAX (nanoseconds)
13;1;0;0;0
13;2;0;0;0
13;3;0;0;0
13;4;0;0;0
13;5;39134093666;24456074166;53360440852
13;6;52297189936;52297189936;52297189936
13;7;24606862604;24606862604;24606862604
13;8;0;0;0
13;9;0;0;0
13;10;0;0;0
13;11;0;0;0
13;12;39539210080;25157901702;53920518459
13;13;21332665116;21332665116;21332665116
13;14;0;0;0
13;15;0;0;0
13;16;49993355859;49993355859;49993355859
13;17;51686072601;51686072601;51686072601
13;18;51212939680;51189766786;51233832023
13;19;21512505430;21512505430;21512505430
13;20;0;0;0
13;21;51382941012;51379419871;51386704945
13;22;47301222781;47301222781;47301222781
13;23;43323184232;43323184232;43323184232
13;24;0;0;0
13;25;48758277658;48758277658;48758277658


THREAD; REPETITION; AVERAGE; MIN; MAX (nanoseconds)
14;1;24254653245;24254653245;24254653245
14;2;0;0;0
14;3;0;0;0
14;4;0;0;0
14;5;0;0;0
14;6;47960486668;47960486668;47960486668
14;7;24499230733;24026626638;24971834828
14;8;33006464299;33006464299;33006464299
14;9;22300880070;22300880070;22300880070
14;10;22457192935;21561871900;24154699340
14;11;34655329100;34655329100;34655329100
14;12;21800538162;19761864706;25131382201
14;13;0;0;0
14;14;0;0;0
14;15;0;0;0
14;16;0;0;0
14;17;25797945898;25797945898;25797945898
14;18;0;0;0
14;19;0;0;0
14;20;43092599548;43092599548;43092599548
14;21;43843202662;43841394227;43845011098
14;22;0;0;0
14;23;0;0;0
14;24;20393853129;20393853129;20393853129
14;25;36541111405;24878101896;48204120915


THREAD; REPETITION; AVERAGE; MIN; MAX (nanoseconds)
15;1;0;0;0
15;2;24665710167;24665710167;24665710167
15;3;24638150519;24638150519;24638150519
15;4;0;0;0
15;5;20625724883;20621426536;20630023230
15;6;0;0;0
15;7;0;0;0
15;8;0;0;0
15;9;0;0;0
15;10;0;0;0
15;11;0;0;0
15;12;0;0;0
15;13;0;0;0
15;14;0;0;0
15;15;0;0;0
15;16;45117153926;45111857512;45122450340
15;17;0;0;0
15;18;43902226540;43902226540;43902226540
15;19;0;0;0
15;20;0;0;0
15;21;0;0;0
15;22;47742888622;47742888622;47742888622
15;23;0;0;0
15;24;23270650250;23270650250;23270650250
15;25;25786943498;22021734955;33316253253


THREAD; REPETITION; AVERAGE; MIN; MAX (nanoseconds)
16;1;0;0;0
16;2;0;0;0
16;3;0;0;0
16;4;0;0;0
16;5;0;0;0
16;6;0;0;0
16;7;0;0;0
16;8;0;0;0
16;9;0;0;0
16;10;0;0;0
16;11;0;0;0
16;12;0;0;0
16;13;0;0;0
16;14;0;0;0
16;15;0;0;0
16;16;0;0;0
16;17;0;0;0
16;18;0;0;0
16;19;0;0;0
16;20;0;0;0
16;21;0;0;0
16;22;0;0;0
16;23;0;0;0
16;24;0;0;0
16;25;0;0;0


THREAD; REPETITION; AVERAGE; MIN; MAX (nanoseconds)
17;1;0;0;0
17;2;0;0;0
17;3;0;0;0
17;4;0;0;0
17;5;0;0;0
17;6;0;0;0
17;7;0;0;0
17;8;0;0;0
17;9;0;0;0
17;10;0;0;0
17;11;0;0;0
17;12;0;0;0
17;13;0;0;0
17;14;0;0;0
17;15;0;0;0
17;16;0;0;0
17;17;0;0;0
17;18;0;0;0
17;19;0;0;0
17;20;0;0;0
17;21;0;0;0
17;22;0;0;0
17;23;0;0;0
17;24;0;0;0
17;25;0;0;0


THREAD; REPETITION; AVERAGE; MIN; MAX (nanoseconds)
18;1;16536529433;16536529433;16536529433
18;2;0;0;0
18;3;0;0;0
18;4;0;0;0
18;5;0;0;0
18;6;0;0;0
18;7;0;0;0
18;8;0;0;0
18;9;0;0;0
18;10;0;0;0
18;11;0;0;0
18;12;0;0;0
18;13;0;0;0
18;14;0;0;0
18;15;0;0;0
18;16;0;0;0
18;17;32112486294;24024949191;40200023397
18;18;0;0;0
18;19;0;0;0
18;20;0;0;0
18;21;0;0;0
18;22;0;0;0
18;23;0;0;0
18;24;0;0;0
18;25;0;0;0


THREAD; REPETITION; AVERAGE; MIN; MAX (nanoseconds)
19;1;0;0;0
19;2;0;0;0
19;3;0;0;0
19;4;0;0;0
19;5;0;0;0
19;6;0;0;0
19;7;0;0;0
19;8;0;0;0
19;9;0;0;0
19;10;0;0;0
19;11;0;0;0
19;12;0;0;0
19;13;0;0;0
19;14;0;0;0
19;15;0;0;0
19;16;0;0;0
19;17;0;0;0
19;18;0;0;0
19;19;0;0;0
19;20;0;0;0
19;21;0;0;0
19;22;0;0;0
19;23;0;0;0
19;24;59096156634;59096156634;59096156634
19;25;0;0;0


THREAD; REPETITION; AVERAGE; MIN; MAX (nanoseconds)
20;1;0;0;0
20;2;0;0;0
20;3;0;0;0
20;4;0;0;0
20;5;0;0;0
20;6;19042393083;11775130080;32162148960
20;7;0;0;0
20;8;0;0;0
20;9;0;0;0
20;10;0;0;0
20;11;0;0;0
20;12;0;0;0
20;13;0;0;0
20;14;0;0;0
20;15;0;0;0
20;16;0;0;0
20;17;0;0;0
20;18;0;0;0
20;19;0;0;0
20;20;0;0;0
20;21;0;0;0
20;22;0;0;0
20;23;0;0;0
20;24;0;0;0
20;25;0;0;0


THREAD; REPETITION; AVERAGE; MIN; MAX (nanoseconds)
21;1;0;0;0
21;2;0;0;0
21;3;0;0;0
21;4;0;0;0
21;5;0;0;0
21;6;0;0;0
21;7;0;0;0
21;8;0;0;0
21;9;0;0;0
21;10;0;0;0
21;11;0;0;0
21;12;0;0;0
21;13;0;0;0
21;14;0;0;0
21;15;0;0;0
21;16;0;0;0
21;17;0;0;0
21;18;0;0;0
21;19;0;0;0
21;20;0;0;0
21;21;16184650167;12070483330;20217936567
21;22;0;0;0
21;23;0;0;0
21;24;0;0;0
21;25;0;0;0


THREAD; REPETITION; AVERAGE; MIN; MAX (nanoseconds)
22;1;0;0;0
22;2;0;0;0
22;3;0;0;0
22;4;0;0;0
22;5;0;0;0
22;6;0;0;0
22;7;0;0;0
22;8;0;0;0
22;9;0;0;0
22;10;0;0;0
22;11;0;0;0
22;12;0;0;0
22;13;0;0;0
22;14;0;0;0
22;15;0;0;0
22;16;0;0;0
22;17;0;0;0
22;18;0;0;0
22;19;0;0;0
22;20;0;0;0
22;21;0;0;0
22;22;0;0;0
22;23;0;0;0
22;24;20656925349;12691764526;29335851204
22;25;0;0;0


THREAD; REPETITION; AVERAGE; MIN; MAX (nanoseconds)
23;1;0;0;0
23;2;0;0;0
23;3;0;0;0
23;4;0;0;0
23;5;0;0;0
23;6;0;0;0
23;7;0;0;0
23;8;0;0;0
23;9;0;0;0
23;10;0;0;0
23;11;0;0;0
23;12;0;0;0
23;13;0;0;0
23;14;0;0;0
23;15;0;0;0
23;16;0;0;0
23;17;0;0;0
23;18;0;0;0
23;19;0;0;0
23;20;0;0;0
23;21;0;0;0
23;22;0;0;0
23;23;0;0;0
23;24;0;0;0
23;25;0;0;0


THREAD; REPETITION; AVERAGE; MIN; MAX (nanoseconds)
24;1;12183390766;12183390766;12183390766
24;2;0;0;0
24;3;0;0;0
24;4;0;0;0
24;5;0;0;0
24;6;0;0;0
24;7;0;0;0
24;8;0;0;0
24;9;0;0;0
24;10;0;0;0
24;11;0;0;0
24;12;0;0;0
24;13;0;0;0
24;14;0;0;0
24;15;0;0;0
24;16;18182942273;11699712184;19811145481
24;17;0;0;0
24;18;0;0;0
24;19;0;0;0
24;20;59760567754;59760567754;59760567754
24;21;0;0;0
24;22;0;0;0
24;23;0;0;0
24;24;0;0;0
24;25;0;0;0


THREAD; REPETITION; AVERAGE; MIN; MAX (nanoseconds)
25;1;0;0;0
25;2;0;0;0
25;3;0;0;0
25;4;0;0;0
25;5;0;0;0
25;6;0;0;0
25;7;0;0;0
25;8;0;0;0
25;9;0;0;0
25;10;0;0;0
25;11;0;0;0
25;12;0;0;0
25;13;0;0;0
25;14;0;0;0
25;15;0;0;0
25;16;0;0;0
25;17;0;0;0
25;18;0;0;0
25;19;0;0;0
25;20;0;0;0
25;21;15419198971;12925520143;19974762783
25;22;0;0;0
25;23;0;0;0
25;24;0;0;0
25;25;0;0;0


THREAD; REPETITION; AVERAGE; MIN; MAX (nanoseconds)
26;1;16404097134;14743627262;20238834615
26;2;0;0;0
26;3;0;0;0
26;4;0;0;0
26;5;0;0;0
26;6;0;0;0
26;7;0;0;0
26;8;40074163337;40074163337;40074163337
26;9;0;0;0
26;10;0;0;0
26;11;0;0;0
26;12;12848232038;12848232038;12848232038
26;13;13856809140;11649977371;17385096012
26;14;0;0;0
26;15;0;0;0
26;16;0;0;0
26;17;0;0;0
26;18;0;0;0
26;19;0;0;0
26;20;0;0;0
26;21;0;0;0
26;22;39550762248;39550762248;39550762248
26;23;0;0;0
26;24;0;0;0
26;25;0;0;0


THREAD; REPETITION; AVERAGE; MIN; MAX (nanoseconds)
27;1;0;0;0
27;2;0;0;0
27;3;0;0;0
27;4;0;0;0
27;5;0;0;0
27;6;0;0;0
27;7;15789227601;5630756772;19560094439
27;8;0;0;0
27;9;0;0;0
27;10;20223317104;20218443126;20228191083
27;11;0;0;0
27;12;0;0;0
27;13;0;0;0
27;14;0;0;0
27;15;0;0;0
27;16;0;0;0
27;17;0;0;0
27;18;18111427791;11903478305;18741103059
27;19;0;0;0
27;20;0;0;0
27;21;0;0;0
27;22;0;0;0
27;23;0;0;0
27;24;0;0;0
27;25;0;0;0


THREAD; REPETITION; AVERAGE; MIN; MAX (nanoseconds)
28;1;18203839245;18203839245;18203839245
28;2;0;0;0
28;3;0;0;0
28;4;0;0;0
28;5;0;0;0
28;6;0;0;0
28;7;0;0;0
28;8;0;0;0
28;9;0;0;0
28;10;0;0;0
28;11;0;0;0
28;12;15877449613;13184497891;18570401336
28;13;0;0;0
28;14;0;0;0
28;15;0;0;0
28;16;0;0;0
28;17;0;0;0
28;18;0;0;0
28;19;0;0;0
28;20;0;0;0
28;21;0;0;0
28;22;0;0;0
28;23;0;0;0
28;24;0;0;0
28;25;0;0;0


THREAD; REPETITION; AVERAGE; MIN; MAX (nanoseconds)
29;1;0;0;0
29;2;0;0;0
29;3;0;0;0
29;4;0;0;0
29;5;0;0;0
29;6;0;0;0
29;7;0;0;0
29;8;0;0;0
29;9;0;0;0
29;10;19225707037;19225188536;19226225539
29;11;18867416264;11770595844;30470486822
29;12;0;0;0
29;13;21485800010;21485800010;21485800010
29;14;0;0;0
29;15;0;0;0
29;16;0;0;0
29;17;59444412000;59444412000;59444412000
29;18;0;0;0
29;19;0;0;0
29;20;0;0;0
29;21;44113092586;44113092586;44113092586
29;22;0;0;0
29;23;21685365319;21685365319;21685365319
29;24;0;0;0
29;25;0;0;0


THREAD; REPETITION; AVERAGE; MIN; MAX (nanoseconds)
30;1;17691299906;7111515918;37317627589
30;2;0;0;0
30;3;19078723809;16822455438;20212074789
30;4;16794616267;11756986502;23519013450
30;5;57892951968;57892951968;57892951968
30;6;0;0;0
30;7;0;0;0
30;8;0;0;0
30;9;17704985375;14883203592;20526767159
30;10;16668234859;12220610441;20238351174
30;11;0;0;0
30;12;18576551466;12309434021;23358774370
30;13;0;0;0
30;14;0;0;0
30;15;0;0;0
30;16;19965346293;13339785852;21155897887
30;17;0;0;0
30;18;0;0;0
30;19;12189698760;12187359986;12192037535
30;20;20804144255;19655711620;24696513663
30;21;0;0;0
30;22;50008873148;48149856756;50971060638
30;23;20469719929;20266840269;20501809448
30;24;23332411801;23331628601;23333195001
30;25;55660674541;55660674541;55660674541


THREAD; REPETITION; AVERAGE; MIN; MAX (nanoseconds)
31;1;0;0;0
31;2;0;0;0
31;3;16671833221;13981493178;19362173265
31;4;14268466858;6717597349;19344199682
31;5;0;0;0
31;6;16272048863;11798291264;19717842770
31;7;0;0;0
31;8;9196943257;9196943257;9196943257
31;9;0;0;0
31;10;21430960988;21430960988;21430960988
31;11;26495181552;22916798434;40801986356
31;12;17062448696;11864260402;19675159413
31;13;0;0;0
31;14;0;0;0
31;15;0;0;0
31;16;16097836940;7360730135;21935435859
31;17;18053488166;12070246009;19979876911
31;18;12608594598;11762847233;14235526234
31;19;18789848640;15489801567;21262553761
31;20;38375601508;38375601508;38375601508
31;21;16141298381;11978581914;19844833561
31;22;14292795981;11664332478;18476231058
31;23;20224780384;20224780384;20224780384
31;24;19503545795;18579885083;20135859795
31;25;13612803583;13612803583;13612803583


THREAD; REPETITION; AVERAGE; MIN; MAX (nanoseconds)
32;1;0;0;0
32;2;31463834685;20314599761;42613069609
32;3;20028962770;18057313708;23305162388
32;4;56206846051;56206846051;56206846051
32;5;20956125220;19770214860;22142035580
32;6;0;0;0
32;7;45634343959;45634343959;45634343959
32;8;0;0;0
32;9;0;0;0
32;10;18195509035;13000135492;20986727014
32;11;0;0;0
32;12;27941892894;15383334753;49898719880
32;13;41354133346;41354133346;41354133346
32;14;0;0;0
32;15;0;0;0
32;16;17606643885;16710820161;18059796706
32;17;14542711993;14542711993;14542711993
32;18;0;0;0
32;19;28986620715;19982020620;46890580646
32;20;17329117946;12187858652;19955353754
32;21;0;0;0
32;22;56413408269;56413408269;56413408269
32;23;0;0;0
32;24;15179449034;11776047236;23275677635
32;25;0;0;0


THREAD; REPETITION; AVERAGE; MIN; MAX (nanoseconds)
33;1;17198986917;12843417110;18728191362
33;2;16685812978;12205465848;20214184345
33;3;16739233557;5068490549;31727577527
33;4;15778967834;12129655864;18593232450
33;5;19324265472;14161162662;30062619341
33;6;0;0;0
33;7;0;0;0
33;8;24583761623;17187735592;39047069320
33;9;0;0;0
33;10;19451863296;19451863296;19451863296
33;11;0;0;0
33;12;0;0;0
33;13;0;0;0
33;14;0;0;0
33;15;42218418403;42218418403;42218418403
33;16;0;0;0
33;17;0;0;0
33;18;22657385226;14772652391;46520790631
33;19;15182431483;11561628154;19399356692
33;20;0;0;0
33;21;0;0;0
33;22;21686107172;21685008290;21687206055
33;23;0;0;0
33;24;0;0;0
33;25;0;0;0


THREAD; REPETITION; AVERAGE; MIN; MAX (nanoseconds)
34;1;15174121582;11840810285;19569678548
34;2;20211674133;20105204642;20280127433
34;3;22177683666;20733894810;30831949033
34;4;0;0;0
34;5;21029782958;19672572702;24685701395
34;6;0;0;0
34;7;15772348105;11646564368;19514813475
34;8;0;0;0
34;9;19768221789;14672343901;29336173522
34;10;20787738076;20108837227;22482093324
34;11;51346066574;51336915725;51355217423
34;12;19827697689;19818028828;19837366551
34;13;15204478806;11953727289;19809964046
34;14;18615159692;13384856525;19965086414
34;15;47683025775;42101265314;53264786237
34;16;0;0;0
34;17;0;0;0
34;18;42656140515;42656140515;42656140515
34;19;0;0;0
34;20;19643308577;19643308577;19643308577
34;21;14542593332;14542593332;14542593332
34;22;0;0;0
34;23;16160551440;11730393108;19583353401
34;24;18495101860;11782365077;19464927875
34;25;19077413106;13815981501;21448101015


THREAD; REPETITION; AVERAGE; MIN; MAX (nanoseconds)
35;1;16755629347;12198264584;22607006198
35;2;0;0;0
35;3;0;0;0
35;4;0;0;0
35;5;19974217509;14382079356;31068556897
35;6;16798068294;11767401722;23495200298
35;7;18870752944;9358366845;39069170593
35;8;15506335821;12139681022;21358582096
35;9;18493541916;14346003542;19798444844
35;10;0;0;0
35;11;18281053632;15225355597;19303853073
35;12;15101351777;11375389539;18827314016
35;13;16646701152;12069681691;19994859891
35;14;18732117322;14156418623;21915906002
35;15;50269189939;49529876354;51008503525
35;16;20172556638;20172556638;20172556638
35;17;20607154610;20421302917;20703680914
35;18;16001850165;13524884238;19915359215
35;19;16728438400;12243987295;19466407811
35;20;0;0;0
35;21;14954327939;11490598875;19447093624
35;22;0;0;0
35;23;17075895644;11758307830;19845567104
35;24;11841530069;11841530069;11841530069
35;25;0;0;0


THREAD; REPETITION; AVERAGE; MIN; MAX (nanoseconds)
36;1;15728126246;13287111560;19594407389
36;2;15171628330;8607263074;17187289236
36;3;11937216881;11937216881;11937216881
36;4;16702980152;9193027256;19530579655
36;5;0;0;0
36;6;19708884439;19708884439;19708884439
36;7;0;0;0
36;8;16199145771;6875733159;19537826176
36;9;0;0;0
36;10;17819014009;13571379184;20012765170
36;11;17275465980;11929213489;23268081069
36;12;0;0;0
36;13;21434683358;16798681187;30932917032
36;14;18072607258;15516482053;19823527362
36;15;0;0;0
36;16;11839403681;11839403681;11839403681
36;17;21672623182;20318602364;25839803313
36;18;20261574796;20261574796;20261574796
36;19;12161904516;12161904516;12161904516
36;20;21048121576;14802102153;52856014522
36;21;46453702007;46412619970;46494784044
36;22;0;0;0
36;23;20991822971;20034514792;25147712349
36;24;18795811478;14372479742;23219143215
36;25;47223905971;47223905971;47223905971


THREAD; REPETITION; AVERAGE; MIN; MAX (nanoseconds)
37;1;0;0;0
37;2;21951181834;12565559520;50993799491
37;3;0;0;0
37;4;20579158035;20355280280;20803035791
37;5;17292021822;17292021822;17292021822
37;6;17117932081;13293930513;19666770707
37;7;19624030638;12046126952;32268486567
37;8;15705307565;7539671383;19793293002
37;9;16212671018;7163539291;20189173834
37;10;24740274694;14686668347;39398481511
37;11;29882119421;19919389754;49588861084
37;12;16986425265;11718123253;38419704111
37;13;0;0;0
37;14;20961163831;11664597386;38493976609
37;15;18600241511;16188721123;22260796275
37;16;21208318584;18774729190;23641907979
37;17;21441416052;19207286191;23675545914
37;18;17189813405;14563384173;19816242637
37;19;19404542023;18724778778;20084305268
37;20;18806951628;18645673053;19128870150
37;21;17554312245;12496763835;19958081334
37;22;14742713581;12066682497;15673795902
37;23;17332611861;14792592634;19872631089
37;24;0;0;0
37;25;11826195508;11826195508;11826195508


THREAD; REPETITION; AVERAGE; MIN; MAX (nanoseconds)
38;1;23145330202;22648391695;23642268710
38;2;22267362227;14615703393;45218709919
38;3;21164460602;18307942281;24020978923
38;4;13999982074;13341523434;14350665029
38;5;15909343296;15909343296;15909343296
38;6;0;0;0
38;7;24012363803;14853149423;46252817607
38;8;0;0;0
38;9;18593025790;18593025790;18593025790
38;10;21609549886;19491921040;23727178733
38;11;0;0;0
38;12;40591564152;40591564152;40591564152
38;13;18466273367;17836901478;19315235456
38;14;18928734256;13384585121;29652612343
38;15;0;0;0
38;16;13965246141;12421701501;15508790781
38;17;13597077322;6875929483;19590378666
38;18;15766082397;13279809235;19708003740
38;19;17459497489;11727437147;23596698742
38;20;18476033001;16605816591;19535592373
38;21;15605246808;11589885098;22135109909
38;22;20567512561;20567512561;20567512561
38;23;0;0;0
38;24;43233278601;39267191990;47199365213
38;25;39475748244;32544350609;45864221151


THREAD; REPETITION; AVERAGE; MIN; MAX (nanoseconds)
39;1;11500380984;11500380984;11500380984
39;2;16227047712;14454951119;17999144305
39;3;17490740715;6955023683;40376337635
39;4;19037724906;12033708544;30568623037
39;5;46013724091;46013724091;46013724091
39;6;23502199651;14707695252;40034336277
39;7;23936882911;19520080205;40194955225
39;8;16272746969;12015723297;20081948195
39;9;14803501518;8132311719;19783079693
39;10;21670778095;21610183836;21731372354
39;11;12475872142;12475872142;12475872142
39;12;13054265696;12328563966;13779967426
39;13;0;0;0
39;14;19875664085;19873134574;19878193597
39;15;18163796334;11954416134;22743818069
39;16;17088608243;11894049873;39947923688
39;17;16250384315;7749090527;26113439697
39;18;17388416554;14495960101;19944569701
39;19;34982934563;14908078751;55057790375
39;20;16461845256;14709282954;18214407558
39;21;18704041132;12416637659;20240094341
39;22;19838645781;12243683765;24305834890
39;23;0;0;0
39;24;17532037574;14888116716;21344650787
39;25;23271443123;21597817390;24945068857


THREAD; REPETITION; AVERAGE; MIN; MAX (nanoseconds)
40;1;13259105766;13259105766;13259105766
40;2;14533386874;11212702452;19761158401
40;3;53113373208;53113373208;53113373208
40;4;15232567320;11932336652;19978506486
40;5;22897172452;19763811811;29163157189
40;6;22811895558;12081830373;45457524839
40;7;15785944373;11686898405;19884990341
40;8;19976773963;11748555753;23678306671
40;9;19214477894;11999942381;27273593013
40;10;34326353314;17656154553;50996552076
40;11;19618425316;19404685093;19789470659
40;12;18512948204;12190263148;39383424151
40;13;19168326771;19168326771;19168326771
40;14;20564883712;11877533528;43892407765
40;15;14005083537;14005083537;14005083537
40;16;5262606211;5262606211;5262606211
40;17;21406443277;19431256277;26085888430
40;18;17037869862;14365027259;19710712465
40;19;14750292321;14700288585;14800296057
40;20;14949731767;12340770964;17325782886
40;21;18449799545;5869740847;41105271340
40;22;22616388640;21651107962;23581669319
40;23;17082562262;14902338496;20477408162
40;24;0;0;0
40;25;0;0;0


THREAD; REPETITION; AVERAGE; MIN; MAX (nanoseconds)
41;1;0;0;0
41;2;0;0;0
41;3;43279185972;43279185972;43279185972
41;4;23273475313;14243804730;45823321610
41;5;0;0;0
41;6;0;0;0
41;7;14640946884;11954251239;17219435850
41;8;25047758636;18977827908;30998487936
41;9;18138446529;15720655767;19348611276
41;10;42399774832;39694496647;45105053017
41;11;0;0;0
41;12;14206147848;14205575500;14206720197
41;13;15895207868;11970748657;19521859691
41;14;14958003653;11437101433;18254536051
41;15;39877556855;39877556855;39877556855
41;16;41811713430;17038835243;48111180471
41;17;10914537882;10914537882;10914537882
41;18;19782649177;18323986848;20656412268
41;19;14136573049;13445916032;14367180326
41;20;19917382097;19841695313;19993068882
41;21;25663423214;12014850071;39311996357
41;22;14637200468;14317337748;15275295184
41;23;55624122665;54776265489;57280064785
41;24;13428523946;11582641788;14959487729
41;25;58482662775;57834671306;59126107788


THREAD; REPETITION; AVERAGE; MIN; MAX (nanoseconds)
42;1;18024136315;11710609100;59017746181
42;2;11407161548;9281931223;15651830261
42;3;0;0;0
42;4;21200552724;21200552724;21200552724
42;5;27106950115;21114565259;38107292408
42;6;17251948781;17251948781;17251948781
42;7;0;0;0
42;8;0;0;0
42;9;16202830527;9749227207;21706608591
42;10;19706006140;19706006140;19706006140
42;11;0;0;0
42;12;14119448142;11302063041;19236571059
42;13;18166981348;14611802757;22352188058
42;14;23288380809;11517025068;36571313743
42;15;0;0;0
42;16;14291643910;14291643910;14291643910
42;17;39130386544;39130386544;39130386544
42;18;29455800918;20317045951;43188900684
42;19;15140730456;15140730456;15140730456
42;20;15649289725;11608883182;18225293298
42;21;12284939148;12284939148;12284939148
42;22;13901001873;11925478517;19665044022
42;23;17699225215;12253645156;21548533054
42;24;0;0;0
42;25;0;0;0


THREAD; REPETITION; AVERAGE; MIN; MAX (nanoseconds)
43;1;0;0;0
43;2;22292109333;12371340283;32212878383
43;3;23742848741;19595112647;26116728663
43;4;0;0;0
43;5;18969584691;12606795766;21564216052
43;6;18003851062;13787097034;19791135117
43;7;18181316662;12747535721;24546775358
43;8;19451210349;19443119936;19459300763
43;9;26484024635;20282325407;57444867154
43;10;0;0;0
43;11;24042575406;21517388244;27808000319
43;12;18327610021;14832718334;23923341235
43;13;19852219556;19852219556;19852219556
43;14;30662371928;20394961021;40929782836
43;15;7925127146;7925127146;7925127146
43;16;0;0;0
43;17;19823296990;15705912622;22585134214
43;18;0;0;0
43;19;0;0;0
43;20;0;0;0
43;21;22122288279;12208557303;48156821118
43;22;22666505450;22666505450;22666505450
43;23;17327369033;9246254412;41523752600
43;24;16029125838;11922036740;19895767129
43;25;0;0;0


THREAD; REPETITION; AVERAGE; MIN; MAX (nanoseconds)
44;1;21974289458;18048416838;24582998398
44;2;13627416613;13627416613;13627416613
44;3;34202311293;8955522909;59449099677
44;4;0;0;0
44;5;0;0;0
44;6;14868717952;14868717952;14868717952
44;7;21092573777;20595910584;22191777306
44;8;0;0;0
44;9;21615928491;21615928491;21615928491
44;10;0;0;0
44;11;14852801010;11602905187;18550228381
44;12;14909622521;14909622521;14909622521
44;13;19955491316;19932246207;19973218034
44;14;12286510995;12286510995;12286510995
44;15;45708858388;45708858388;45708858388
44;16;20123434313;15833733059;23698310400
44;17;18681979221;15779442569;20380996468
44;18;17382677616;12000851016;20029458772
44;19;19654709956;19654709956;19654709956
44;20;25279228621;14588185161;39455338387
44;21;0;0;0
44;22;16171007111;14590896259;21454659251
44;23;0;0;0
44;24;19864461766;12293715333;23857493899
44;25;20064763329;20064763329;20064763329


THREAD; REPETITION; AVERAGE; MIN; MAX (nanoseconds)
45;1;22616415180;14464636917;30768193444
45;2;15334468949;7212016541;20424336822
45;3;0;0;0
45;4;0;0;0
45;5;21363722274;12171912142;32927080537
45;6;23138793780;17682470537;41939085484
45;7;20246374993;19732788525;20606345499
45;8;19892334082;19892334082;19892334082
45;9;0;0;0
45;10;20157354217;20156581354;20157997874
45;11;59056455709;59056455709;59056455709
45;12;36442488535;15608679804;45626084949
45;13;24487706573;22184907091;26790506056
45;14;16269901621;16269901621;16269901621
45;15;0;0;0
45;16;0;0;0
45;17;0;0;0
45;18;0;0;0
45;19;0;0;0
45;20;0;0;0
45;21;35036327242;12593934913;52664193494
45;22;19598769397;19598769397;19598769397
45;23;15040863387;11824799521;21222527653
45;24;19728300664;19728300664;19728300664
45;25;20929001346;19766043869;24676645216


THREAD; REPETITION; AVERAGE; MIN; MAX (nanoseconds)
46;1;42410271488;42410271488;42410271488
46;2;15427687388;15427687388;15427687388
46;3;41716994897;41716994897;41716994897
46;4;22301647579;19868993406;27133181940
46;5;0;0;0
46;6;0;0;0
46;7;39819283038;39819283038;39819283038
46;8;20083422637;19926479343;20352468540
46;9;20098147832;10022113285;28007791283
46;10;0;0;0
46;11;0;0;0
46;12;34342337620;15852533353;46898768139
46;13;46672310028;46672310028;46672310028
46;14;21869135044;7099074743;46372069774
46;15;0;0;0
46;16;19715468027;19715468027;19715468027
46;17;20144428073;17258367824;23959748446
46;18;16919772065;11949340349;21890203782
46;19;17467974514;12379178709;24291771510
46;20;19770370256;19770370256;19770370256
46;21;19900258529;13416014465;27131142576
46;22;21107226081;14454093327;39083199960
46;23;17273287079;11746490825;38866804511
46;24;14763541525;10180112137;18634791294
46;25;18223779279;18223779279;18223779279


THREAD; REPETITION; AVERAGE; MIN; MAX (nanoseconds)
47;1;0;0;0
47;2;32654152972;32654152972;32654152972
47;3;0;0;0
47;4;0;0;0
47;5;0;0;0
47;6;17303445503;10686083218;19645646095
47;7;0;0;0
47;8;19306977284;19306977284;19306977284
47;9;23621915110;22821102612;27478386988
47;10;0;0;0
47;11;0;0;0
47;12;13139161297;11659277925;14619044669
47;13;0;0;0
47;14;0;0;0
47;15;0;0;0
47;16;20071037695;20002030286;20140045104
47;17;0;0;0
47;18;19451416649;16649035422;21277691858
47;19;0;0;0
47;20;0;0;0
47;21;18056179242;12514114504;21997105497
47;22;0;0;0
47;23;19743029421;19743029421;19743029421
47;24;18964944078;12015090466;24693153180
47;25;0;0;0


THREAD; REPETITION; AVERAGE; MIN; MAX (nanoseconds)
48;1;17471294745;15528618232;19413971259
48;2;18553529079;18513710751;18622756104
48;3;22022096363;18387479135;32473526244
48;4;18318545793;12139867078;38123544543
48;5;25146191346;25146191346;25146191346
48;6;12106551043;12106551043;12106551043
48;7;21835621177;18444965421;23461489729
48;8;59181561763;59181561763;59181561763
48;9;17610349989;17610349989;17610349989
48;10;31973792514;23839608456;40107976573
48;11;21623744079;15158956166;28088531992
48;12;42530198601;42530198601;42530198601
48;13;0;0;0
48;14;0;0;0
48;15;29941986167;29453355175;30430617160
48;16;30337568986;19750604197;40924533775
48;17;19590637036;16031890646;20665880090
48;18;19682418227;19682418227;19682418227
48;19;14975975322;12135488658;20631568328
48;20;0;0;0
48;21;24296169520;22000939854;26591399187
48;22;18637467751;18637467751;18637467751
48;23;40450359613;40450359613;40450359613
48;24;18763929805;11687800544;23691128760
48;25;0;0;0


THREAD; REPETITION; AVERAGE; MIN; MAX (nanoseconds)
49;1;20049915981;17732294677;23344840755
49;2;0;0;0
49;3;20178054753;20178054753;20178054753
49;4;0;0;0
49;5;0;0;0
49;6;15374344179;11958245741;20504830293
49;7;0;0;0
49;8;47768585043;47768585043;47768585043
49;9;21320805402;18847164584;23794446221
49;10;15858083849;12010087595;19706080103
49;11;0;0;0
49;12;21295807683;20678723692;21605126419
49;13;20355064960;20355064960;20355064960
49;14;40365648568;40365648568;40365648568
49;15;32375086429;32375086429;32375086429
49;16;18784294093;12602277873;21886189516
49;17;24387125668;24387125668;24387125668
49;18;0;0;0
49;19;20546281860;20546281860;20546281860
49;20;0;0;0
49;21;19589690519;19589690519;19589690519
49;22;20617414923;20617414923;20617414923
49;23;0;0;0
49;24;20307817683;17350563549;23758889119
49;25;16687303950;13524143013;23724783527


THREAD; REPETITION; AVERAGE; MIN; MAX (nanoseconds)
50;1;0;0;0
50;2;0;0;0
50;3;40932778328;40932778328;40932778328
50;4;0;0;0
50;5;0;0;0
50;6;24890930690;24890930690;24890930690
50;7;16169991519;12196842895;19889971351
50;8;15703081956;15703081956;15703081956
50;9;27470505330;27470505330;27470505330
50;10;20220678350;13799313461;23431605623
50;11;19892652744;16082740055;22898246006
50;12;0;0;0
50;13;0;0;0
50;14;22375059138;19763104040;25377954810
50;15;0;0;0
50;16;48465780986;48443091930;48488470043
50;17;0;0;0
50;18;0;0;0
50;19;30965341963;15632687743;46297996183
50;20;14589737174;14589737174;14589737174
50;21;0;0;0
50;22;20683679481;18126523622;22274584060
50;23;0;0;0
50;24;47181996734;47181996734;47181996734
50;25;0;0;0


