THREAD; AVERAGE-REPETITIONS; MIN-REPETITIONS; MAX-REPETITIONS (nanoseconds)
1;0;0;0
2;0;0;0
3;0;0;0
4;2014651507;2014651507;2014651507
5;19598648191;18855980623;20250744840
6;20084004918;18426677301;22029018221
7;19577575166;16713676274;22504986077
8;16030609848;13497131993;20360523435
9;17093578297;16071170620;18363800050
10;17382530545;17216822068;17713470329
11;11643071464;11265840331;11967004216
12;9909641702;9069728376;11028191108
13;8582473100;7912933881;8936722644
14;8025495910;8025495910;8025495910
15;4127514157;3930815229;4282271347
16;2107772624;2107772624;2107772624
17;0;0;0
18;0;0;0
19;4089646021;4089646021;4089646021
20;2253212757;2253212757;2253212757
21;0;0;0
22;0;0;0
23;4203453973;4006744703;4400163244
24;0;0;0
25;0;0;0
26;2056327172;2056327172;2056327172
27;0;0;0
28;4836423708;4556914071;5670723639
29;3789706275;2457981634;4679835892
30;4963376354;4961519436;4965536133
31;7490863165;7378085284;7640157123
32;6752439613;5632944748;7397902009
33;9311710369;8533180493;10088832214
34;11712519552;11537115806;11880004226
35;10123138892;9050826571;10779591629
36;15349537066;14901165765;16391201172
37;20883795962;19138216762;22158087905
38;20297419576;19944354533;20636470895
39;12098178066;10808742323;12768922561
40;20239479663;19826940960;20897525626
41;18479664324;17634156760;19322606540
42;7621861615;6740770301;8092511187
43;10980804339;10923254285;11072473878
44;7823269651;6828260485;8989851453
45;13508707668;11510282301;15099920294
46;8482352614;8481450567;8483916514
47;12192620385;11776856005;13111973348
48;15615603758;13477568827;17097222971
49;12450053865;11393082419;13217460727
50;9050457957;9050457957;9050457957
THREAD; REPETITION; AVERAGE; MIN; MAX (nanoseconds)
1;1;0;0;0
1;2;0;0;0
1;3;0;0;0
1;4;0;0;0
1;5;0;0;0
1;6;0;0;0
1;7;0;0;0
1;8;0;0;0
1;9;0;0;0
1;10;0;0;0
1;11;0;0;0
1;12;0;0;0
1;13;0;0;0
1;14;0;0;0
1;15;0;0;0
1;16;0;0;0
1;17;0;0;0
1;18;0;0;0
1;19;0;0;0
1;20;0;0;0
1;21;0;0;0
1;22;0;0;0
1;23;0;0;0
1;24;0;0;0
1;25;0;0;0


THREAD; REPETITION; AVERAGE; MIN; MAX (nanoseconds)
2;1;0;0;0
2;2;0;0;0
2;3;0;0;0
2;4;0;0;0
2;5;0;0;0
2;6;0;0;0
2;7;0;0;0
2;8;0;0;0
2;9;0;0;0
2;10;0;0;0
2;11;0;0;0
2;12;0;0;0
2;13;0;0;0
2;14;0;0;0
2;15;0;0;0
2;16;0;0;0
2;17;0;0;0
2;18;0;0;0
2;19;0;0;0
2;20;0;0;0
2;21;0;0;0
2;22;0;0;0
2;23;0;0;0
2;24;0;0;0
2;25;0;0;0


THREAD; REPETITION; AVERAGE; MIN; MAX (nanoseconds)
3;1;0;0;0
3;2;0;0;0
3;3;0;0;0
3;4;0;0;0
3;5;0;0;0
3;6;0;0;0
3;7;0;0;0
3;8;0;0;0
3;9;0;0;0
3;10;0;0;0
3;11;0;0;0
3;12;0;0;0
3;13;0;0;0
3;14;0;0;0
3;15;0;0;0
3;16;0;0;0
3;17;0;0;0
3;18;0;0;0
3;19;0;0;0
3;20;0;0;0
3;21;0;0;0
3;22;0;0;0
3;23;0;0;0
3;24;0;0;0
3;25;0;0;0


THREAD; REPETITION; AVERAGE; MIN; MAX (nanoseconds)
4;1;0;0;0
4;2;0;0;0
4;3;0;0;0
4;4;0;0;0
4;5;0;0;0
4;6;0;0;0
4;7;0;0;0
4;8;0;0;0
4;9;0;0;0
4;10;0;0;0
4;11;0;0;0
4;12;0;0;0
4;13;0;0;0
4;14;0;0;0
4;15;0;0;0
4;16;0;0;0
4;17;0;0;0
4;18;0;0;0
4;19;0;0;0
4;20;0;0;0
4;21;50366287685;50366287685;50366287685
4;22;0;0;0
4;23;0;0;0
4;24;0;0;0
4;25;0;0;0


THREAD; REPETITION; AVERAGE; MIN; MAX (nanoseconds)
5;1;37281926648;27164253488;47395494120
5;2;0;0;0
5;3;32905882382;32905882382;32905882382
5;4;0;0;0
5;5;0;0;0
5;6;52253392377;43909808160;58336809287
5;7;24104750953;24104750953;24104750953
5;8;0;0;0
5;9;0;0;0
5;10;51456450890;51456450890;51456450890
5;11;0;0;0
5;12;53884590709;53884590709;53884590709
5;13;38562690300;38458830592;38666550009
5;14;0;0;0
5;15;0;0;0
5;16;0;0;0
5;17;52253238505;52253184413;52253292597
5;18;51096636199;51095118164;51098154234
5;19;0;0;0
5;20;37869985640;37869985640;37869985640
5;21;0;0;0
5;22;0;0;0
5;23;58296660190;58296660190;58296660190
5;24;0;0;0
5;25;0;0;0


THREAD; REPETITION; AVERAGE; MIN; MAX (nanoseconds)
6;1;26190124530;16101135480;29558240782
6;2;0;0;0
6;3;33614398478;33614398478;33614398478
6;4;33513292507;33512589799;33513995215
6;5;0;0;0
6;6;35570226313;35570226313;35570226313
6;7;37442816358;37430063178;37452803568
6;8;0;0;0
6;9;44281222334;44281222334;44281222334
6;10;0;0;0
6;11;0;0;0
6;12;40754936503;29373385654;56250545321
6;13;0;0;0
6;14;0;0;0
6;15;0;0;0
6;16;32775776722;29562911627;42407084350
6;17;51937290843;51937290843;51937290843
6;18;0;0;0
6;19;26420620509;18989792348;30755807582
6;20;0;0;0
6;21;39416573301;38971085851;39862060751
6;22;44282261258;35422247311;59621196688
6;23;0;0;0
6;24;0;0;0
6;25;55900583314;55900583314;55900583314


THREAD; REPETITION; AVERAGE; MIN; MAX (nanoseconds)
7;1;26327728035;22556942572;28215286998
7;2;0;0;0
7;3;0;0;0
7;4;0;0;0
7;5;37344794054;27670696136;52039842913
7;6;0;0;0
7;7;0;0;0
7;8;0;0;0
7;9;0;0;0
7;10;0;0;0
7;11;24521529020;23651337321;25194191580
7;12;35362378354;27390124583;50006970230
7;13;58890338366;58890338366;58890338366
7;14;25159613093;25159613093;25159613093
7;15;24609535360;24609535360;24609535360
7;16;21528305483;13237378494;29819232472
7;17;30528474591;15267561659;45134239338
7;18;0;0;0
7;19;33008722547;33008722547;33008722547
7;20;41849781955;41849781955;41849781955
7;21;0;0;0
7;22;38798430719;31476210943;43162638269
7;23;38493679993;31140709434;45846650552
7;24;27517769018;25261921278;29773616758
7;25;25498298573;16671033120;29913991513


THREAD; REPETITION; AVERAGE; MIN; MAX (nanoseconds)
8;1;0;0;0
8;2;0;0;0
8;3;36111774191;25181053458;57358100261
8;4;0;0;0
8;5;0;0;0
8;6;26945670364;15771552879;43341824101
8;7;0;0;0
8;8;18591969579;13421831685;23762107474
8;9;0;0;0
8;10;26695244787;26695244787;26695244787
8;11;27898054967;25551737022;29869016035
8;12;0;0;0
8;13;30789851154;30789851154;30789851154
8;14;36728529604;36728529604;36728529604
8;15;31410759293;23701914280;54527842575
8;16;27590947965;25741883745;31239404869
8;17;35326101129;26211325392;53555257163
8;18;23047196326;15859433531;30234959122
8;19;25104672941;25104672941;25104672941
8;20;0;0;0
8;21;30288797063;23638940843;40365250612
8;22;24235676845;23030328505;25441025186
8;23;0;0;0
8;24;0;0;0
8;25;0;0;0


THREAD; REPETITION; AVERAGE; MIN; MAX (nanoseconds)
9;1;0;0;0
9;2;32990505078;32990505078;32990505078
9;3;42418152586;42418152586;42418152586
9;4;30868256044;24153677423;44296300786
9;5;30488287128;29504457340;31472116917
9;6;35656162585;32141931377;39170393793
9;7;0;0;0
9;8;29850040228;26575987101;32009950776
9;9;0;0;0
9;10;0;0;0
9;11;0;0;0
9;12;0;0;0
9;13;32905561461;32905561461;32905561461
9;14;0;0;0
9;15;30514567564;30514567564;30514567564
9;16;0;0;0
9;17;35357515654;33466947824;37248083485
9;18;26376725150;26053618407;26699831893
9;19;0;0;0
9;20;38606791121;32937974798;44275607445
9;21;32493450983;31895050349;33687879954
9;22;0;0;0
9;23;0;0;0
9;24;28813441862;26220834212;31406049512
9;25;0;0;0


THREAD; REPETITION; AVERAGE; MIN; MAX (nanoseconds)
10;1;0;0;0
10;2;31798918717;31798918717;31798918717
10;3;42623780467;42623780467;42623780467
10;4;0;0;0
10;5;0;0;0
10;6;0;0;0
10;7;39085073766;39080030772;39092233580
10;8;37322642007;33187015738;45586065897
10;9;42491938291;42491938291;42491938291
10;10;0;0;0
10;11;0;0;0
10;12;40337220722;40337220722;40337220722
10;13;32321837971;32321837971;32321837971
10;14;33835315453;33835315453;33835315453
10;15;0;0;0
10;16;31243808104;31241765433;31246718996
10;17;29323492721;29323492721;29323492721
10;18;31983664405;31983664405;31983664405
10;19;0;0;0
10;20;0;0;0
10;21;0;0;0
10;22;0;0;0
10;23;0;0;0
10;24;42195571015;42195571015;42195571015
10;25;0;0;0


THREAD; REPETITION; AVERAGE; MIN; MAX (nanoseconds)
11;1;33848042001;33848042001;33848042001
11;2;30408455544;30408455544;30408455544
11;3;0;0;0
11;4;31408629658;30383019490;32434239826
11;5;0;0;0
11;6;47290556691;47290556691;47290556691
11;7;0;0;0
11;8;0;0;0
11;9;0;0;0
11;10;0;0;0
11;11;0;0;0
11;12;26739555446;23952289327;29526821565
11;13;0;0;0
11;14;52408038172;52408038172;52408038172
11;15;0;0;0
11;16;33711195114;31040685268;35049245434
11;17;0;0;0
11;18;0;0;0
11;19;0;0;0
11;20;0;0;0
11;21;0;0;0
11;22;0;0;0
11;23;35262313995;32314921799;38209706191
11;24;0;0;0
11;25;0;0;0


THREAD; REPETITION; AVERAGE; MIN; MAX (nanoseconds)
12;1;0;0;0
12;2;26814043009;25810586890;28670521463
12;3;0;0;0
12;4;0;0;0
12;5;0;0;0
12;6;34645704691;34645704691;34645704691
12;7;0;0;0
12;8;39505924728;32473169844;52650846895
12;9;43948091377;30987334563;56908848192
12;10;0;0;0
12;11;0;0;0
12;12;0;0;0
12;13;0;0;0
12;14;30726926257;30726926257;30726926257
12;15;0;0;0
12;16;32444015859;32443150526;32445593574
12;17;0;0;0
12;18;0;0;0
12;19;0;0;0
12;20;0;0;0
12;21;0;0;0
12;22;0;0;0
12;23;39656336629;39656336629;39656336629
12;24;0;0;0
12;25;0;0;0


THREAD; REPETITION; AVERAGE; MIN; MAX (nanoseconds)
13;1;0;0;0
13;2;0;0;0
13;3;0;0;0
13;4;0;0;0
13;5;0;0;0
13;6;0;0;0
13;7;0;0;0
13;8;49674702744;32936222271;58530941363
13;9;0;0;0
13;10;0;0;0
13;11;0;0;0
13;12;0;0;0
13;13;0;0;0
13;14;32633635839;32633635839;32633635839
13;15;0;0;0
13;16;40611363246;40611363246;40611363246
13;17;32886605490;32886605490;32886605490
13;18;0;0;0
13;19;0;0;0
13;20;0;0;0
13;21;0;0;0
13;22;0;0;0
13;23;58755520184;58755520184;58755520184
13;24;0;0;0
13;25;0;0;0


THREAD; REPETITION; AVERAGE; MIN; MAX (nanoseconds)
14;1;0;0;0
14;2;0;0;0
14;3;0;0;0
14;4;0;0;0
14;5;0;0;0
14;6;0;0;0
14;7;0;0;0
14;8;0;0;0
14;9;0;0;0
14;10;0;0;0
14;11;0;0;0
14;12;58573068644;58573068644;58573068644
14;13;0;0;0
14;14;0;0;0
14;15;0;0;0
14;16;0;0;0
14;17;0;0;0
14;18;46457634280;46457634280;46457634280
14;19;0;0;0
14;20;36259958667;36259958667;36259958667
14;21;0;0;0
14;22;0;0;0
14;23;59346736177;59346736177;59346736177
14;24;0;0;0
14;25;0;0;0


THREAD; REPETITION; AVERAGE; MIN; MAX (nanoseconds)
15;1;0;0;0
15;2;0;0;0
15;3;0;0;0
15;4;0;0;0
15;5;0;0;0
15;6;0;0;0
15;7;0;0;0
15;8;0;0;0
15;9;0;0;0
15;10;0;0;0
15;11;0;0;0
15;12;0;0;0
15;13;58723027438;58723027438;58723027438
15;14;0;0;0
15;15;0;0;0
15;16;0;0;0
15;17;44464826489;39547353295;48333756246
15;18;0;0;0
15;19;0;0;0
15;20;0;0;0
15;21;0;0;0
15;22;0;0;0
15;23;0;0;0
15;24;0;0;0
15;25;0;0;0


THREAD; REPETITION; AVERAGE; MIN; MAX (nanoseconds)
16;1;0;0;0
16;2;0;0;0
16;3;0;0;0
16;4;0;0;0
16;5;0;0;0
16;6;0;0;0
16;7;0;0;0
16;8;0;0;0
16;9;0;0;0
16;10;0;0;0
16;11;0;0;0
16;12;0;0;0
16;13;0;0;0
16;14;0;0;0
16;15;0;0;0
16;16;0;0;0
16;17;0;0;0
16;18;0;0;0
16;19;0;0;0
16;20;0;0;0
16;21;52694315618;52694315618;52694315618
16;22;0;0;0
16;23;0;0;0
16;24;0;0;0
16;25;0;0;0


THREAD; REPETITION; AVERAGE; MIN; MAX (nanoseconds)
17;1;0;0;0
17;2;0;0;0
17;3;0;0;0
17;4;0;0;0
17;5;0;0;0
17;6;0;0;0
17;7;0;0;0
17;8;0;0;0
17;9;0;0;0
17;10;0;0;0
17;11;0;0;0
17;12;0;0;0
17;13;0;0;0
17;14;0;0;0
17;15;0;0;0
17;16;0;0;0
17;17;0;0;0
17;18;0;0;0
17;19;0;0;0
17;20;0;0;0
17;21;0;0;0
17;22;0;0;0
17;23;0;0;0
17;24;0;0;0
17;25;0;0;0


THREAD; REPETITION; AVERAGE; MIN; MAX (nanoseconds)
18;1;0;0;0
18;2;0;0;0
18;3;0;0;0
18;4;0;0;0
18;5;0;0;0
18;6;0;0;0
18;7;0;0;0
18;8;0;0;0
18;9;0;0;0
18;10;0;0;0
18;11;0;0;0
18;12;0;0;0
18;13;0;0;0
18;14;0;0;0
18;15;0;0;0
18;16;0;0;0
18;17;0;0;0
18;18;0;0;0
18;19;0;0;0
18;20;0;0;0
18;21;0;0;0
18;22;0;0;0
18;23;0;0;0
18;24;0;0;0
18;25;0;0;0


THREAD; REPETITION; AVERAGE; MIN; MAX (nanoseconds)
19;1;0;0;0
19;2;0;0;0
19;3;0;0;0
19;4;0;0;0
19;5;0;0;0
19;6;0;0;0
19;7;0;0;0
19;8;0;0;0
19;9;0;0;0
19;10;0;0;0
19;11;0;0;0
19;12;0;0;0
19;13;0;0;0
19;14;0;0;0
19;15;0;0;0
19;16;53249105402;53249105402;53249105402
19;17;0;0;0
19;18;0;0;0
19;19;0;0;0
19;20;0;0;0
19;21;0;0;0
19;22;0;0;0
19;23;0;0;0
19;24;48992045147;48992045147;48992045147
19;25;0;0;0


THREAD; REPETITION; AVERAGE; MIN; MAX (nanoseconds)
20;1;0;0;0
20;2;0;0;0
20;3;0;0;0
20;4;0;0;0
20;5;0;0;0
20;6;0;0;0
20;7;0;0;0
20;8;0;0;0
20;9;0;0;0
20;10;0;0;0
20;11;0;0;0
20;12;0;0;0
20;13;0;0;0
20;14;0;0;0
20;15;0;0;0
20;16;0;0;0
20;17;0;0;0
20;18;0;0;0
20;19;0;0;0
20;20;0;0;0
20;21;0;0;0
20;22;0;0;0
20;23;0;0;0
20;24;0;0;0
20;25;56330318937;56330318937;56330318937


THREAD; REPETITION; AVERAGE; MIN; MAX (nanoseconds)
21;1;0;0;0
21;2;0;0;0
21;3;0;0;0
21;4;0;0;0
21;5;0;0;0
21;6;0;0;0
21;7;0;0;0
21;8;0;0;0
21;9;0;0;0
21;10;0;0;0
21;11;0;0;0
21;12;0;0;0
21;13;0;0;0
21;14;0;0;0
21;15;0;0;0
21;16;0;0;0
21;17;0;0;0
21;18;0;0;0
21;19;0;0;0
21;20;0;0;0
21;21;0;0;0
21;22;0;0;0
21;23;0;0;0
21;24;0;0;0
21;25;0;0;0


THREAD; REPETITION; AVERAGE; MIN; MAX (nanoseconds)
22;1;0;0;0
22;2;0;0;0
22;3;0;0;0
22;4;0;0;0
22;5;0;0;0
22;6;0;0;0
22;7;0;0;0
22;8;0;0;0
22;9;0;0;0
22;10;0;0;0
22;11;0;0;0
22;12;0;0;0
22;13;0;0;0
22;14;0;0;0
22;15;0;0;0
22;16;0;0;0
22;17;0;0;0
22;18;0;0;0
22;19;0;0;0
22;20;0;0;0
22;21;0;0;0
22;22;0;0;0
22;23;0;0;0
22;24;0;0;0
22;25;0;0;0


THREAD; REPETITION; AVERAGE; MIN; MAX (nanoseconds)
23;1;0;0;0
23;2;0;0;0
23;3;0;0;0
23;4;55370762625;55370762625;55370762625
23;5;0;0;0
23;6;0;0;0
23;7;0;0;0
23;8;0;0;0
23;9;0;0;0
23;10;0;0;0
23;11;0;0;0
23;12;0;0;0
23;13;0;0;0
23;14;0;0;0
23;15;0;0;0
23;16;0;0;0
23;17;0;0;0
23;18;0;0;0
23;19;0;0;0
23;20;0;0;0
23;21;0;0;0
23;22;0;0;0
23;23;49715586722;44797854964;54633318480
23;24;0;0;0
23;25;0;0;0


THREAD; REPETITION; AVERAGE; MIN; MAX (nanoseconds)
24;1;0;0;0
24;2;0;0;0
24;3;0;0;0
24;4;0;0;0
24;5;0;0;0
24;6;0;0;0
24;7;0;0;0
24;8;0;0;0
24;9;0;0;0
24;10;0;0;0
24;11;0;0;0
24;12;0;0;0
24;13;0;0;0
24;14;0;0;0
24;15;0;0;0
24;16;0;0;0
24;17;0;0;0
24;18;0;0;0
24;19;0;0;0
24;20;0;0;0
24;21;0;0;0
24;22;0;0;0
24;23;0;0;0
24;24;0;0;0
24;25;0;0;0


THREAD; REPETITION; AVERAGE; MIN; MAX (nanoseconds)
25;1;0;0;0
25;2;0;0;0
25;3;0;0;0
25;4;0;0;0
25;5;0;0;0
25;6;0;0;0
25;7;0;0;0
25;8;0;0;0
25;9;0;0;0
25;10;0;0;0
25;11;0;0;0
25;12;0;0;0
25;13;0;0;0
25;14;0;0;0
25;15;0;0;0
25;16;0;0;0
25;17;0;0;0
25;18;0;0;0
25;19;0;0;0
25;20;0;0;0
25;21;0;0;0
25;22;0;0;0
25;23;0;0;0
25;24;0;0;0
25;25;0;0;0


THREAD; REPETITION; AVERAGE; MIN; MAX (nanoseconds)
26;1;0;0;0
26;2;0;0;0
26;3;0;0;0
26;4;0;0;0
26;5;0;0;0
26;6;0;0;0
26;7;0;0;0
26;8;0;0;0
26;9;0;0;0
26;10;0;0;0
26;11;0;0;0
26;12;0;0;0
26;13;0;0;0
26;14;0;0;0
26;15;0;0;0
26;16;0;0;0
26;17;0;0;0
26;18;51408179321;51408179321;51408179321
26;19;0;0;0
26;20;0;0;0
26;21;0;0;0
26;22;0;0;0
26;23;0;0;0
26;24;0;0;0
26;25;0;0;0


THREAD; REPETITION; AVERAGE; MIN; MAX (nanoseconds)
27;1;0;0;0
27;2;0;0;0
27;3;0;0;0
27;4;0;0;0
27;5;0;0;0
27;6;0;0;0
27;7;0;0;0
27;8;0;0;0
27;9;0;0;0
27;10;0;0;0
27;11;0;0;0
27;12;0;0;0
27;13;0;0;0
27;14;0;0;0
27;15;0;0;0
27;16;0;0;0
27;17;0;0;0
27;18;0;0;0
27;19;0;0;0
27;20;0;0;0
27;21;0;0;0
27;22;0;0;0
27;23;0;0;0
27;24;0;0;0
27;25;0;0;0


THREAD; REPETITION; AVERAGE; MIN; MAX (nanoseconds)
28;1;0;0;0
28;2;0;0;0
28;3;0;0;0
28;4;0;0;0
28;5;0;0;0
28;6;28803061283;28803061283;28803061283
28;7;0;0;0
28;8;0;0;0
28;9;0;0;0
28;10;0;0;0
28;11;0;0;0
28;12;0;0;0
28;13;0;0;0
28;14;0;0;0
28;15;0;0;0
28;16;0;0;0
28;17;0;0;0
28;18;35475832839;28488091922;56333331122
28;19;0;0;0
28;20;56631698582;56631698582;56631698582
28;21;0;0;0
28;22;0;0;0
28;23;0;0;0
28;24;0;0;0
28;25;0;0;0


THREAD; REPETITION; AVERAGE; MIN; MAX (nanoseconds)
29;1;0;0;0
29;2;0;0;0
29;3;0;0;0
29;4;0;0;0
29;5;0;0;0
29;6;0;0;0
29;7;0;0;0
29;8;46982753185;34068908618;59896597752
29;9;0;0;0
29;10;0;0;0
29;11;0;0;0
29;12;0;0;0
29;13;0;0;0
29;14;0;0;0
29;15;0;0;0
29;16;0;0;0
29;17;0;0;0
29;18;0;0;0
29;19;0;0;0
29;20;0;0;0
29;21;0;0;0
29;22;47759903713;27380632246;57099299562
29;23;0;0;0
29;24;0;0;0
29;25;0;0;0


THREAD; REPETITION; AVERAGE; MIN; MAX (nanoseconds)
30;1;0;0;0
30;2;0;0;0
30;3;0;0;0
30;4;0;0;0
30;5;55417721980;55385157192;55450286768
30;6;0;0;0
30;7;0;0;0
30;8;0;0;0
30;9;0;0;0
30;10;37398448662;37384590500;37419878364
30;11;0;0;0
30;12;0;0;0
30;13;0;0;0
30;14;0;0;0
30;15;0;0;0
30;16;0;0;0
30;17;0;0;0
30;18;0;0;0
30;19;0;0;0
30;20;0;0;0
30;21;0;0;0
30;22;0;0;0
30;23;31268238212;31268238212;31268238212
30;24;0;0;0
30;25;0;0;0


THREAD; REPETITION; AVERAGE; MIN; MAX (nanoseconds)
31;1;0;0;0
31;2;0;0;0
31;3;0;0;0
31;4;0;0;0
31;5;0;0;0
31;6;0;0;0
31;7;33489881815;33489881815;33489881815
31;8;0;0;0
31;9;0;0;0
31;10;0;0;0
31;11;29732633966;29732633966;29732633966
31;12;0;0;0
31;13;0;0;0
31;14;0;0;0
31;15;0;0;0
31;16;51601478470;51601478470;51601478470
31;17;0;0;0
31;18;0;0;0
31;19;0;0;0
31;20;37650136295;35322269381;39978003210
31;21;34797448593;34305868483;36201930622
31;22;0;0;0
31;23;0;0;0
31;24;0;0;0
31;25;0;0;0


THREAD; REPETITION; AVERAGE; MIN; MAX (nanoseconds)
32;1;0;0;0
32;2;49221386909;28954162680;57637799427
32;3;0;0;0
32;4;0;0;0
32;5;0;0;0
32;6;0;0;0
32;7;0;0;0
32;8;0;0;0
32;9;0;0;0
32;10;0;0;0
32;11;0;0;0
32;12;0;0;0
32;13;34748744149;29818264193;39679224105
32;14;0;0;0
32;15;0;0;0
32;16;0;0;0
32;17;31091914196;31091914196;31091914196
32;18;0;0;0
32;19;26494983475;23705316038;29284650912
32;20;0;0;0
32;21;0;0;0
32;22;0;0;0
32;23;27253961607;27253961607;27253961607
32;24;0;0;0
32;25;0;0;0


THREAD; REPETITION; AVERAGE; MIN; MAX (nanoseconds)
33;1;0;0;0
33;2;0;0;0
33;3;30424771619;11082532347;49767010891
33;4;0;0;0
33;5;0;0;0
33;6;0;0;0
33;7;0;0;0
33;8;0;0;0
33;9;0;0;0
33;10;0;0;0
33;11;0;0;0
33;12;0;0;0
33;13;0;0;0
33;14;31944619638;31944619638;31944619638
33;15;49039609852;49016161341;49063058363
33;16;31072543822;31065327367;31079760277
33;17;0;0;0
33;18;56372158891;56367047767;56377085496
33;19;0;0;0
33;20;0;0;0
33;21;0;0;0
33;22;33939055406;33853823880;33989270704
33;23;0;0;0
33;24;0;0;0
33;25;0;0;0


THREAD; REPETITION; AVERAGE; MIN; MAX (nanoseconds)
34;1;47994434349;47994434349;47994434349
34;2;0;0;0
34;3;0;0;0
34;4;49373994740;49373994740;49373994740
34;5;0;0;0
34;6;0;0;0
34;7;53540163275;53529499001;53561156237
34;8;0;0;0
34;9;0;0;0
34;10;0;0;0
34;11;0;0;0
34;12;55297244046;54846526863;55539655739
34;13;0;0;0
34;14;35646283676;35646283676;35646283676
34;15;0;0;0
34;16;0;0;0
34;17;0;0;0
34;18;0;0;0
34;19;0;0;0
34;20;0;0;0
34;21;0;0;0
34;22;0;0;0
34;23;50960868735;47037156539;54884580932
34;24;0;0;0
34;25;0;0;0


THREAD; REPETITION; AVERAGE; MIN; MAX (nanoseconds)
35;1;0;0;0
35;2;40069730405;38008796021;42133091845
35;3;36387996903;32441527275;40334466532
35;4;0;0;0
35;5;0;0;0
35;6;47755452485;26955048477;58156939849
35;7;0;0;0
35;8;0;0;0
35;9;33961462700;33961462700;33961462700
35;10;0;0;0
35;11;0;0;0
35;12;0;0;0
35;13;0;0;0
35;14;0;0;0
35;15;0;0;0
35;16;0;0;0
35;17;59237372348;59237372348;59237372348
35;18;0;0;0
35;19;0;0;0
35;20;0;0;0
35;21;0;0;0
35;22;35666457469;35666457469;35666457469
35;23;0;0;0
35;24;0;0;0
35;25;0;0;0


THREAD; REPETITION; AVERAGE; MIN; MAX (nanoseconds)
36;1;0;0;0
36;2;0;0;0
36;3;0;0;0
36;4;53467257151;53467257151;53467257151
36;5;0;0;0
36;6;8861591976;8861591976;8861591976
36;7;30990151192;30990151192;30990151192
36;8;0;0;0
36;9;34411847945;34411847945;34411847945
36;10;0;0;0
36;11;0;0;0
36;12;0;0;0
36;13;0;0;0
36;14;30349423111;30309100948;30389745275
36;15;0;0;0
36;16;48791209497;48791209497;48791209497
36;17;0;0;0
36;18;43268431916;40834966664;45701897168
36;19;0;0;0
36;20;0;0;0
36;21;45489262741;45446068425;45569781984
36;22;0;0;0
36;23;51564585897;50276985553;52852186242
36;24;36544665226;29139964786;58744360875
36;25;0;0;0


THREAD; REPETITION; AVERAGE; MIN; MAX (nanoseconds)
37;1;0;0;0
37;2;50290193167;50290193167;50290193167
37;3;0;0;0
37;4;54850333649;52124844498;57964570915
37;5;59977185159;59974991235;59979379083
37;6;0;0;0
37;7;38961712815;26274582384;55375610867
37;8;37295700990;37262294579;37329107401
37;9;0;0;0
37;10;0;0;0
37;11;0;0;0
37;12;0;0;0
37;13;0;0;0
37;14;30251321374;30229649928;30286367472
37;15;0;0;0
37;16;32887890849;32887890849;32887890849
37;17;31589939294;31589939294;31589939294
37;18;49173939705;49173939705;49173939705
37;19;39207401290;11136433262;51388776716
37;20;0;0;0
37;21;0;0;0
37;22;0;0;0
37;23;53050072268;52951451651;53127213655
37;24;0;0;0
37;25;44559208503;44559208503;44559208503


THREAD; REPETITION; AVERAGE; MIN; MAX (nanoseconds)
38;1;0;0;0
38;2;0;0;0
38;3;48300592254;48300592254;48300592254
38;4;54488701776;54488701776;54488701776
38;5;0;0;0
38;6;56625491345;55919299729;56981339877
38;7;0;0;0
38;8;59287798379;59287798379;59287798379
38;9;0;0;0
38;10;0;0;0
38;11;0;0;0
38;12;0;0;0
38;13;0;0;0
38;14;49708517703;49708517703;49708517703
38;15;0;0;0
38;16;47468852186;47457111169;47480593204
38;17;0;0;0
38;18;0;0;0
38;19;41581660693;34055740813;49107580573
38;20;47738030672;47738030672;47738030672
38;21;30361282963;30354777353;30367788573
38;22;32971253748;32394985815;33547521682
38;23;38903307682;38903307682;38903307682
38;24;0;0;0
38;25;0;0;0


THREAD; REPETITION; AVERAGE; MIN; MAX (nanoseconds)
39;1;0;0;0
39;2;12928925324;12928925324;12928925324
39;3;0;0;0
39;4;44829882220;44829882220;44829882220
39;5;50986129243;50986129243;50986129243
39;6;49451965426;47159955944;50693862628
39;7;29279780623;29269274866;29285283744
39;8;23397233517;11787990932;29214949246
39;9;0;0;0
39;10;0;0;0
39;11;0;0;0
39;12;0;0;0
39;13;0;0;0
39;14;0;0;0
39;15;0;0;0
39;16;11254109112;11254109112;11254109112
39;17;32083628017;32083628017;32083628017
39;18;48242798177;29918662428;57946294501
39;19;0;0;0
39;20;0;0;0
39;21;0;0;0
39;22;0;0;0
39;23;0;0;0
39;24;0;0;0
39;25;0;0;0


THREAD; REPETITION; AVERAGE; MIN; MAX (nanoseconds)
40;1;34766509733;24758084547;50886454424
40;2;0;0;0
40;3;36658813830;36658813830;36658813830
40;4;0;0;0
40;5;0;0;0
40;6;48008282827;48008282827;48008282827
40;7;55709104789;55709104789;55709104789
40;8;29218804485;29218804485;29218804485
40;9;59048927239;59048927239;59048927239
40;10;0;0;0
40;11;0;0;0
40;12;48370521811;48319166193;48448039415
40;13;0;0;0
40;14;0;0;0
40;15;0;0;0
40;16;0;0;0
40;17;48129212233;48129212233;48129212233
40;18;0;0;0
40;19;50251073181;49997386400;50504759962
40;20;47547373758;47547373758;47547373758
40;21;0;0;0
40;22;0;0;0
40;23;0;0;0
40;24;48278367711;48278367711;48278367711
40;25;0;0;0


THREAD; REPETITION; AVERAGE; MIN; MAX (nanoseconds)
41;1;0;0;0
41;2;44775984238;44775984238;44775984238
41;3;46127539324;46127539324;46127539324
41;4;46748967222;44436560443;49061374001
41;5;0;0;0
41;6;28623379997;28623379997;28623379997
41;7;0;0;0
41;8;0;0;0
41;9;0;0;0
41;10;0;0;0
41;11;0;0;0
41;12;33248609391;33248609391;33248609391
41;13;58760808217;58754874223;58766742212
41;14;0;0;0
41;15;0;0;0
41;16;0;0;0
41;17;42797454600;28299452095;57231323395
41;18;0;0;0
41;19;31805813099;31805813099;31805813099
41;20;0;0;0
41;21;45696927403;45696927403;45696927403
41;22;35245747818;34408725899;36082769738
41;23;0;0;0
41;24;48160376807;44676052892;51644700723
41;25;0;0;0


THREAD; REPETITION; AVERAGE; MIN; MAX (nanoseconds)
42;1;0;0;0
42;2;0;0;0
42;3;0;0;0
42;4;0;0;0
42;5;0;0;0
42;6;46972913856;24945631009;58739153160
42;7;49255497766;49255497766;49255497766
42;8;0;0;0
42;9;0;0;0
42;10;0;0;0
42;11;0;0;0
42;12;0;0;0
42;13;0;0;0
42;14;0;0;0
42;15;0;0;0
42;16;0;0;0
42;17;0;0;0
42;18;30861117614;30861117614;30861117614
42;19;33213799868;33213799868;33213799868
42;20;0;0;0
42;21;0;0;0
42;22;0;0;0
42;23;0;0;0
42;24;30243211288;30243211288;30243211288
42;25;0;0;0


THREAD; REPETITION; AVERAGE; MIN; MAX (nanoseconds)
43;1;0;0;0
43;2;57211801919;55773050555;59503540394
43;3;0;0;0
43;4;0;0;0
43;5;30808355112;30808355112;30808355112
43;6;0;0;0
43;7;0;0;0
43;8;0;0;0
43;9;58122601755;58122601755;58122601755
43;10;0;0;0
43;11;49756681226;49756681226;49756681226
43;12;49272940206;49272940206;49272940206
43;13;0;0;0
43;14;0;0;0
43;15;29347728273;29347728273;29347728273
43;16;0;0;0
43;17;0;0;0
43;18;0;0;0
43;19;0;0;0
43;20;0;0;0
43;21;0;0;0
43;22;0;0;0
43;23;0;0;0
43;24;0;0;0
43;25;0;0;0


THREAD; REPETITION; AVERAGE; MIN; MAX (nanoseconds)
44;1;0;0;0
44;2;0;0;0
44;3;0;0;0
44;4;0;0;0
44;5;0;0;0
44;6;0;0;0
44;7;0;0;0
44;8;0;0;0
44;9;0;0;0
44;10;0;0;0
44;11;0;0;0
44;12;0;0;0
44;13;32901006064;32900906261;32901105867
44;14;0;0;0
44;15;0;0;0
44;16;30908427153;30895647492;30921206815
44;17;37511615590;25456368687;52773150987
44;18;50198185034;50198185034;50198185034
44;19;0;0;0
44;20;44062507443;31255404668;57952637625
44;21;0;0;0
44;22;0;0;0
44;23;0;0;0
44;24;0;0;0
44;25;0;0;0


THREAD; REPETITION; AVERAGE; MIN; MAX (nanoseconds)
45;1;55202467731;53318392840;59067801704
45;2;0;0;0
45;3;0;0;0
45;4;0;0;0
45;5;30004758216;30004758216;30004758216
45;6;0;0;0
45;7;0;0;0
45;8;0;0;0
45;9;0;0;0
45;10;0;0;0
45;11;0;0;0
45;12;33952899216;15171413615;52734384817
45;13;0;0;0
45;14;46621654707;27530344290;56953091105
45;15;31050465352;31050465352;31050465352
45;16;43879253531;33700772025;50658827658
45;17;0;0;0
45;18;0;0;0
45;19;0;0;0
45;20;0;0;0
45;21;0;0;0
45;22;0;0;0
45;23;41672722441;41657844922;41687599960
45;24;0;0;0
45;25;55333470524;55323066269;55341078545


THREAD; REPETITION; AVERAGE; MIN; MAX (nanoseconds)
46;1;0;0;0
46;2;0;0;0
46;3;0;0;0
46;4;0;0;0
46;5;0;0;0
46;6;0;0;0
46;7;0;0;0
46;8;30775814430;30760991201;30802469727
46;9;0;0;0
46;10;0;0;0
46;11;54813079806;54813079806;54813079806
46;12;0;0;0
46;13;0;0;0
46;14;47478090931;47478090931;47478090931
46;15;0;0;0
46;16;31390406695;31382678734;31402848895
46;17;0;0;0
46;18;0;0;0
46;19;47601423506;47601423506;47601423506
46;20;0;0;0
46;21;0;0;0
46;22;0;0;0
46;23;0;0;0
46;24;0;0;0
46;25;0;0;0


THREAD; REPETITION; AVERAGE; MIN; MAX (nanoseconds)
47;1;0;0;0
47;2;47650975054;44561870154;49490279911
47;3;33052955739;32831598150;33793725460
47;4;0;0;0
47;5;0;0;0
47;6;0;0;0
47;7;0;0;0
47;8;0;0;0
47;9;35000576414;27921972555;55394327911
47;10;0;0;0
47;11;39944204711;39944204711;39944204711
47;12;0;0;0
47;13;0;0;0
47;14;0;0;0
47;15;0;0;0
47;16;0;0;0
47;17;44340703357;44340703357;44340703357
47;18;28375730575;28375730575;28375730575
47;19;0;0;0
47;20;0;0;0
47;21;30212619690;30212619690;30212619690
47;22;0;0;0
47;23;0;0;0
47;24;46237744089;46232700944;46247742101
47;25;0;0;0


THREAD; REPETITION; AVERAGE; MIN; MAX (nanoseconds)
48;1;0;0;0
48;2;0;0;0
48;3;0;0;0
48;4;34433126347;34061124808;35176639908
48;5;0;0;0
48;6;0;0;0
48;7;0;0;0
48;8;51086435240;51086070785;51087121128
48;9;48455219331;27519081056;58925927806
48;10;43456684019;29055826718;57857541320
48;11;0;0;0
48;12;0;0;0
48;13;0;0;0
48;14;44755068311;27512871678;55680468328
48;15;0;0;0
48;16;55780750836;55780750836;55780750836
48;17;59174616257;58675301191;59673931324
48;18;0;0;0
48;19;53248193625;53248193625;53248193625
48;20;0;0;0
48;21;0;0;0
48;22;0;0;0
48;23;0;0;0
48;24;0;0;0
48;25;0;0;0


THREAD; REPETITION; AVERAGE; MIN; MAX (nanoseconds)
49;1;0;0;0
49;2;0;0;0
49;3;0;0;0
49;4;0;0;0
49;5;0;0;0
49;6;46115677708;25805798222;53556959403
49;7;0;0;0
49;8;28871338047;28871338047;28871338047
49;9;0;0;0
49;10;0;0;0
49;11;59541253428;59541253428;59541253428
49;12;0;0;0
49;13;43312185628;43312185628;43312185628
49;14;37635885846;37635885846;37635885846
49;15;38292271992;32177865343;50036161858
49;16;0;0;0
49;17;0;0;0
49;18;0;0;0
49;19;0;0;0
49;20;0;0;0
49;21;0;0;0
49;22;57482733979;57482733979;57482733979
49;23;0;0;0
49;24;0;0;0
49;25;0;0;0


THREAD; REPETITION; AVERAGE; MIN; MAX (nanoseconds)
50;1;0;0;0
50;2;0;0;0
50;3;0;0;0
50;4;0;0;0
50;5;0;0;0
50;6;0;0;0
50;7;0;0;0
50;8;0;0;0
50;9;41596440609;41596440609;41596440609
50;10;0;0;0
50;11;0;0;0
50;12;0;0;0
50;13;33311716363;33311716363;33311716363
50;14;56238980443;56238980443;56238980443
50;15;0;0;0
50;16;45409507773;45409507773;45409507773
50;17;0;0;0
50;18;0;0;0
50;19;0;0;0
50;20;0;0;0
50;21;0;0;0
50;22;49704803753;49704803753;49704803753
50;23;0;0;0
50;24;0;0;0
50;25;0;0;0


