THREAD; AVERAGE-REPETITIONS; MIN-REPETITIONS; MAX-REPETITIONS (nanoseconds)
1;2249281707;2249281707;2249281707
2;45729286758;10534511503;57788706698
3;15499588311;5622819129;20530739032
4;14868997566;3730490042;30314526226
5;18187461285;2357993862;48189526062
6;15919101449;2064751796;48805746104
7;14055336134;1793897830;48984678552
8;12579618181;1932286536;43419193294
9;12442827975;1815922118;41270492624
10;12114858472;1762079250;41319349518
11;11396040805;1768505852;39669167628
12;11833741101;1790761370;39181029806
13;11109598316;1848607705;38423819546
14;11185094371;1857219110;36799028566
15;10967300394;1752949807;38575312560
16;12841593901;1809956648;44816325518
17;12165510537;1782361171;43864868747
18;11069272338;1686028735;38882403288
19;11376648063;1703747867;41147350302
20;10588911435;1707474575;40589919428
21;11190776556;1759120768;43501833397
22;10328309430;1736907257;38981848411
23;10049562411;1703378686;41747951407
24;9993102235;1725814976;42346671495
25;10554717459;1716675792;41414306335
26;10722343982;1706968472;44445555359
27;10327339935;1708878631;45003325623
28;10014523056;1696695401;43755303637
29;10260865761;1693960472;41865949697
30;9546638872;1713400974;39796839190
31;9987719068;1697531356;43338159738
32;9323611997;1692888758;43995778033
33;10235683432;1707744146;45268704271
34;10444080779;1635852486;44317669273
35;10038424829;1682210213;46295570026
36;10203301127;1696927009;45157209134
37;10351453117;1688072076;44411975784
38;9848936375;1657675855;43770864322
39;9959094713;1731007164;45854790399
40;10055064720;1660793835;44084470406
41;10025639723;1642295780;46459518969
42;9620554361;1634219357;40657182169
43;9937539699;1601557041;47535013489
44;10140950428;1535178588;44624347418
45;10244145180;1590058278;45390328304
46;10476785654;1549726968;44878917923
47;10083288157;1556113908;47379040495
48;10258689267;1475298913;46154590060
49;9960973302;1448404059;45018267316
50;10003357376;1509013958;46078856122
THREAD; REPETITION; AVERAGE; MIN; MAX (nanoseconds)
1;1;0;0;0
1;2;0;0;0
1;3;0;0;0
1;4;0;0;0
1;5;0;0;0
1;6;0;0;0
1;7;0;0;0
1;8;0;0;0
1;9;0;0;0
1;10;0;0;0
1;11;0;0;0
1;12;0;0;0
1;13;0;0;0
1;14;0;0;0
1;15;0;0;0
1;16;0;0;0
1;17;0;0;0
1;18;0;0;0
1;19;0;0;0
1;20;0;0;0
1;21;0;0;0
1;22;0;0;0
1;23;56232042690;56232042690;56232042690
1;24;0;0;0
1;25;0;0;0


THREAD; REPETITION; AVERAGE; MIN; MAX (nanoseconds)
2;1;44185334247;10025227228;59955484217
2;2;45349312694;15227220219;55868625133
2;3;46680486131;7629057813;59631562950
2;4;43520125428;6939353047;59897703269
2;5;46692204975;16462401577;55220994148
2;6;44373891842;11574591394;54877344258
2;7;44793903805;7234064246;59667520523
2;8;47293460951;7869026021;59931220588
2;9;44829342040;11462116763;56203900775
2;10;44930145894;8383843477;55371000434
2;11;43449876388;11986124074;51973073184
2;12;45381487125;10759347766;59984999699
2;13;48388331111;12217652732;57934735770
2;14;45056691784;7164026992;58564077977
2;15;44802888389;11690340393;58276270657
2;16;47206196940;11989235154;59921749832
2;17;46403007063;11094566628;57616606230
2;18;49340192687;12716720422;55007525537
2;19;44094461058;10116163437;59676156815
2;20;46495919604;11204800611;57896937530
2;21;44928759798;7131840499;55462905830
2;22;46151234222;9035389135;59982317934
2;23;47482896113;12253147328;58670016929
2;24;43931681240;11727198638;59135331306
2;25;47470337426;9469331996;57989605941


THREAD; REPETITION; AVERAGE; MIN; MAX (nanoseconds)
3;1;14572746645;4661646452;19230852804
3;2;15151835805;6813893804;19573929857
3;3;15093797946;4516521583;20178480924
3;4;18455019580;6520659678;24058920338
3;5;14843219888;4940435237;19850855905
3;6;14305106505;6373686390;19442574755
3;7;15446949673;4483323230;20382448537
3;8;15144722929;4479694906;19874474688
3;9;15250094895;4965708351;20474623381
3;10;16305203795;4585663541;21652071772
3;11;13829280898;5914835266;18395796743
3;12;15129007016;4255109658;20548156889
3;13;14310155738;4434976094;19925528524
3;14;16805823989;6770355310;21940809236
3;15;15758212530;6525517000;21347969854
3;16;16397217450;13346346463;21489114329
3;17;17692520972;4662975881;22856560261
3;18;14821501629;4071330644;19997171848
3;19;14874078916;5371546244;19330401141
3;20;14918475998;6462185836;20012425043
3;21;14500163988;4452999264;19281954201
3;22;15105328608;6475237216;20247690559
3;23;19185003363;4683543300;24434055026
3;24;13800465103;4434181648;18012051671
3;25;15793773938;6368105234;20729557527


THREAD; REPETITION; AVERAGE; MIN; MAX (nanoseconds)
4;1;14612774619;3240288710;24577869394
4;2;17388909266;3396083930;45820856142
4;3;13795425555;3214924033;23835454995
4;4;14575875262;3256918058;25933036880
4;5;13776204857;3191583707;22535896322
4;6;14576744074;3969064364;24710734744
4;7;17900443241;3358211169;46436360417
4;8;17297713823;3363375233;43764957069
4;9;14225027072;6020542276;23131039979
4;10;14884646323;3304937569;26421309133
4;11;13816838442;3236068411;22399511181
4;12;15107624946;3312517861;44837121757
4;13;13797220760;3196629739;22544071802
4;14;14934026198;3247994787;26810867512
4;15;14695890241;5798860330;28032445674
4;16;16607937264;3369465602;43459288540
4;17;13659563865;5836899522;21950311911
4;18;14766235506;3263251335;24223035120
4;19;15232587481;3293094513;47346427758
4;20;15420777027;3302613112;48730124709
4;21;13892273823;3217468002;23739552862
4;22;13900275565;3247511555;22814840224
4;23;13657260197;3203257468;21887043465
4;24;14663279107;3237278412;27286343935
4;25;14539384641;6183411369;24634654125


THREAD; REPETITION; AVERAGE; MIN; MAX (nanoseconds)
5;1;20988867343;2046768374;49065965297
5;2;13741874970;1999385467;26236992690
5;3;18718856906;1933832722;47664179106
5;4;19155839808;2494446082;56506263994
5;5;18060571812;3891763059;56907586648
5;6;21732556251;1989562989;51394960114
5;7;14247054338;2006319029;51851045873
5;8;18252291112;3264252580;57978485953
5;9;20811817790;2403444991;51064147399
5;10;17821389034;1990506126;40016194307
5;11;15502497609;1980275287;50395459618
5;12;21388983679;1989679344;51457564439
5;13;16824864717;2038380576;37966372402
5;14;21130950772;1991733935;49483572563
5;15;15288884153;2005190115;47458001645
5;16;18787820798;1947591314;47557082254
5;17;17768606117;2045218456;41346988653
5;18;20999115328;2545229073;48228639115
5;19;15064520969;1903150470;47121265551
5;20;13958854908;2078215457;54880563382
5;21;21105351110;4272421844;52575016658
5;22;20118962429;3850540222;49168899958
5;23;20095609743;2032476194;46611728446
5;24;14104861399;2315829596;44563799938
5;25;19015529044;1933633255;47237375560


THREAD; REPETITION; AVERAGE; MIN; MAX (nanoseconds)
6;1;15625493692;2810783494;57258126871
6;2;16944941003;1671368498;53752773887
6;3;16247268801;1637845103;43514130567
6;4;19247535417;1924586924;57000929588
6;5;17986962978;2965701018;47662630307
6;6;13930374624;1810717563;42245057751
6;7;16426619891;1814189792;45245753930
6;8;14488090559;1783439236;47494444546
6;9;14131947835;1778985458;37299333225
6;10;15559043355;2896037695;49125343724
6;11;15091629139;2954846356;49838627535
6;12;15008826784;1746667454;48231812632
6;13;17425191477;2954122032;54938176989
6;14;15317331239;1874500879;48143413898
6;15;17048488231;1811858351;51968681215
6;16;15802900786;1736333529;53829803648
6;17;14630685704;1732175947;49051371543
6;18;14103585232;1813145107;41382834411
6;19;16323029104;1746139593;57170290637
6;20;16933538872;2901262591;48220448059
6;21;19526729636;1926122454;52746657257
6;22;16160789961;1926044371;48149499517
6;23;16355785288;1834051395;45250765879
6;24;14387326410;1782676500;46567510326
6;25;13273420225;1785193579;44055234674


THREAD; REPETITION; AVERAGE; MIN; MAX (nanoseconds)
7;1;12017694291;2779558854;38571049323
7;2;12677531402;1627621597;55839379027
7;3;14488907411;1733728099;47035688544
7;4;14950587063;1646642799;56075922010
7;5;13809791744;1690147491;46124663260
7;6;13255530020;1779162994;40182719382
7;7;13202412006;1823461641;48046648806
7;8;17802072931;1629523794;55846285980
7;9;12943921242;1692046265;47650282927
7;10;17237155401;1722791444;40474097406
7;11;12989468520;1657281232;49476308861
7;12;14371289618;1659391696;49471057075
7;13;13290187704;1654391830;55468135615
7;14;14136725753;1401108800;47922436301
7;15;14574303697;2434323287;48143003021
7;16;13153791661;1677993502;46922073057
7;17;13784770753;1648590812;47882388544
7;18;16809435311;1748583618;56235855674
7;19;15844725641;1749488343;52725473698
7;20;13145622473;2739189478;41217272935
7;21;13300786306;1619936332;46876605616
7;22;7793723826;1686732741;55217377349
7;23;12767308965;1710080681;44710675798
7;24;12700504046;1688680405;54497090273
7;25;20335155582;1646988025;52004473334


THREAD; REPETITION; AVERAGE; MIN; MAX (nanoseconds)
8;1;16286353575;2753518603;37979446340
8;2;11752051794;1633022912;54450014317
8;3;9447676913;2118616123;35916911367
8;4;11054190361;1908707252;25530313629
8;5;12785632099;1606543290;55160987430
8;6;13378163474;1643967599;55838914862
8;7;12627774047;2069045577;55676865216
8;8;9589336258;1530343731;38782035147
8;9;11292756695;1660909837;47330594112
8;10;13686865376;1712849050;56069460434
8;11;10107844994;2035163268;40701439639
8;12;13516276252;2231180918;51862866300
8;13;17266988316;1750501321;54994424920
8;14;10456901772;2428518220;35714071900
8;15;12529087287;2355162178;36185263350
8;16;19268955520;1620473413;51095213219
8;17;10630273019;1587045071;34961308699
8;18;12855582560;2839918551;34573320492
8;19;11552229220;1594086330;30445084641
8;20;10577741650;1563227589;33974190156
8;21;13035413732;1615663304;52739015503
8;22;13350021007;2224840517;55944035066
8;23;10988286703;2011807366;26590179268
8;24;16324794977;2219004022;57539946557
8;25;10129256947;1593047371;25423929787


THREAD; REPETITION; AVERAGE; MIN; MAX (nanoseconds)
9;1;16136476309;2586978023;53911546439
9;2;9821526253;1676110022;24049320793
9;3;10179101357;1630655153;51475541374
9;4;11061736666;1937854322;34302146432
9;5;17007941349;2197976139;40233407458
9;6;10518527441;1851490552;37268468200
9;7;14005813433;2165220719;46655275182
9;8;13371463724;1658842605;54254010775
9;9;13685846328;1686483268;56787558964
9;10;9588064278;1587698017;31111392300
9;11;17336708483;1534011375;53129352613
9;12;10985049534;1276428638;31502001931
9;13;17062171744;2359840567;37273068156
9;14;9921149778;1727353477;54936114437
9;15;15547624671;1592508126;55392341904
9;16;11185948198;1579831725;35960561607
9;17;10840057945;1956389150;30162169842
9;18;11905161854;1579667108;43536242526
9;19;11544201360;2018662567;40400898927
9;20;9185997368;1592721421;38523420295
9;21;15246630531;2057241214;47194700374
9;22;13390099676;1576505673;41470697951
9;23;9929489296;2420802713;29814423342
9;24;10477864663;1623099095;31640866507
9;25;11136047153;1523681292;30776787273


THREAD; REPETITION; AVERAGE; MIN; MAX (nanoseconds)
10;1;13661994640;1678593649;38068787444
10;2;10690653839;1952020369;39069069812
10;3;12930799128;1901046642;36694445035
10;4;10609276702;1506016617;33619759704
10;5;9613680697;1548384362;28885140779
10;6;11682707841;1159269474;52966207717
10;7;14756152327;1874823057;50938945802
10;8;10626566731;1630713470;30068714110
10;9;10303275659;1496509472;39451641340
10;10;13013243160;1637051916;52766509710
10;11;13579353110;1601288502;44483909547
10;12;10681871250;1410468021;32992548774
10;13;12391319870;1739313516;40665242859
10;14;14447300384;1948315777;51927290200
10;15;9506918756;2082582632;34068172771
10;16;13198085907;1442031808;52000177397
10;17;9877987226;1513987112;53741833949
10;18;14848718955;2224773470;52619259082
10;19;10712988738;1552679880;32486607097
10;20;14381957251;1964806211;47919690352
10;21;13474031425;2088463688;37331657935
10;22;11871990469;2215614066;38376419280
10;23;10861718523;1970747190;30203809981
10;24;14290011617;1609034738;43159506585
10;25;10858857599;2303445620;38478390690


THREAD; REPETITION; AVERAGE; MIN; MAX (nanoseconds)
11;1;10109044531;2300793327;34263768370
11;2;8821914035;1754765201;56068161037
11;3;12613824336;2195303523;53749512927
11;4;11134426034;1613148319;34555680261
11;5;11862484469;1810069296;54448083625
11;6;11260257542;1174419305;44020647666
11;7;12471644487;1588053720;34684511369
11;8;9665136374;2028193318;31787537452
11;9;12269228869;1340647694;42380386124
11;10;10128941362;1597510298;28800249194
11;11;13814409171;1873943685;51532767992
11;12;10821738535;1661067468;30178231591
11;13;12301839286;2104117703;36461136471
11;14;10859561611;1925494860;33460157785
11;15;9813177264;1947920895;31676175603
11;16;9527824854;1637815630;30836556112
11;17;11855688240;1887857745;34138770220
11;18;10195823421;1527477445;32376957826
11;19;13330150463;1630015616;52162808192
11;20;11160051576;1894918278;32465429894
11;21;13960742011;1991965390;51050536800
11;22;10334779533;1592638241;36680125337
11;23;13340516230;1618649507;38884983007
11;24;10554212523;1916169373;31203729874
11;25;12693603379;1599690464;53862285989


THREAD; REPETITION; AVERAGE; MIN; MAX (nanoseconds)
12;1;10687371284;1905437423;31980173528
12;2;13322118261;1831147534;40728780334
12;3;10253021056;1596187364;29059593189
12;4;9100633203;2306155880;27497538933
12;5;12435963452;1577664131;36600246750
12;6;10422955406;1766488478;32674804060
12;7;13694458774;1680787922;39183911643
12;8;12676333897;1985152303;35197936539
12;9;10724734230;1599229441;56780734283
12;10;14215400284;1980612480;49450081225
12;11;10549642127;1690795409;32004257594
12;12;15330985229;1942184761;52798924305
12;13;10427857918;1927094784;32459925703
12;14;15658847989;1584565776;50593927929
12;15;11152468948;1899046945;53851413238
12;16;10648641926;1675052974;31356087226
12;17;12775451428;1580120238;36638038773
12;18;10908175009;2171120282;35039292703
12;19;10530039034;1612754065;29984242551
12;20;11108882849;1848152837;52445852755
12;21;14586881456;2134591687;44043940082
12;22;13236543692;1330822981;39886688741
12;23;11039083083;1617275589;31498258578
12;24;9677727066;1551213911;33805501746
12;25;10679309926;1975379063;43965592763


THREAD; REPETITION; AVERAGE; MIN; MAX (nanoseconds)
13;1;10210238113;1901253581;29972987838
13;2;12761448801;1941437390;43218354568
13;3;10738495712;2123273628;30606125778
13;4;11979058346;1687540177;38734451376
13;5;13806220842;1908017290;41365278408
13;6;10705629883;1768069964;33297925854
13;7;11364941525;2214312015;32072026193
13;8;12851229984;2015640955;49205830280
13;9;10870236913;1673200714;32185551027
13;10;12699205542;1888516976;53551240730
13;11;10396293059;1839628291;39770734199
13;12;9025481457;1833715318;38699217009
13;13;9500254718;2001923708;23004854318
13;14;11844817612;1568130726;53467929793
13;15;13152107222;1872788301;37168236326
13;16;10293656888;1881530544;34009661284
13;17;9663036602;1603337366;39486529084
13;18;10109369374;1624379565;24330263623
13;19;10404833411;1906734864;53961300948
13;20;11899280415;1901744985;35528795978
13;21;9761372700;2363657392;51845470514
13;22;10226555837;1642862012;46014245666
13;23;10778063951;1628801985;31193334139
13;24;12679442915;1546255599;35317386637
13;25;10018686098;1878439299;32587757103


THREAD; REPETITION; AVERAGE; MIN; MAX (nanoseconds)
14;1;9405554020;2015846637;29458022528
14;2;12835240013;1540976646;35693955307
14;3;10220874410;2235373141;31129967985
14;4;15452391824;1619769202;53029476652
14;5;10604460155;1874072333;27422424149
14;6;15411972792;1977176568;46762304148
14;7;12948961011;2018557456;37891035523
14;8;10232349089;1575924593;39724614371
14;9;9622642787;1884171102;27428680740
14;10;12663973800;2031765769;36362666973
14;11;9847872498;1593119656;29542461123
14;12;9356370908;2238700519;25039787390
14;13;9148991634;1647100469;52871643184
14;14;9699814937;2000237530;29073893400
14;15;12125041857;2129893603;38739575979
14;16;13397418374;2107824109;40396579104
14;17;10191618959;2001022058;29209802573
14;18;9398314980;1794223917;33415105271
14;19;13308733026;1805475487;38977176918
14;20;10274884312;1581906150;31031273458
14;21;9678145837;1973875520;25287292240
14;22;11450823848;1552731004;48830554302
14;23;11339634125;1511683119;52793718615
14;24;9413543128;1773495095;25516750243
14;25;11597730957;1945556069;54346951987


THREAD; REPETITION; AVERAGE; MIN; MAX (nanoseconds)
15;1;8957261620;2013019881;33106681296
15;2;10780256811;1738545612;52434966176
15;3;9972968701;1945226139;27967536237
15;4;8425497661;1844626831;22911626757
15;5;9306937847;1971750530;28892634539
15;6;10433658692;1746925447;56506049373
15;7;14994499270;1633016208;53363856859
15;8;12013111480;1870654511;48269842955
15;9;10170380871;2017318681;33661331258
15;10;8944765441;1591072189;29611923931
15;11;11349420842;1934232633;53112871328
15;12;14185845699;1634777884;47796853720
15;13;11311548660;1510202204;34410273302
15;14;15041793231;1788247948;51007800992
15;15;9485137708;1664842879;29676611762
15;16;11233495261;1587056385;43404867308
15;17;8351747766;1538384627;31246420355
15;18;11637121187;1839858069;37565579285
15;19;9143287778;1448825060;30672635628
15;20;9392181126;1577145489;31692717091
15;21;9136952477;1794115663;27128836835
15;22;16816962712;1919234218;56971019990
15;23;13190847258;1716951665;39393033123
15;24;9883010576;1621313952;33697229885
15;25;10023819196;1876400493;29879614030


THREAD; REPETITION; AVERAGE; MIN; MAX (nanoseconds)
16;1;11492355659;1781647388;41887507700
16;2;9895424242;1923065152;29205747449
16;3;13495091517;1646420984;51430599559
16;4;14996484877;1912075068;52576614905
16;5;14092095255;1930092582;49937833649
16;6;13909648239;2002881651;54958086293
16;7;13032365549;1802885353;46160241176
16;8;9698063011;2049494419;31026316752
16;9;12062977694;1513373487;39693471167
16;10;11531492642;1728785642;36785375795
16;11;8977674638;1776055267;24791775770
16;12;11385800201;1535914830;42315307741
16;13;13577520910;2206481830;46294777688
16;14;14872768016;1701605372;51536894354
16;15;15402153996;1615257036;53508877316
16;16;15014322152;1910677404;51199912908
16;17;14283113987;1908825423;53173966873
16;18;11108889217;1729539019;34135233877
16;19;14336370817;1986691116;52563621703
16;20;11987113057;1554337492;41863724091
16;21;14169899889;1856486579;49992769961
16;22;11586968256;1528944322;34672876581
16;23;11810019269;1846349257;52627733133
16;24;13413709439;1945499987;47180624004
16;25;14907525010;1855529544;50888247528


THREAD; REPETITION; AVERAGE; MIN; MAX (nanoseconds)
17;1;11861255777;1802950934;53714840434
17;2;11909873778;1640783396;51619377533
17;3;10862357769;1976640327;32222974708
17;4;11622599525;1829193305;50795310298
17;5;11519690579;1687168620;48304107225
17;6;13688869187;2029628696;46925561768
17;7;10883568195;1554514959;34033842011
17;8;11697252832;1739616139;37071665393
17;9;13005056548;1578226842;46550876648
17;10;12394211401;1838239916;42240650488
17;11;9800271390;1776138168;30339112374
17;12;13609417526;1816605462;48385019675
17;13;14872727851;2008672261;52485905541
17;14;13623472587;1891514424;45362772154
17;15;11570343814;1931590817;36905386019
17;16;12963595042;1571148079;47664391355
17;17;7424092259;1429302537;26732624817
17;18;12165586374;1993610431;50957636725
17;19;11549406708;1608347989;35322998523
17;20;14849720685;1922781387;53061127461
17;21;11222954242;1989160214;33665423468
17;22;11324708441;1815819678;34320559107
17;23;14587707720;1742804113;53689605662
17;24;10800299331;1515788599;53793437574
17;25;14328723868;1868781996;50456511722


THREAD; REPETITION; AVERAGE; MIN; MAX (nanoseconds)
18;1;13646423579;1833772868;46744703168
18;2;7284142601;1436191821;28059164293
18;3;12180443363;1779057114;50472343482
18;4;13944266524;1932409287;49936676379
18;5;11231559085;1556141703;34493995186
18;6;12316093432;1512382580;40102608153
18;7;11093468249;1653200616;34655989588
18;8;11707305664;1574931940;35811910941
18;9;11053824630;1578993140;42261808274
18;10;10610443839;1380175483;33037638512
18;11;11872385392;1765529698;52985566531
18;12;7763710526;1530361890;34129757623
18;13;12175594325;1608765709;40214996948
18;14;9322982090;1868346396;27714630142
18;15;11489424525;1904848451;38602059410
18;16;9792959339;1942305377;53188699681
18;17;11212529300;1819363145;33788901243
18;18;11142512947;1798174140;42775808168
18;19;7804532197;1738607211;29823208257
18;20;9745135230;2007609626;30610505316
18;21;10909159987;1539158817;34335730379
18;22;15317599615;1649924362;52161233481
18;23;11607999816;1620084186;37257293386
18;24;10263851539;1534521985;33472152396
18;25;11243460668;1585860843;35422701279


THREAD; REPETITION; AVERAGE; MIN; MAX (nanoseconds)
19;1;14514757320;2050994470;49368477069
19;2;11603673559;1792040539;41691082945
19;3;13798902469;1990159853;50731319204
19;4;10857444604;1562976509;44393158208
19;5;10719268824;1669291278;49170615888
19;6;11104731491;1475449743;51002761105
19;7;11016078301;1643448818;34706086877
19;8;11131618680;1890028482;34628081851
19;9;11162572869;1754607499;34653299022
19;10;7575200474;1603015747;32345393758
19;11;11128042856;1465717990;44661316522
19;12;10678758662;1622942511;35280125547
19;13;10996671266;1415785875;35432214569
19;14;12289451574;1848567765;39482250328
19;15;10661795065;1650540711;34371054212
19;16;12134584685;1547809917;45984601465
19;17;10764317194;1795646444;49138685294
19;18;10706957598;1764959024;34140235351
19;19;10846476303;1493820723;50264120230
19;20;15339430009;1921800117;53854022857
19;21;11486929009;1579202525;35415199627
19;22;10816570482;1712659220;34784662925
19;23;11031043029;1876745717;34432276797
19;24;10814624194;1506707067;44121201577
19;25;11236301075;1958778141;34631514340


THREAD; REPETITION; AVERAGE; MIN; MAX (nanoseconds)
20;1;7461336875;1585491872;32114763888
20;2;11120876320;1817777190;47787557567
20;3;10726607789;1714019031;50399631238
20;4;13586115846;1919152365;47165467190
20;5;10960265039;1497058565;43112238566
20;6;10928012498;1582068741;43297601580
20;7;7084367639;1451078838;29097810685
20;8;7425662289;1681442334;29591918457
20;9;10739130059;1836739935;35820784765
20;10;12411073884;1631264868;38702537055
20;11;11304307097;1652470007;33703005690
20;12;11044578352;1868217469;34216370517
20;13;10559504012;1825701241;48924286746
20;14;10869795528;1737189294;48070878352
20;15;11209979235;1768937253;34644177752
20;16;10987979491;1671194803;51109787347
20;17;10591263352;1485209642;43980080918
20;18;13164739889;1866002382;47444438259
20;19;11443096150;1474044327;41847513022
20;20;10567381617;1790478190;32959377030
20;21;10777080285;1761988116;34333017954
20;22;7438553813;1801652026;30103628185
20;23;10841182955;1791253009;52867093863
20;24;10727835197;1723915609;50461189899
20;25;10752060688;1752517290;32992829187


THREAD; REPETITION; AVERAGE; MIN; MAX (nanoseconds)
21;1;10538398254;1680085947;33327480797
21;2;10059227872;1662161183;33399494908
21;3;10994376104;1810030814;43678482949
21;4;11680267489;1690738697;44492750895
21;5;12698252167;1814269831;43022905216
21;6;7527363238;1824878161;29439504322
21;7;11214740664;1629126676;41779879426
21;8;12264959312;1957196585;47373336136
21;9;14392907836;1800762178;53214449182
21;10;9090470054;1703727289;50726269190
21;11;12797560754;1513461487;51173553412
21;12;11799927527;1390844647;50599176572
21;13;7198648207;1627509642;27654400280
21;14;11453910695;1875035864;52423739888
21;15;11582707800;1884123541;51415756541
21;16;10689143442;1800904026;34757753360
21;17;10712587918;1743019364;50084925179
21;18;13965581382;1933837471;50397321307
21;19;11091950376;1838502868;40475445623
21;20;12977766036;1930442347;45296239117
21;21;12459972389;1665649405;48528289489
21;22;10384409429;1857005360;33709727633
21;23;10595127875;1882062176;47848200749
21;24;10712591971;1825322632;48091773465
21;25;10886565112;1637321014;34634979306


THREAD; REPETITION; AVERAGE; MIN; MAX (nanoseconds)
22;1;8289312830;1657085048;51455914998
22;2;10151882757;1814808447;31660829659
22;3;10681313093;1913759431;34600583524
22;4;11976783713;2082021319;46558227373
22;5;8304690866;1655997411;28293169104
22;6;11170550766;1827625299;50290176125
22;7;9866022907;1584987897;33169732955
22;8;10347138756;1806907303;44243607008
22;9;10673258666;1677663642;44347240710
22;10;10365826408;1695484342;32658689443
22;11;12142120141;1601026666;47318030015
22;12;10499735850;1816978205;32743354393
22;13;11257634195;1998972216;33442492272
22;14;10586198836;1831413070;32728127947
22;15;10991880814;1767466605;42535918461
22;16;10650326493;1573217545;34619827730
22;17;10559713733;1724188270;32373665159
22;18;12830402599;1913402052;52865923812
22;19;9530529863;1450983785;31780529369
22;20;7140013242;1605458934;26303372845
22;21;10643463005;1456826915;32959602058
22;22;12207146018;1727340836;47992884221
22;23;7468442504;1744789142;28030700760
22;24;11949045645;1743871008;50249789918
22;25;7924302052;1750406057;51323820416


THREAD; REPETITION; AVERAGE; MIN; MAX (nanoseconds)
23;1;7461710452;1747099003;53475337438
23;2;6870079924;1640513389;28706087436
23;3;11447405566;1854428217;53898211574
23;4;10669789201;1892792450;33709788744
23;5;11401790218;1790344583;43827848931
23;6;10224578587;1694280069;35345576114
23;7;9505681074;1614213259;30594432113
23;8;9424335848;1468590631;49610505246
23;9;9569555183;1717249329;50202523575
23;10;10537434223;1551317486;33381592562
23;11;10922151413;1609234833;40081105071
23;12;11160014081;1851583442;33050183962
23;13;7214771574;1496967073;52862682966
23;14;11111802646;1928208962;45339985389
23;15;10614269998;1717693869;40425495000
23;16;10629573042;1684640506;39056098191
23;17;10763928859;1868960650;47035978874
23;18;8691409726;1573716702;49831747750
23;19;10482315131;1856862953;34051822299
23;20;9804913365;1600946978;32380536144
23;21;10469724771;1730579585;37841344501
23;22;13135887960;1702142381;50647198596
23;23;10807283726;1629558016;51660826027
23;24;11016237150;1781192581;49048366342
23;25;7302416579;1581350214;27633510334


THREAD; REPETITION; AVERAGE; MIN; MAX (nanoseconds)
24;1;10950323935;1793116793;33735650481
24;2;10542904323;1554352019;36935142385
24;3;8071733443;1642490177;49622962206
24;4;12429505657;1711706725;48775912162
24;5;7413344525;1768930060;27793166450
24;6;12294312521;1858904693;51089134094
24;7;11263977399;1615223303;51207459956
24;8;10369716279;1597216476;49101271181
24;9;9372435296;1874217324;29324054664
24;10;9871552060;1729159572;48285577706
24;11;10196008611;1787036132;51806708115
24;12;11231481359;1784302614;43203902312
24;13;12407584685;1957099925;51644310659
24;14;7560423557;1654424375;26667245977
24;15;9345377475;1719465882;38067357862
24;16;10014568180;1765783571;50533984557
24;17;7430511910;1743882602;29713438230
24;18;14065339629;1731194258;46551598527
24;19;6586727363;1691245675;26360802910
24;20;7406108361;1699422553;31874208803
24;21;12089227465;1813536706;51451003409
24;22;10734094900;1622843126;49799389866
24;23;9580755292;1691780939;31686604582
24;24;10088901492;1702680927;51837043465
24;25;8510640181;1635357986;51598856838


THREAD; REPETITION; AVERAGE; MIN; MAX (nanoseconds)
25;1;10019981443;1766409837;31785607738
25;2;10103432769;1661134725;51834755325
25;3;10021471939;1594140805;34639787319
25;4;10047837171;1893942666;33666022288
25;5;10776045984;1644247872;33457409251
25;6;12797419029;1773239616;52947601441
25;7;11963606701;1685703420;46361347951
25;8;11368702808;1672349628;48628284810
25;9;10956838614;1696400660;33457664801
25;10;8672533366;1905917302;27519690282
25;11;12712210926;1731920677;51478998868
25;12;10245002695;1507411976;40076004632
25;13;10451818452;1771704504;34748756965
25;14;10761334400;1716223780;50688450976
25;15;10377092224;1698588158;51599464597
25;16;9701313493;1765411945;50525138460
25;17;7541007504;1679868670;24214319558
25;18;10386852135;1750590019;50423287945
25;19;8491101832;1641104596;25317717476
25;20;9828519298;1659224217;32312673398
25;21;13953675248;1864732389;49261855208
25;22;11088385893;1601599016;50745574856
25;23;10692147123;1823241711;40000840261
25;24;10884990797;1734956957;39796719137
25;25;10024614647;1676829667;49869684834


THREAD; REPETITION; AVERAGE; MIN; MAX (nanoseconds)
26;1;10810492085;1621738867;51954031378
26;2;9272600827;1708510509;50297194545
26;3;11078442874;1914681755;40250763505
26;4;12171122684;1723836899;48174280181
26;5;12297658862;1644533802;49307283817
26;6;10437780757;1666828954;34591296241
26;7;11221044423;1639835301;48604217365
26;8;10256083476;1566108961;37042037745
26;9;14994320378;1817874548;51390043218
26;10;9218778099;1803817036;47788829725
26;11;11974648947;1810267925;46515295100
26;12;11265101165;1795793251;46098253899
26;13;10576797335;1763012128;33319511907
26;14;10052407905;1647702222;32498951333
26;15;11818738683;1663261253;51786686855
26;16;12906454049;1595813225;52568106771
26;17;12436962796;1761612858;50333182360
26;18;9897512141;1591587199;51843548761
26;19;7311329933;1839991954;25743747180
26;20;11470804860;1834834735;47582842302
26;21;10289333911;1721079635;50494167834
26;22;10106209163;1602921810;50319856504
26;23;9352136545;1604146057;51047701803
26;24;9740223732;1693246069;35796028196
26;25;7101613923;1641174856;25791025465


THREAD; REPETITION; AVERAGE; MIN; MAX (nanoseconds)
27;1;9240832546;1749625301;51505554896
27;2;10428394853;1805444338;34398710660
27;3;11194819032;1462444598;50859359220
27;4;12509434498;1702649289;50223429025
27;5;11678623934;1746003472;42086696773
27;6;9967565827;1708050744;30544924145
27;7;10577818122;1604187264;51347207187
27;8;9447435612;1720173723;46799552667
27;9;11587170119;1717121101;50781640753
27;10;10190396286;1614941983;51925535997
27;11;10797536086;1888005668;41614475024
27;12;10074904781;1606090858;51815996656
27;13;9961295347;1737242163;50699899917
27;14;9747353239;1734877897;50117185564
27;15;7816328593;1605687664;35412717119
27;16;11535246748;1683777966;47797211448
27;17;8232032778;1781434302;27763709843
27;18;9987846633;1707165785;36042091592
27;19;9859761382;1772616072;50587736640
27;20;9536412711;1623353247;50384667884
27;21;11301721942;1751644063;42609951125
27;22;10756734193;1748666172;50185422100
27;23;9444620891;1726168688;49640466247
27;24;10187458401;1775749432;31140052926
27;25;12121753828;1748843987;48798945188


THREAD; REPETITION; AVERAGE; MIN; MAX (nanoseconds)
28;1;10069692615;1756216153;50349941892
28;2;7825588142;1806063200;29695549225
28;3;10546077746;1752289816;50522909266
28;4;9842407148;1462420713;32244565370
28;5;11606234248;1752286674;44781602969
28;6;7433567401;1695953047;27699506222
28;7;11144724757;1701567239;51414245316
28;8;11539309246;1669543615;43656336001
28;9;9415453574;1847751041;48169330180
28;10;10751567548;1777695489;50389453128
28;11;9563681498;1663834928;37897168775
28;12;8140628605;1617107761;28252054800
28;13;10373061057;1673678918;34114606535
28;14;9787225232;1710935189;51594820850
28;15;10849442196;1653717581;49532420391
28;16;10173897387;1697526362;51308382769
28;17;10994935648;1725378644;51147607866
28;18;8258493541;1579799318;48740669694
28;19;10427701040;1673526244;49927155406
28;20;10040600084;1642915021;51355463474
28;21;12875139911;1659431576;52582779586
28;22;10489534415;1626155209;47755513899
28;23;7371162234;1749425415;29940694278
28;24;10806973595;1836976627;49901450114
28;25;10035977556;1685189249;30908362935


THREAD; REPETITION; AVERAGE; MIN; MAX (nanoseconds)
29;1;9540469870;1610000991;37818890459
29;2;9583024620;1780060664;51073421413
29;3;9417844039;1702076591;31753293436
29;4;12413439257;1687829459;49478081013
29;5;10140230338;1764752294;51528328740
29;6;11477534981;1607346395;50893729022
29;7;9930819752;1701253860;51398395955
29;8;11312683291;1854787550;51232624328
29;9;10622614957;1646148813;38643233149
29;10;10313268008;1841119332;33504655061
29;11;10201633306;1677773223;34624980689
29;12;9388072593;1603333035;51299500426
29;13;9830369093;1698432133;31841089091
29;14;10397433678;1768837101;36627168048
29;15;11863767435;1623040219;50799771898
29;16;12023561546;1788375268;50540367491
29;17;10137852318;1708361398;32583070474
29;18;10445100439;1806901716;47925491019
29;19;9837394237;1563156910;48663845894
29;20;7573365919;1687156399;27096662146
29;21;7529071434;1604094305;28575626442
29;22;10246536879;1707931036;39391288488
29;23;9747584224;1626664841;33555763792
29;24;12161847695;1647674215;48715885958
29;25;10386124133;1641904069;37083578010


THREAD; REPETITION; AVERAGE; MIN; MAX (nanoseconds)
30;1;9550456614;1698190552;49793137885
30;2;9441793767;1746935784;51761010966
30;3;9238669744;1496117243;41904958102
30;4;9976197650;1692287218;45501318394
30;5;10527705938;1802347854;51531607579
30;6;9302805599;1669845888;29671716098
30;7;6886909376;1836413637;26323382511
30;8;9026337078;1694299764;35300452292
30;9;8435669850;1739646101;36811600008
30;10;9958545364;1743760240;51780116747
30;11;13576294917;1817167754;51753040750
30;12;10237889689;1675243781;44779311826
30;13;9449732159;2039192761;29920003031
30;14;10045073465;1605902566;33333090728
30;15;6831650166;1630991928;20720989679
30;16;9550958868;1702196927;37745366381
30;17;8113202744;1610557557;33842368862
30;18;11266375117;1598999244;49921941615
30;19;7350507771;1733157078;25022320923
30;20;7334044359;1701882153;26045776279
30;21;8973610940;1683684378;49891697618
30;22;9785123952;1686228626;32563796446
30;23;11182642862;1754841956;50709835468
30;24;10035470255;1762821043;49150490635
30;25;12588303568;1712312319;39141648939


THREAD; REPETITION; AVERAGE; MIN; MAX (nanoseconds)
31;1;8485172893;1662465900;49746584272
31;2;9530032252;1702428940;51631390651
31;3;9865972923;1676813115;38558352318
31;4;9526508348;1756300521;43660159322
31;5;10329273201;1716486034;50514423411
31;6;9404411699;1814232884;50795388171
31;7;9313883968;1683953896;51831065121
31;8;10786199819;1778877064;51632855363
31;9;10230848269;1632448188;33254978147
31;10;9327942139;1620386949;48207814471
31;11;9964307344;1578017038;34962437964
31;12;10311144417;1578010264;34486648792
31;13;10740749365;1749701359;48640410094
31;14;12774153700;1731453858;50618057113
31;15;9839366951;1739708120;38886102493
31;16;8984982281;1644367510;32712782560
31;17;9712830829;1679182200;32707677373
31;18;12175698256;1617732980;48165267443
31;19;9846868996;1672225451;50426676924
31;20;9772012624;1725187908;34822274340
31;21;12047968129;1648909219;50542165764
31;22;8558507502;1655102674;36441557866
31;23;9273131019;1853034883;41520694181
31;24;10867733443;1747836666;50330668423
31;25;8023276334;1773420295;28357560877


THREAD; REPETITION; AVERAGE; MIN; MAX (nanoseconds)
32;1;8192270425;1681370957;49191963784
32;2;8578947453;1607752801;51780147757
32;3;12150859932;1618661101;51667948301
32;4;10083393572;1646254971;47367988111
32;5;8985150847;1723427629;49969498637
32;6;7676251178;1651289270;30189847034
32;7;15872386860;1534347941;53515587246
32;8;9305514834;1721714771;45329641826
32;9;7519573209;1690286126;25988018309
32;10;8026007185;1699331689;51618762440
32;11;10147166849;1654075727;50761948376
32;12;7138876688;1758334090;51506991042
32;13;10497627012;1677303749;50066280141
32;14;8786975636;1871820790;39721692632
32;15;8373714594;1603552686;50852755168
32;16;7770499252;1740420990;27510344751
32;17;7727518842;1685774239;27642347841
32;18;10524757864;1642459865;46572822244
32;19;10088410369;1690846323;33952406591
32;20;9069128798;1758039430;35012743729
32;21;7781184046;1653151308;26866271621
32;22;9587946872;1782496448;50123797508
32;23;9474148238;1763926351;50273553972
32;24;9417846889;1675995972;50613769766
32;25;10314142499;1789583732;51797322006


THREAD; REPETITION; AVERAGE; MIN; MAX (nanoseconds)
33;1;8000972051;1836354970;50495309389
33;2;11166429853;1718250294;43883200728
33;3;9619957941;1709927938;50834084430
33;4;10315246094;1665702834;46404153391
33;5;10213681720;1654966762;34011447894
33;6;9579017018;1739630316;50910446998
33;7;10082629438;1698123156;32885879351
33;8;9601559157;1718801202;43927697585
33;9;10059265676;1736012468;49604313676
33;10;10253123666;1644638355;50815428706
33;11;8484659973;1717937964;25163862306
33;12;14435980056;1745836901;50819741894
33;13;10039810404;1612021989;33910320097
33;14;10401952003;1729128842;34010782236
33;15;10126897648;1722667825;50627527382
33;16;14402278928;1688738932;50266979881
33;17;9966523162;1757111448;50323747711
33;18;10544380523;1656062433;51905117061
33;19;7866959843;1850468984;27507184014
33;20;11241086865;1785662494;49368988308
33;21;10887843923;1676360054;50728615508
33;22;10252689607;1679566327;50033765953
33;23;9597366095;1594906266;52311038204
33;24;8855833964;1688085567;49289022906
33;25;9895940207;1666639335;51678951166


THREAD; REPETITION; AVERAGE; MIN; MAX (nanoseconds)
34;1;10631043103;1744374005;50296087631
34;2;9350766833;1767548530;43835270125
34;3;10810232990;1747910280;34005669855
34;4;9246210782;1710879525;31567033380
34;5;15425448016;1679487546;50363449405
34;6;9301874139;1676643958;47410225182
34;7;10427416527;1801601530;46311019348
34;8;10418303738;1649481568;51954170293
34;9;9608332543;1693179231;38784032049
34;10;8939195770;1671994835;40015569088
34;11;10915122968;808194686;48743635294
34;12;9051439057;1699644718;49800112165
34;13;8850249514;1772896695;49553085448
34;14;11642643440;1728103572;44276223095
34;15;11340208597;1735533287;49563167526
34;16;12696873670;1732394900;50212857569
34;17;11434421055;1679664245;34782254449
34;18;7805425735;1673329641;27324999057
34;19;10597622009;1665260669;41450401797
34;20;11658567559;1602359797;50577087242
34;21;9759666773;1744541276;38040675630
34;22;9662010293;1699718819;51915557494
34;23;9405113164;1636034678;49979901356
34;24;10974328147;863766834;42584099795
34;25;11149503058;1711767348;44595147568


THREAD; REPETITION; AVERAGE; MIN; MAX (nanoseconds)
35;1;15202871865;1706274471;50326906423
35;2;10694761931;1737060436;47219957843
35;3;11529270886;1636567357;50213219138
35;4;10071266607;1595590571;50808820395
35;5;9148152178;1690694418;50602320826
35;6;9704079765;1676855998;43342102837
35;7;8568615954;1693711910;50733948449
35;8;10664772861;1804397277;50620347977
35;9;7333962964;1664905805;36749523264
35;10;10090218712;1654612807;50412395570
35;11;8230861418;1681249084;25462159227
35;12;10676467471;1505833633;50577767844
35;13;10019957612;1690169071;48701438661
35;14;9605484236;1727012790;49996706355
35;15;8588295372;1662086941;50789232500
35;16;10564921822;1559802363;49750675575
35;17;11326318933;1756844166;50652572464
35;18;9511205379;1679548099;49073738003
35;19;9316421018;1844791447;50191577003
35;20;9164046757;1759761715;36960429887
35;21;9643453738;1682245299;37920955806
35;22;9670196210;1660915144;31013028472
35;23;11669523103;1626969838;47170475298
35;24;10616565362;1687234621;47389580589
35;25;9348928588;1670120085;50709370255


THREAD; REPETITION; AVERAGE; MIN; MAX (nanoseconds)
36;1;11233721915;1658929836;46158811734
36;2;8140344860;1578027864;30526582289
36;3;10149940825;1774599565;33229354708
36;4;9712055007;1727001337;46742464056
36;5;8296187854;1684286341;51628861559
36;6;7570026680;1726903699;27735053408
36;7;9743167116;1708809010;47956986292
36;8;9330499437;1252065556;50375941216
36;9;10797838344;1736836176;51186907833
36;10;12386950403;1733377566;49755972546
36;11;13065312025;1831494994;51544326025
36;12;9699609010;1774738340;34758291208
36;13;10499889279;1728246537;49521332181
36;14;13421861847;1769304479;50063063742
36;15;8997987411;1610473468;49687003515
36;16;10343793794;1680764665;44985295338
36;17;7827942323;1700937061;27371717356
36;18;10728706024;1841220044;43334984544
36;19;10494184322;1768847508;41641486907
36;20;10990072634;1716845088;50834333553
36;21;9620340341;1691535796;48536949668
36;22;11602377852;1613195112;48499358927
36;23;10359255622;1633661681;50896976921
36;24;9306191140;1711149112;50570176237
36;25;10764272127;1769924390;51387996589


THREAD; REPETITION; AVERAGE; MIN; MAX (nanoseconds)
37;1;11400286308;1373526664;42567470028
37;2;9908073904;1827598549;51793796977
37;3;9035585602;1677349635;39768066891
37;4;7672122939;1677413680;26719817253
37;5;14085861798;1645753232;47760216662
37;6;9497637067;1573152523;51428379096
37;7;9070416411;1110003227;29069226815
37;8;10628181180;1670788885;51092108983
37;9;10836212947;1734937191;47261273919
37;10;9381950785;1728820772;49438005180
37;11;10431391427;1700216927;50769775208
37;12;10554430987;1690690646;51143920177
37;13;10423928308;1769915450;48231813611
37;14;9184171449;1795978050;46010177829
37;15;10247407295;1790275230;33486603744
37;16;8608887955;1663557450;27549939727
37;17;9765814361;1775413775;47474001165
37;18;12082447688;1850754705;47731314525
37;19;10368489251;1713109138;50571168263
37;20;9572744060;1730104594;31279853585
37;21;10590152931;1872601755;38917561589
37;22;10535544149;1723824257;49612566192
37;23;10441331090;1661927423;50158774370
37;24;9073317280;1764784630;49767709863
37;25;15389940753;1679303515;50695852964


THREAD; REPETITION; AVERAGE; MIN; MAX (nanoseconds)
38;1;11238644496;1588232932;50540562837
38;2;10708682565;1757345626;50035815376
38;3;10166048159;1754158629;51581271013
38;4;9310665200;1715388548;50451895423
38;5;8101865937;1620981996;48783891109
38;6;8992047896;1718100136;29605073550
38;7;10511335538;1542924241;41131369839
38;8;10254813691;1767747647;33081609604
38;9;9386644309;1592674348;38028322594
38;10;7951897597;1672108885;27077623692
38;11;9241781277;1744424990;50441513726
38;12;10398252188;1701605442;49612787170
38;13;9654907113;1694431485;50201534413
38;14;9680179113;753790216;33551939212
38;15;10128349767;1759573982;35252008775
38;16;10004194973;1728755121;43923576810
38;17;6969249405;1686447300;26360936306
38;18;9363759810;1718107329;50571251653
38;19;11382508175;1757985652;48891060805
38;20;10496577202;1782028931;51203030483
38;21;10437226054;1800869315;34822080809
38;22;10747476588;1634844791;49507834585
38;23;9838870861;1704701854;51906480084
38;24;9596349082;1727820854;50791563941
38;25;11661082394;1516846135;46916574244


THREAD; REPETITION; AVERAGE; MIN; MAX (nanoseconds)
39;1;7702884021;1486040474;27152594044
39;2;9393660611;1247353364;39370813470
39;3;11386703095;1785108652;50392469155
39;4;11688695584;1814564560;51351420572
39;5;9029404842;1729211604;43942240285
39;6;9377311589;1831845877;49040354291
39;7;10478762820;1762513183;49567477640
39;8;9268794305;1703920819;50117566968
39;9;11319625393;1809828833;50732469420
39;10;9229424006;1715410967;51395946343
39;11;9046360367;1802299385;48300246679
39;12;9190701882;1764220941;30000366737
39;13;10652664140;1732259547;49903095086
39;14;9374718936;1840391027;47579217191
39;15;10521585416;1720165761;50822024447
39;16;10128626335;1772066282;46671420460
39;17;10456873939;1948886940;32688784469
39;18;10388805163;1723076606;44728157070
39;19;10991853388;1742471180;51337780500
39;20;8420693905;1773478263;50574589159
39;21;10048113611;1663530490;47112996694
39;22;9681344797;1752521549;50685875021
39;23;10440004292;1769617647;49505743467
39;24;9722997662;1754870102;34567835856
39;25;11036757748;1629525051;48828274963


THREAD; REPETITION; AVERAGE; MIN; MAX (nanoseconds)
40;1;7469140538;1526264371;26571908790
40;2;10111914216;1745235149;50226075381
40;3;9263860418;1651694559;32303710737
40;4;10395878371;1671841602;35284194849
40;5;10529853476;1743679853;50824450454
40;6;9999855046;1821082707;50820399380
40;7;11400471135;1743927650;50935559827
40;8;9649246842;1596877326;49790249948
40;9;11037807606;1561607341;50722907171
40;10;10729764528;1690227389;52471862276
40;11;9244567529;1692139295;50989710704
40;12;11711958980;1762189608;43779067940
40;13;7227643346;1658038242;27521764428
40;14;10212837463;1737152138;37653040540
40;15;10063365082;1614055766;39161291240
40;16;10134849448;1677220289;49496835492
40;17;10539619144;1305804299;49013209081
40;18;11294936320;1817882091;52903168908
40;19;10408804442;1731832956;49220246358
40;20;10753025393;1790022265;43823803304
40;21;8293725760;1683117687;51774558219
40;22;8716782262;1229632397;30822128650
40;23;8468408283;1599198781;27624507095
40;24;11381344971;1728621864;50798591162
40;25;12336957402;1740500260;47578518220


THREAD; REPETITION; AVERAGE; MIN; MAX (nanoseconds)
41;1;8933714472;1558301055;51278176695
41;2;10650547635;1682427445;50684981611
41;3;11489089529;1801189397;50749821207
41;4;10303221551;1792807536;34891811599
41;5;9611837504;1717382587;50771088365
41;6;10180037111;1752945905;35334012004
41;7;10566892175;1781027198;50386256005
41;8;7931509134;1623467438;51399950273
41;9;8415597957;1561310515;34036335414
41;10;10964912891;1514621342;50939349135
41;11;9248781568;1241503808;47605933715
41;12;8512866626;1868065843;50776352581
41;13;10914149762;1099386235;50412738909
41;14;8095146968;1444936368;50675197965
41;15;10598831883;1787377725;50208213824
41;16;9665817328;1710142769;51702208870
41;17;9369832809;1664229392;40244052247
41;18;11497703310;1785091681;47105800738
41;19;8807823782;1600600705;34663358123
41;20;13946042005;1680253217;49944013485
41;21;11290380167;1758054167;46005851652
41;22;10540086900;1195640996;50885803643
41;23;7849104006;1815802078;32177397546
41;24;11945794050;1865522573;48292122603
41;25;9311271968;1755306540;50317146034


THREAD; REPETITION; AVERAGE; MIN; MAX (nanoseconds)
42;1;6748791666;891157955;26358430820
42;2;8370643448;1254511398;48931351261
42;3;12195931086;1718920561;37265070700
42;4;12668665255;1858605423;43388385185
42;5;10001645317;1607308889;34718834237
42;6;9607105340;1551764470;46880459877
42;7;8165865507;1771713234;48860795575
42;8;10275577210;1598330165;50743608336
42;9;8722027935;1799548057;39536968875
42;10;9768694377;1784238709;30394668457
42;11;10945421488;1789889148;50578579260
42;12;11268285533;1646109631;37329912811
42;13;8722647766;1638355573;50100476667
42;14;9125440596;1793603656;45595178926
42;15;9707931319;1718249037;34104328133
42;16;8153916963;1771954955;51520502396
42;17;9284609765;1741061294;39800570673
42;18;7957896294;1822374422;27218737577
42;19;10430267485;1639670125;39638277421
42;20;9667493191;844737041;31818663825
42;21;11728176937;1771902924;50592460983
42;22;7708172688;1584671166;27540761535
42;23;9796866753;1682484576;43965133907
42;24;10311949302;1879824391;45397485924
42;25;9179835823;1694497136;34149910883


THREAD; REPETITION; AVERAGE; MIN; MAX (nanoseconds)
43;1;9217428782;811522623;49324993609
43;2;8235068910;1425264803;49751639315
43;3;8298959677;1141679669;48542028456
43;4;9768840163;1747124564;49257997036
43;5;12885039560;1755361994;43888303750
43;6;9820002437;1746607529;49776526137
43;7;9958069400;1817537075;40301124934
43;8;10965003541;1940851979;52948646267
43;9;10111030862;1472760155;50769873965
43;10;9820293093;1814006389;51765582706
43;11;9999518365;1751728292;51087489192
43;12;7718551530;1258738541;27561359963
43;13;9705738297;1118866434;37671204022
43;14;9310837595;1437090538;48564601437
43;15;10015518217;1471583470;49165633411
43;16;9735130608;1709822548;49868901983
43;17;8463688278;1720217514;51800528908
43;18;10017806510;1676210664;51599168609
43;19;10750087989;1590308824;49080674918
43;20;9704167943;1683771261;33162449767
43;21;11020437289;1741228355;49438024386
43;22;11798056999;1889929167;50917788504
43;23;11010908602;1768216980;49646332844
43;24;11340851188;1735864963;50912466319
43;25;8767456659;1812631703;51571996790


THREAD; REPETITION; AVERAGE; MIN; MAX (nanoseconds)
44;1;15363080249;1946132120;50549087105
44;2;9195095744;776302784;53119673799
44;3;9406614220;1395307155;49595512838
44;4;10177922782;1317724529;39275563793
44;5;9371161590;1761392440;41669568688
44;6;10532289402;1824249940;49549353549
44;7;8901823885;1653324306;27273484688
44;8;11095798808;1691383611;51717750161
44;9;9956513509;1031406855;34836505827
44;10;10080549580;1701186743;33379045102
44;11;10785367533;1856139328;49900147574
44;12;10399433078;1555078159;50442449111
44;13;8192713233;1648274641;49968330961
44;14;9753305313;826502251;31992229879
44;15;11431170638;1627617756;43046787022
44;16;10292975704;1633393490;34102906794
44;17;9591688491;1303792381;31493094164
44;18;11369799149;1675161299;50409058624
44;19;7845577070;1631453858;40023443203
44;20;9413803387;1261972961;50403367887
44;21;9205608151;1662388795;50616283703
44;22;13009856771;1643128386;49174369438
44;23;9542666512;1664483405;50756940896
44;24;9261730824;1775606467;51836191472
44;25;9347215086;1516061050;50477539185


THREAD; REPETITION; AVERAGE; MIN; MAX (nanoseconds)
45;1;8556258706;1805813239;50455107633
45;2;11018398072;1241743504;50304184959
45;3;9741821307;1584611801;51742574406
45;4;10411795600;1252348273;51750614743
45;5;9945111705;1807178496;47648552609
45;6;10595744487;1910289017;52298770654
45;7;11164758829;1569217386;50543738799
45;8;7054075681;1838890488;23088272043
45;9;11007341664;1776331000;50231393236
45;10;7397862435;1797799301;28571349361
45;11;11785223147;1589296545;46593974234
45;12;13598245458;1789003351;49667317424
45;13;9487766586;1733538551;46808193010
45;14;9596040337;1704895035;47666741513
45;15;8316228584;1564124840;49461370300
45;16;11084594842;1298456717;50339594138
45;17;10073058952;1833785020;30199414800
45;18;9093783770;1206024858;51760935119
45;19;9267434913;1229470715;30036329826
45;20;11579823044;1950754007;50459213881
45;21;9450218889;1429028201;34783452855
45;22;12372057751;1356769925;46366958580
45;23;14699720551;1007249385;50284545592
45;24;10444437374;1759304325;42392724564
45;25;8361826839;1715532980;51302883327


THREAD; REPETITION; AVERAGE; MIN; MAX (nanoseconds)
46;1;12696749757;1339270005;48820890505
46;2;8977981730;1671419902;50034554740
46;3;9299010811;1477236353;42644411929
46;4;11792637865;1615876041;46871509159
46;5;14892839226;1952727861;53919231145
46;6;11280469044;866970872;48137191738
46;7;14033765603;1691632735;53916791380
46;8;10206037409;1528879648;50764299723
46;9;10010732424;1051488667;49376585083
46;10;9228705909;1723666974;49758739379
46;11;9828644215;1710930300;33430247280
46;12;9519828648;1575160251;32636830519
46;13;10259750261;1793623072;36930679108
46;14;9434249476;1202954216;49905866458
46;15;7717856071;1539455643;27450876508
46;16;9473003697;1143627612;50177974156
46;17;13528942739;1962323982;49518741418
46;18;10724411745;1708816134;43744708266
46;19;9923953200;1825768219;50856286064
46;20;7740289487;1246466310;27264393729
46;21;11053661689;1786549896;46374685819
46;22;9404698402;1730619884;51593154996
46;23;12098622954;1987611833;51947979212
46;24;9549745145;1227920727;44066273227
46;25;9243053848;1382177064;31830046556


THREAD; REPETITION; AVERAGE; MIN; MAX (nanoseconds)
47;1;9615833325;1813590414;49183340341
47;2;11230481269;1143031167;45196995219
47;3;11494603845;1452712844;45339506697
47;4;11059691728;1858642509;50727872816
47;5;10667799101;1712517583;50892929967
47;6;7893057412;1719529647;49705342578
47;7;10658342086;1156263855;50386150544
47;8;9557183903;1701088267;50725033069
47;9;11122766053;1760321424;50269711095
47;10;8109039383;1773344447;26480901623
47;11;10625936531;1761822661;48907512756
47;12;8225536754;1597514349;23931547864
47;13;9184959340;1169903508;43760862345
47;14;9009599391;1306596648;50838093948
47;15;11032570605;1273079539;45460247252
47;16;11321138630;1700620679;50646096221
47;17;10734609530;1554897131;51556569969
47;18;9626252595;1284410379;46961299761
47;19;11314260824;1598198724;50449602673
47;20;10474935527;1802467144;50887758919
47;21;7938653759;1591005979;50778841305
47;22;9550033891;1422604479;48397375156
47;23;10271078356;1303190070;50331245871
47;24;10288524127;1709462306;51924720251
47;25;11075315980;1736031954;50736454145


THREAD; REPETITION; AVERAGE; MIN; MAX (nanoseconds)
48;1;10106765840;1250890476;50923713000
48;2;13809318459;1733587928;47960942243
48;3;11621825864;1848225263;50729473648
48;4;9806792925;1292168767;51384823979
48;5;11605004361;1384688906;50766645342
48;6;9928113962;1386943941;51028396486
48;7;9038661935;1235963160;41133295363
48;8;8627474829;1024966790;50426805502
48;9;10171214752;1673062288;50377165533
48;10;7704933852;1457098808;27690995643
48;11;10920934406;1242486405;51370970263
48;12;10684265387;1725649210;49699562025
48;13;9373370816;1621643882;43332833013
48;14;8718944056;1242159338;49628318892
48;15;9941132565;1469144333;33685364691
48;16;9506183107;1650440629;50216896351
48;17;11728553151;1703298883;44089546437
48;18;10648403960;1247739866;45606249607
48;19;10862088115;1787259135;53839444888
48;20;8803148359;1695772298;36960438757
48;21;9472267555;1415671684;50712720820
48;22;9799814888;1396412113;37999904667
48;23;10869231986;1364994853;33871198784
48;24;12021631689;1241545713;50686499890
48;25;10697154865;1790658170;49742545700


THREAD; REPETITION; AVERAGE; MIN; MAX (nanoseconds)
49;1;10822111599;1754086692;49679745331
49;2;9166952962;783263655;31445012215
49;3;9671073864;1601846254;43955748985
49;4;11895194550;1276933172;50834794227
49;5;9957525888;1247480825;40476219533
49;6;10961013382;1610147100;49308176109
49;7;12434630478;1480741966;48339506348
49;8;10135221227;1641113047;50791399396
49;9;9363487259;1082100378;49161762110
49;10;8193202716;1770423196;40778307508
49;11;8647364823;1310389658;39708451563
49;12;10074900252;1273749038;50188149611
49;13;10751270027;1715839653;48661741786
49;14;11096365298;1629144277;50251709505
49;15;7747418834;1656004883;27381447293
49;16;11431452626;1210769945;48541403098
49;17;9129779723;1791010031;29888408024
49;18;8223884081;1892347980;48610747386
49;19;10367945098;1787798240;48618891786
49;20;8957373578;1242578596;37721844886
49;21;9370028384;1135911129;51760215474
49;22;11908989084;1256461575;47635603618
49;23;8876088317;1194031435;49619057241
49;24;10264719859;1620904193;41167049862
49;25;9576338657;1245024577;50931290011


THREAD; REPETITION; AVERAGE; MIN; MAX (nanoseconds)
50;1;8305955058;1620177844;49324350511
50;2;8658599319;1696694412;51812225436
50;3;12857148614;1931401896;39152093981
50;4;10989772692;1244108190;42688341675
50;5;10974969592;1781871229;50046161942
50;6;9994922473;1797725549;42214511202
50;7;13066149475;1757500116;43991131904
50;8;9657634438;1183587090;46007169556
50;9;13195116047;1842615751;51820876815
50;10;10679600049;1443900691;49490830050
50;11;7733080767;1749598412;50316762396
50;12;10128268041;1213577285;50739497548
50;13;8271471505;1362626256;33803070990
50;14;8552907998;1405431487;51277877426
50;15;9228896820;1180141889;48493783777
50;16;11321229830;1706237734;46092063307
50;17;7929767710;1265719246;33598543390
50;18;10730164690;1654765899;50270250199
50;19;9579744144;1530990671;49676766810
50;20;9815718780;1153282121;43367419113
50;21;7792997328;1485444449;30481280232
50;22;11205830430;1206376788;54692832609
50;23;11021402782;1251174032;49687631389
50;24;9300420678;1794302628;51382650519
50;25;9092165143;1466097298;41543280292


