THREAD; AVERAGE-REPETITIONS; MIN-REPETITIONS; MAX-REPETITIONS (nanoseconds)
1;0;0;0
2;0;0;0
3;0;0;0
4;40451754318;36404596860;45044852133
5;24184235275;20915061171;28434442863
6;20389433667;16968758646;24740219985
7;28597830910;19340525469;37296716613
8;33719159015;24550122468;42501603296
9;33377056702;23225871028;44070321336
10;33510873326;28126854373;37714319596
11;30741426920;26336421145;34178926614
12;28164984392;21946606359;33619199007
13;19578511986;18488465782;20426159654
14;9185259073;8905912974;9610570128
15;6367459272;5997265764;6756722745
16;14291249795;14018202254;14564297336
17;14240095139;13314699004;14514830555
18;8404587454;8393405958;8415768951
19;9008852918;9008852918;9008852918
20;7552426960;7312985784;7710148661
21;12419375622;12244453272;12769014411
22;16108100861;15843649547;16749092608
23;13795138999;13467345439;14181345698
24;12612210291;12192866115;13248008788
25;19922614527;19748091170;20114238533
26;15167649452;14051215366;16534823280
27;20792005656;19471053790;22067122966
28;27968879211;27155997186;28442397807
29;13021741528;12368866124;13648665324
30;18378185946;17327710390;20306796944
31;15172338119;13829557834;16859951211
32;17124865555;14499327674;19663969236
33;21729550787;19928361998;23360328656
34;23276570289;21022774534;26386464036
35;14793899330;12052830776;18460600319
36;18015195680;14465607832;26337165175
37;25187065440;22549850908;29934470660
38;14531441159;10938135288;19446952232
39;15775816446;11628815572;21709893464
40;19036173596;14246668973;25289032474
41;19856023332;15440021726;27090060524
42;17210280257;12513807654;22818836321
43;18259288329;15391641951;21350286651
44;19489553571;15696130460;24309232829
45;17590201941;13766361934;22106009093
46;16074336388;12485748767;20689860088
47;19099066665;17695270457;20794437577
48;15204867797;11690906651;20612335707
49;19563471925;15582710414;25022717460
50;18245896201;15589319310;22739202225
THREAD; REPETITION; AVERAGE; MIN; MAX (nanoseconds)
1;1;0;0;0
1;2;0;0;0
1;3;0;0;0
1;4;0;0;0
1;5;0;0;0
1;6;0;0;0
1;7;0;0;0
1;8;0;0;0
1;9;0;0;0
1;10;0;0;0
1;11;0;0;0
1;12;0;0;0
1;13;0;0;0
1;14;0;0;0
1;15;0;0;0
1;16;0;0;0
1;17;0;0;0
1;18;0;0;0
1;19;0;0;0
1;20;0;0;0
1;21;0;0;0
1;22;0;0;0
1;23;0;0;0
1;24;0;0;0
1;25;0;0;0


THREAD; REPETITION; AVERAGE; MIN; MAX (nanoseconds)
2;1;0;0;0
2;2;0;0;0
2;3;0;0;0
2;4;0;0;0
2;5;0;0;0
2;6;0;0;0
2;7;0;0;0
2;8;0;0;0
2;9;0;0;0
2;10;0;0;0
2;11;0;0;0
2;12;0;0;0
2;13;0;0;0
2;14;0;0;0
2;15;0;0;0
2;16;0;0;0
2;17;0;0;0
2;18;0;0;0
2;19;0;0;0
2;20;0;0;0
2;21;0;0;0
2;22;0;0;0
2;23;0;0;0
2;24;0;0;0
2;25;0;0;0


THREAD; REPETITION; AVERAGE; MIN; MAX (nanoseconds)
3;1;0;0;0
3;2;0;0;0
3;3;0;0;0
3;4;0;0;0
3;5;0;0;0
3;6;0;0;0
3;7;0;0;0
3;8;0;0;0
3;9;0;0;0
3;10;0;0;0
3;11;0;0;0
3;12;0;0;0
3;13;0;0;0
3;14;0;0;0
3;15;0;0;0
3;16;0;0;0
3;17;0;0;0
3;18;0;0;0
3;19;0;0;0
3;20;0;0;0
3;21;0;0;0
3;22;0;0;0
3;23;0;0;0
3;24;0;0;0
3;25;0;0;0


THREAD; REPETITION; AVERAGE; MIN; MAX (nanoseconds)
4;1;34178245839;34178245839;34178245839
4;2;37834254667;26194290545;49474218790
4;3;34406855446;34376816258;34436894634
4;4;39730144613;32104395740;47355893486
4;5;43470133145;28945664742;57994601549
4;6;52181564416;52181564416;52181564416
4;7;58379060292;57362280681;59395839904
4;8;38252644470;38252169340;38253119600
4;9;35006827544;35006827544;35006827544
4;10;0;0;0
4;11;47309440678;47308223112;47311092890
4;12;40000984151;33410066853;58645626121
4;13;47167638240;34794308564;59540967916
4;14;44604385508;30414038586;58794732431
4;15;46859382617;46859382617;46859382617
4;16;26294933550;18398913409;30245021085
4;17;31250913000;29969794905;32701256585
4;18;36892472716;36891830595;36893114838
4;19;54479450811;54479450811;54479450811
4;20;38968557386;27269885698;50667229075
4;21;47338816339;47297973834;47361718877
4;22;34486501427;34485655719;34487347135
4;23;39337125633;35997840717;48065407266
4;24;45854466175;37344047777;54364884573
4;25;57009059287;56591253218;57426865356


THREAD; REPETITION; AVERAGE; MIN; MAX (nanoseconds)
5;1;33454929100;23687940576;44056225442
5;2;16108402779;13739876647;18476928911
5;3;36861820008;36861820008;36861820008
5;4;33163656321;20537342176;52942514412
5;5;24302350752;23913330046;24692450437
5;6;35893095677;28059220935;41043771205
5;7;22971997646;18804570623;34372352771
5;8;22179288463;19479868740;24878708187
5;9;24190400688;24189533587;24191204747
5;10;32739540547;25846965746;45009052757
5;11;23541757541;23538596805;23544918278
5;12;27302423003;27302423003;27302423003
5;13;26489047176;24921721755;28056372597
5;14;22298207104;19614300281;24982113928
5;15;0;0;0
5;16;22489728129;19790633377;25188822882
5;17;37906896966;37906896966;37906896966
5;18;23782056902;23782031375;23782082429
5;19;23452183029;19842134335;25259861100
5;20;22437284278;19802177861;25072390695
5;21;28842616799;19376884911;43258141468
5;22;21260393325;13834945433;33257976991
5;23;0;0;0
5;24;23300978005;18406486439;27087214716
5;25;19636827655;19636827655;19636827655


THREAD; REPETITION; AVERAGE; MIN; MAX (nanoseconds)
6;1;25609369679;15558822002;53280882765
6;2;25641101942;22722387762;30954641233
6;3;23320191462;17341611433;29687369344
6;4;28202023791;15570826111;40833221471
6;5;25409360081;21242518602;30909450223
6;6;18806659400;17408748528;20204570273
6;7;19618200777;17182965153;22053436401
6;8;20314167559;17593439040;22357698883
6;9;26185721276;21711187385;32218183037
6;10;20837712090;19464003875;22211420306
6;11;23712061274;15050445657;32373676892
6;12;0;0;0
6;13;23094244636;23092407764;23095163840
6;14;20649526929;20649467530;20649586329
6;15;20086387678;17135383128;23902572952
6;16;20277356270;15445181301;25985462049
6;17;17521015380;17521015380;17521015380
6;18;23958421810;23956100705;23960742916
6;19;19221337663;14552167873;23890507453
6;20;20869493888;16942388628;23745822793
6;21;21290738278;21290738278;21290738278
6;22;23042385415;19030931026;26408707182
6;23;22280409661;22280409661;22280409661
6;24;19787954753;11475819343;28690219986
6;25;0;0;0


THREAD; REPETITION; AVERAGE; MIN; MAX (nanoseconds)
7;1;50731919419;50722229082;50740774665
7;2;41754626659;23237314380;51702797562
7;3;0;0;0
7;4;24771962009;8912143024;49069659342
7;5;36212999221;15362370776;49878846753
7;6;0;0;0
7;7;47833546861;47833546861;47833546861
7;8;37954040480;16451711600;50454103524
7;9;25148127150;16248086768;51320447990
7;10;55628447819;55628447819;55628447819
7;11;49398202076;49398202076;49398202076
7;12;21226256601;8725483267;48032534512
7;13;43405768889;21011987208;56634989712
7;14;36484141956;18069684905;46759757805
7;15;13997308561;13646551308;14348065815
7;16;34581182804;21223032607;47939333002
7;17;16088198814;10838664481;21337733148
7;18;37721567918;19228088277;46971995324
7;19;29029069220;14057813772;51418470573
7;20;0;0;0
7;21;14659074582;14658469372;14659679792
7;22;15378583452;15378583452;15378583452
7;23;34850402732;13242616170;49900334609
7;24;14522128615;14520419914;14523837317
7;25;33568216928;15117689609;48485773681


THREAD; REPETITION; AVERAGE; MIN; MAX (nanoseconds)
8;1;46114333456;46113801056;46114865856
8;2;14710250557;14204702343;15720710383
8;3;24783614444;13825077279;46699702965
8;4;14432871309;14415271075;14442850837
8;5;29578466545;13503040680;45653013791
8;6;14362006833;14124937666;14834529668
8;7;27474506975;14027313737;42885254690
8;8;31285638398;18523303590;44047973207
8;9;24104003497;7842101789;45117078917
8;10;24464201013;14159415652;44383724957
8;11;43010777138;43010777138;43010777138
8;12;21829648209;13765736916;46486023363
8;13;48288584803;46890453325;55217162167
8;14;35195847726;9430908048;57732793972
8;15;46372200866;45735891433;46692671415
8;16;42616390295;22053016165;47762634497
8;17;39958985108;23274547882;44135966163
8;18;44480904417;44470670644;44491138190
8;19;36644007327;18876616093;44910781259
8;20;25237179236;14102888496;46105614959
8;21;44658456155;44653616940;44661787392
8;22;37964483073;13887406431;46010631659
8;23;37440463261;14903662197;47438879313
8;24;44446201298;44443013638;44449388959
8;25;43524953451;43514891488;43534126684


THREAD; REPETITION; AVERAGE; MIN; MAX (nanoseconds)
9;1;46102430686;46102430686;46102430686
9;2;37544623688;15635375516;48289839211
9;3;45648428780;45640523307;45653283727
9;4;0;0;0
9;5;44461502509;44452723391;44470281628
9;6;32039738727;14972657697;47295810222
9;7;29752415635;14965222745;44539608525
9;8;45533812984;40810285386;48696910013
9;9;24383618588;13818725914;44761611392
9;10;48836432493;48836432493;48836432493
9;11;28338361282;14020276669;56825737489
9;12;18411974793;11248600660;21316138853
9;13;36080004861;14190773059;45742882266
9;14;41731518129;14964555551;57700102248
9;15;29671073942;13890869650;45451278235
9;16;32154685232;15196538037;47378283762
9;17;44616232301;44616232301;44616232301
9;18;24227814932;14973020454;47177261426
9;19;31443716869;13947220457;45491673034
9;20;27930326859;13864617640;45008460293
9;21;25734645557;8038989103;45426066651
9;22;47558076305;47558076305;47558076305
9;23;25441578131;13834002227;48650464095
9;24;20619540472;8905718044;38604349366
9;25;46163863808;46162908415;46164819202


THREAD; REPETITION; AVERAGE; MIN; MAX (nanoseconds)
10;1;48107616284;48094094640;48124206848
10;2;0;0;0
10;3;48833745378;48826401331;48840546634
10;4;30248214105;13859335474;46632467673
10;5;47717238364;47705697512;47725122886
10;6;48122973730;48119881298;48126066163
10;7;42207017008;16147247275;49361030382
10;8;48685505909;48674139241;48699856825
10;9;14982303547;14982303547;14982303547
10;10;35279334999;19580907001;46984039243
10;11;0;0;0
10;12;37385623289;19174070518;46511773075
10;13;25412911649;14004156813;47428102244
10;14;46616627358;46599324426;46633930290
10;15;45671542821;37810036890;47648201517
10;16;0;0;0
10;17;34881234312;22111273499;47651195125
10;18;49449658756;49431608557;49461640167
10;19;28152273229;19145837180;37158709278
10;20;0;0;0
10;21;18282651007;13786145655;20536973694
10;22;59044980577;59044980577;59044980577
10;23;34255196470;21638733555;46871659386
10;24;47577709737;47577709737;47577709737
10;25;46857474623;46857474623;46857474623


THREAD; REPETITION; AVERAGE; MIN; MAX (nanoseconds)
11;1;39183759353;20379368677;57988150030
11;2;19160741030;16084885649;22236596411
11;3;0;0;0
11;4;48998448545;48992759345;49002947023
11;5;32297141274;21037267866;43591123732
11;6;46454844820;46454844820;46454844820
11;7;46709150185;46707759366;46710541004
11;8;20782515794;20782515794;20782515794
11;9;36280357122;20424794771;57634288435
11;10;42120655837;37757796871;46483514803
11;11;36383015928;21813366294;46714809493
11;12;46428574791;46427674398;46429475185
11;13;47569016546;47546970146;47588297465
11;14;41557931650;20830178836;46746692317
11;15;0;0;0
11;16;0;0;0
11;17;23398507562;23398507562;23398507562
11;18;19741579237;19732717636;19750440838
11;19;44990729422;44956838369;45004905512
11;20;45313678415;45313678415;45313678415
11;21;48013518618;48013518618;48013518618
11;22;0;0;0
11;23;0;0;0
11;24;36393045834;15002380051;47865727348
11;25;46758461038;46752705163;46762590566


THREAD; REPETITION; AVERAGE; MIN; MAX (nanoseconds)
12;1;0;0;0
12;2;46140346189;46140346189;46140346189
12;3;0;0;0
12;4;27130499351;15222902562;44993343218
12;5;47217995304;47213774865;47222215743
12;6;51218099256;23454901881;58164880174
12;7;50389594558;50389594558;50389594558
12;8;45680718010;45676884352;45684551668
12;9;45652264744;45652264744;45652264744
12;10;36524677741;23205320788;47034128989
12;11;0;0;0
12;12;33450189378;14503177080;45717551113
12;13;30781049742;19605379175;45907038464
12;14;0;0;0
12;15;48879614681;48867955006;48891466094
12;16;30459835840;21017740453;48342614913
12;17;46873949972;46873949972;46873949972
12;18;32072738225;22270890365;46176015597
12;19;0;0;0
12;20;0;0;0
12;21;0;0;0
12;22;36180170920;21958209004;47262182484
12;23;20148418514;20148418514;20148418514
12;24;37009052966;15059571887;58958534045
12;25;38315394414;21403877588;46920878700


THREAD; REPETITION; AVERAGE; MIN; MAX (nanoseconds)
13;1;45920920955;45920920955;45920920955
13;2;43060247496;38622093380;47498401612
13;3;0;0;0
13;4;0;0;0
13;5;53534592804;53534592804;53534592804
13;6;45363867055;45363867055;45363867055
13;7;23430840302;23430840302;23430840302
13;8;47185519772;47183949286;47187090259
13;9;21440661033;21002671080;21878650987
13;10;0;0;0
13;11;45829546073;45829546073;45829546073
13;12;0;0;0
13;13;0;0;0
13;14;0;0;0
13;15;0;0;0
13;16;19734237661;19732615807;19735859516
13;17;0;0;0
13;18;0;0;0
13;19;0;0;0
13;20;0;0;0
13;21;21225482848;21225482848;21225482848
13;22;47297579929;46983777686;47611382173
13;23;42099137565;38280141401;45918133729
13;24;33340166180;15101145886;45519223043
13;25;0;0;0


THREAD; REPETITION; AVERAGE; MIN; MAX (nanoseconds)
14;1;0;0;0
14;2;19412570400;18342830164;21735847922
14;3;0;0;0
14;4;0;0;0
14;5;0;0;0
14;6;19363029869;19363029869;19363029869
14;7;46617364881;46616723494;46618006269
14;8;0;0;0
14;9;19978063436;19420275342;20982326874
14;10;0;0;0
14;11;0;0;0
14;12;0;0;0
14;13;0;0;0
14;14;0;0;0
14;15;21603105492;20624365876;24530956379
14;16;17699901314;17699901314;17699901314
14;17;20156488534;15779745401;24533231668
14;18;0;0;0
14;19;0;0;0
14;20;0;0;0
14;21;45588889300;45588889300;45588889300
14;22;0;0;0
14;23;0;0;0
14;24;19212063614;19212063614;19212063614
14;25;0;0;0


THREAD; REPETITION; AVERAGE; MIN; MAX (nanoseconds)
15;1;0;0;0
15;2;20583432321;19343542475;21823322168
15;3;0;0;0
15;4;0;0;0
15;5;0;0;0
15;6;0;0;0
15;7;15413131949;11087831903;20215181119
15;8;0;0;0
15;9;43232488033;39542840222;46922135845
15;10;0;0;0
15;11;0;0;0
15;12;0;0;0
15;13;23236602208;23236602208;23236602208
15;14;0;0;0
15;15;0;0;0
15;16;0;0;0
15;17;0;0;0
15;18;0;0;0
15;19;0;0;0
15;20;0;0;0
15;21;37979679191;37979679191;37979679191
15;22;18741148107;18741148107;18741148107
15;23;0;0;0
15;24;0;0;0
15;25;0;0;0


THREAD; REPETITION; AVERAGE; MIN; MAX (nanoseconds)
16;1;46296829206;46296829206;46296829206
16;2;0;0;0
16;3;0;0;0
16;4;0;0;0
16;5;0;0;0
16;6;22069118631;22069118631;22069118631
16;7;14294299625;14294299625;14294299625
16;8;0;0;0
16;9;57198865010;57198865010;57198865010
16;10;19165303202;19165303202;19165303202
16;11;0;0;0
16;12;0;0;0
16;13;0;0;0
16;14;0;0;0
16;15;52834580722;46008392198;59660769246
16;16;0;0;0
16;17;18115114770;18115114770;18115114770
16;18;0;0;0
16;19;0;0;0
16;20;0;0;0
16;21;46130401560;46130401560;46130401560
16;22;46287779732;46287779732;46287779732
16;23;0;0;0
16;24;0;0;0
16;25;34888952437;34888952437;34888952437


THREAD; REPETITION; AVERAGE; MIN; MAX (nanoseconds)
17;1;0;0;0
17;2;0;0;0
17;3;0;0;0
17;4;0;0;0
17;5;0;0;0
17;6;43123796166;21414588725;48566485615
17;7;0;0;0
17;8;0;0;0
17;9;0;0;0
17;10;48498690825;48498690825;48498690825
17;11;59658620648;59658620648;59658620648
17;12;44220429551;44214791125;44226067978
17;13;0;0;0
17;14;41067042948;41067042948;41067042948
17;15;0;0;0
17;16;0;0;0
17;17;39042958742;39042958742;39042958742
17;18;0;0;0
17;19;0;0;0
17;20;0;0;0
17;21;0;0;0
17;22;14999364585;14999364585;14999364585
17;23;44444034437;44439071306;44448997568
17;24;20947440596;19532346219;22362534973
17;25;0;0;0


THREAD; REPETITION; AVERAGE; MIN; MAX (nanoseconds)
18;1;0;0;0
18;2;0;0;0
18;3;0;0;0
18;4;0;0;0
18;5;0;0;0
18;6;0;0;0
18;7;0;0;0
18;8;38511706725;38232169312;38791244138
18;9;0;0;0
18;10;0;0;0
18;11;0;0;0
18;12;37572972543;37572972543;37572972543
18;13;0;0;0
18;14;0;0;0
18;15;43130693217;43130693217;43130693217
18;16;0;0;0
18;17;0;0;0
18;18;0;0;0
18;19;0;0;0
18;20;46613400586;46613400586;46613400586
18;21;0;0;0
18;22;0;0;0
18;23;44285913293;44285913293;44285913293
18;24;0;0;0
18;25;0;0;0


THREAD; REPETITION; AVERAGE; MIN; MAX (nanoseconds)
19;1;0;0;0
19;2;0;0;0
19;3;0;0;0
19;4;46888753738;46888753738;46888753738
19;5;0;0;0
19;6;0;0;0
19;7;0;0;0
19;8;37269592504;37269592504;37269592504
19;9;37246154330;37246154330;37246154330
19;10;0;0;0
19;11;45201139460;45201139460;45201139460
19;12;0;0;0
19;13;58615682929;58615682929;58615682929
19;14;0;0;0
19;15;0;0;0
19;16;0;0;0
19;17;0;0;0
19;18;0;0;0
19;19;0;0;0
19;20;0;0;0
19;21;0;0;0
19;22;0;0;0
19;23;0;0;0
19;24;0;0;0
19;25;0;0;0


THREAD; REPETITION; AVERAGE; MIN; MAX (nanoseconds)
20;1;45325832578;45321078657;45330586499
20;2;0;0;0
20;3;0;0;0
20;4;0;0;0
20;5;0;0;0
20;6;0;0;0
20;7;58252077429;58252077429;58252077429
20;8;36579280398;36579280398;36579280398
20;9;0;0;0
20;10;0;0;0
20;11;0;0;0
20;12;0;0;0
20;13;0;0;0
20;14;0;0;0
20;15;0;0;0
20;16;13843998069;7868513107;17776496175
20;17;0;0;0
20;18;0;0;0
20;19;0;0;0
20;20;0;0;0
20;21;0;0;0
20;22;0;0;0
20;23;0;0;0
20;24;0;0;0
20;25;34809485528;34803695023;34815276033


THREAD; REPETITION; AVERAGE; MIN; MAX (nanoseconds)
21;1;50459538643;50459538643;50459538643
21;2;21528055382;21528055382;21528055382
21;3;0;0;0
21;4;0;0;0
21;5;0;0;0
21;6;0;0;0
21;7;36959440445;36959440445;36959440445
21;8;43848452736;43848452736;43848452736
21;9;46293377301;46290709504;46296045098
21;10;0;0;0
21;11;0;0;0
21;12;0;0;0
21;13;0;0;0
21;14;43027153917;38668377546;51744440355
21;15;0;0;0
21;16;0;0;0
21;17;0;0;0
21;18;0;0;0
21;19;0;0;0
21;20;0;0;0
21;21;0;0;0
21;22;19317634899;19306020318;19338650373
21;23;0;0;0
21;24;49050737244;49050737244;49050737244
21;25;0;0;0


THREAD; REPETITION; AVERAGE; MIN; MAX (nanoseconds)
22;1;0;0;0
22;2;37272845432;37272845432;37272845432
22;3;38479488733;38479488733;38479488733
22;4;15560967199;12701731924;17804796908
22;5;20491857554;16848675740;34163955754
22;6;0;0;0
22;7;0;0;0
22;8;38728757391;38619891635;38837623148
22;9;0;0;0
22;10;0;0;0
22;11;0;0;0
22;12;45993105687;45993105687;45993105687
22;13;0;0;0
22;14;0;0;0
22;15;0;0;0
22;16;47690624297;47690624297;47690624297
22;17;0;0;0
22;18;0;0;0
22;19;0;0;0
22;20;0;0;0
22;21;38745283409;38745283409;38745283409
22;22;38228370296;38228370296;38228370296
22;23;35884040010;35884040010;35884040010
22;24;0;0;0
22;25;45627181528;45627181528;45627181528


THREAD; REPETITION; AVERAGE; MIN; MAX (nanoseconds)
23;1;0;0;0
23;2;44958152922;44958152922;44958152922
23;3;38424383616;38424383616;38424383616
23;4;0;0;0
23;5;0;0;0
23;6;0;0;0
23;7;40092587046;37867597628;46755702051
23;8;0;0;0
23;9;0;0;0
23;10;36846835283;36846835283;36846835283
23;11;0;0;0
23;12;43179834052;37219805869;46162065151
23;13;0;0;0
23;14;0;0;0
23;15;13788686201;13788686201;13788686201
23;16;0;0;0
23;17;0;0;0
23;18;0;0;0
23;19;44287466354;44282660785;44292271923
23;20;37168968053;37168968053;37168968053
23;21;0;0;0
23;22;0;0;0
23;23;0;0;0
23;24;0;0;0
23;25;46131561448;46126545623;46136577274


THREAD; REPETITION; AVERAGE; MIN; MAX (nanoseconds)
24;1;0;0;0
24;2;0;0;0
24;3;0;0;0
24;4;0;0;0
24;5;0;0;0
24;6;37684644417;37684644417;37684644417
24;7;14760631402;14756407239;14765282459
24;8;0;0;0
24;9;0;0;0
24;10;0;0;0
24;11;0;0;0
24;12;35629727242;35629727242;35629727242
24;13;0;0;0
24;14;15581878679;13663856859;18651499353
24;15;0;0;0
24;16;40944557269;37553991429;44335123109
24;17;38556022613;37503067848;44805029131
24;18;0;0;0
24;19;41980570947;37867830129;45156592318
24;20;0;0;0
24;21;0;0;0
24;22;0;0;0
24;23;45037580299;45032483318;45042677281
24;24;45129644410;45129644410;45129644410
24;25;0;0;0


THREAD; REPETITION; AVERAGE; MIN; MAX (nanoseconds)
25;1;0;0;0
25;2;0;0;0
25;3;0;0;0
25;4;0;0;0
25;5;35218396192;35205506985;35231285400
25;6;45349804863;45340019681;45359590046
25;7;0;0;0
25;8;43505527692;43502153556;43508901829
25;9;36710492604;36710492604;36710492604
25;10;0;0;0
25;11;43491257269;43491257269;43491257269
25;12;0;0;0
25;13;0;0;0
25;14;36398944698;36209167087;36588722310
25;15;44830613982;44828859185;44832368779
25;16;39266391748;37090857148;41441926348
25;17;36926586968;36926586968;36926586968
25;18;34436526744;34435986766;34437066722
25;19;0;0;0
25;20;14154254381;12189509909;16546515060
25;21;0;0;0
25;22;43880094153;43875410212;43884778094
25;23;0;0;0
25;24;43896471898;43896471898;43896471898
25;25;0;0;0


THREAD; REPETITION; AVERAGE; MIN; MAX (nanoseconds)
26;1;14819364577;11053446458;17400439790
26;2;16978779670;11564519513;22393039828
26;3;37233972894;37233972894;37233972894
26;4;0;0;0
26;5;0;0;0
26;6;26542610909;15135661166;46025734486
26;7;0;0;0
26;8;17122314626;13748349301;19955890763
26;9;0;0;0
26;10;0;0;0
26;11;11630573054;9956036102;13305110007
26;12;0;0;0
26;13;35692061770;35692061770;35692061770
26;14;0;0;0
26;15;36519222485;36519222485;36519222485
26;16;43881187064;43881187064;43881187064
26;17;0;0;0
26;18;0;0;0
26;19;0;0;0
26;20;0;0;0
26;21;0;0;0
26;22;13299829098;11036112202;15481097807
26;23;42021354250;42021354250;42021354250
26;24;37498744673;37498744673;37498744673
26;25;45951221244;45939716291;45962726198


THREAD; REPETITION; AVERAGE; MIN; MAX (nanoseconds)
27;1;0;0;0
27;2;36050200235;36037616723;36062783748
27;3;48089302376;36469807545;59708797208
27;4;0;0;0
27;5;19117262057;19110654007;19134133109
27;6;16202944497;12464125608;18815399723
27;7;36913970490;36913970490;36913970490
27;8;0;0;0
27;9;14960142315;12433399566;21556704134
27;10;44875828632;44875828632;44875828632
27;11;0;0;0
27;12;36477794105;36477794105;36477794105
27;13;0;0;0
27;14;44568784021;44566115805;44571452237
27;15;41242165228;37482735306;44096819638
27;16;11906824833;11173297933;13473071718
27;17;0;0;0
27;18;0;0;0
27;19;43075778258;37027954042;45096075688
27;20;0;0;0
27;21;48672455892;48669215501;48675696283
27;22;35580519801;35578509629;35582529973
27;23;0;0;0
27;24;42066168675;37495319866;46637017484
27;25;0;0;0


THREAD; REPETITION; AVERAGE; MIN; MAX (nanoseconds)
28;1;11014453303;11014453303;11014453303
28;2;50195981053;49141054939;51250907168
28;3;46141153247;46127158550;46164676307
28;4;59623248555;59623248555;59623248555
28;5;37263745672;37247738400;37279752944
28;6;41378130670;36986985986;45769275355
28;7;45147945339;45143513282;45152377397
28;8;35258837017;35257050407;35260623627
28;9;0;0;0
28;10;37252389200;37242091453;37262686948
28;11;0;0;0
28;12;33664825907;33664825907;33664825907
28;13;34039477015;34039477015;34039477015
28;14;37721902294;37707717880;37751887460
28;15;0;0;0
28;16;0;0;0
28;17;0;0;0
28;18;0;0;0
28;19;51245329504;51245329504;51245329504
28;20;17735441385;8568771869;21210355227
28;21;42582595902;36933988398;45413544249
28;22;0;0;0
28;23;38022371698;38022371698;38022371698
28;24;44521886161;44521886161;44521886161
28;25;36412266363;36412266363;36412266363


THREAD; REPETITION; AVERAGE; MIN; MAX (nanoseconds)
29;1;37558700896;37558700896;37558700896
29;2;0;0;0
29;3;16281417365;13771106453;18791728278
29;4;19156771312;18122789000;22537234062
29;5;0;0;0
29;6;0;0;0
29;7;15616238646;7093390151;22799037238
29;8;37541888913;37541888913;37541888913
29;9;0;0;0
29;10;0;0;0
29;11;43710921361;43710921361;43710921361
29;12;44150925571;44148703816;44153147327
29;13;0;0;0
29;14;0;0;0
29;15;0;0;0
29;16;0;0;0
29;17;0;0;0
29;18;0;0;0
29;19;0;0;0
29;20;42450305765;42450305765;42450305765
29;21;15293894289;11041372646;17891195180
29;22;41109015112;41109015112;41109015112
29;23;12673458987;12673458987;12673458987
29;24;0;0;0
29;25;0;0;0


THREAD; REPETITION; AVERAGE; MIN; MAX (nanoseconds)
30;1;15254881975;12877059934;17603862153
30;2;0;0;0
30;3;0;0;0
30;4;16134508261;13720123926;18548892597
30;5;0;0;0
30;6;18307339879;18305428763;18309405037
30;7;46013097893;46011863449;46014332338
30;8;0;0;0
30;9;47040519256;47040519256;47040519256
30;10;0;0;0
30;11;0;0;0
30;12;0;0;0
30;13;0;0;0
30;14;20274682117;7578193877;54947590825
30;15;39719856329;36152819422;43286893236
30;16;19329934153;19313400237;19352121499
30;17;0;0;0
30;18;43971464460;43971464460;43971464460
30;19;0;0;0
30;20;42120775685;42120775685;42120775685
30;21;42761151487;37574673597;47947629378
30;22;15244764908;15244764908;15244764908
30;23;0;0;0
30;24;46574756918;46574756918;46574756918
30;25;46706915334;46706915334;46706915334


THREAD; REPETITION; AVERAGE; MIN; MAX (nanoseconds)
31;1;44197400019;44197400019;44197400019
31;2;0;0;0
31;3;0;0;0
31;4;16004510028;8661288795;21579301978
31;5;0;0;0
31;6;37219101310;37219101310;37219101310
31;7;13842706656;10292315224;19748772540
31;8;0;0;0
31;9;13283532160;7501215797;19065848523
31;10;37189493218;37189493218;37189493218
31;11;18117045083;11727712811;21997893447
31;12;35244420590;35244420590;35244420590
31;13;11521661063;11521661063;11521661063
31;14;17633515968;10276772048;37371572015
31;15;36482493130;36476484301;36488501960
31;16;17870744480;14729251413;19172984346
31;17;0;0;0
31;18;35857151817;35857151817;35857151817
31;19;0;0;0
31;20;0;0;0
31;21;0;0;0
31;22;0;0;0
31;23;0;0;0
31;24;44844677466;44844677466;44844677466
31;25;0;0;0


THREAD; REPETITION; AVERAGE; MIN; MAX (nanoseconds)
32;1;13471124723;10190126049;17619390663
32;2;0;0;0
32;3;11371276062;9049779720;13692772405
32;4;50078347736;50078347736;50078347736
32;5;0;0;0
32;6;0;0;0
32;7;16329014919;11249973041;20924805248
32;8;15190687433;9175888766;18831374448
32;9;11246471164;8549664762;13943277567
32;10;15193114720;12531518671;17622452714
32;11;37456089881;37456089881;37456089881
32;12;0;0;0
32;13;22977420324;8895300590;37101354641
32;14;0;0;0
32;15;26673568358;26673568358;26673568358
32;16;36705553150;36705553150;36705553150
32;17;0;0;0
32;18;34939137271;18161264490;51717010053
32;19;12694580177;11445591339;13729760347
32;20;0;0;0
32;21;44837417185;44828273356;44846561015
32;22;0;0;0
32;23;15721743522;15202745391;16474234714
32;24;37664897145;37664897145;37664897145
32;25;25571195117;14624609413;36517780821


THREAD; REPETITION; AVERAGE; MIN; MAX (nanoseconds)
33;1;12781161519;9415147665;15204130413
33;2;15066118431;11468171443;19079603343
33;3;16146357114;12640969313;18296936622
33;4;0;0;0
33;5;0;0;0
33;6;57842135663;57842135663;57842135663
33;7;37181812493;37177818131;37185806856
33;8;12249183681;7698656463;18434424487
33;9;14318597440;7406779004;21230415877
33;10;37436760049;37436760049;37436760049
33;11;13091916779;11090056347;14972003425
33;12;14085871109;14085871109;14085871109
33;13;16602165768;11184576182;18499367448
33;14;46337750607;46337750607;46337750607
33;15;0;0;0
33;16;0;0;0
33;17;13857141201;13857141201;13857141201
33;18;15843621669;11390185764;18638824767
33;19;48656305166;38733094989;58579515343
33;20;45473321331;45473321331;45473321331
33;21;0;0;0
33;22;15418113219;14120178263;18003771429
33;23;16754978426;16754978426;16754978426
33;24;48102657320;48102657320;48102657320
33;25;45992800691;45992800691;45992800691


THREAD; REPETITION; AVERAGE; MIN; MAX (nanoseconds)
34;1;13480445796;11452064997;20145949764
34;2;36766052180;36745985454;36782884278
34;3;35234676544;35233214975;35236138113
34;4;41677013769;38010062941;45343964597
34;5;0;0;0
34;6;14655538570;12780902601;18521556790
34;7;13164418220;5041350018;17703040819
34;8;20376554771;20376554771;20376554771
34;9;0;0;0
34;10;0;0;0
34;11;17007166151;11662617455;28765388199
34;12;25578861489;17589991954;40667365196
34;13;36272496296;36272496296;36272496296
34;14;0;0;0
34;15;14745787907;12751965752;16739610062
34;16;15296979231;11221204859;18595506831
34;17;17269684708;14120614212;19149561048
34;18;12864136503;11612394452;14050528070
34;19;45560916506;45559762205;45562070808
34;20;45695503479;45563035945;45827971013
34;21;16326688517;11203064426;28410421087
34;22;24423863437;12854606870;35993120005
34;23;45759005125;45759005125;45759005125
34;24;35704598350;35704598350;35704598350
34;25;54053869695;54053869695;54053869695


THREAD; REPETITION; AVERAGE; MIN; MAX (nanoseconds)
35;1;15219452647;11104402725;17273438105
35;2;13486327941;13486327941;13486327941
35;3;27449514638;18690226063;36208803214
35;4;35812334284;35155522629;36469145939
35;5;0;0;0
35;6;18507006588;13122282091;36247217175
35;7;38429777947;38429777947;38429777947
35;8;13359290007;6398603454;16585982366
35;9;0;0;0
35;10;0;0;0
35;11;15425138669;10658316280;18863382567
35;12;53417113209;53417113209;53417113209
35;13;15772051673;12632602188;18528994537
35;14;0;0;0
35;15;13408897246;7655510826;20911531074
35;16;0;0;0
35;17;13788667746;13429428391;13974520854
35;18;20280489211;20280489211;20280489211
35;19;0;0;0
35;20;0;0;0
35;21;13165445818;13165445818;13165445818
35;22;20924277014;11669644605;36773540911
35;23;27951206624;9222693946;57119788199
35;24;13450492008;12802382077;13779508918
35;25;0;0;0


THREAD; REPETITION; AVERAGE; MIN; MAX (nanoseconds)
36;1;14494906243;8931826531;21317015152
36;2;0;0;0
36;3;17881784853;17625936537;18085895554
36;4;14642200804;10019665907;17620598498
36;5;18248661359;11457136941;58551192540
36;6;13292696302;7539257015;18667274472
36;7;17490226403;9497358952;39098385758
36;8;14336047458;14326743063;14345351854
36;9;37489342569;37489342569;37489342569
36;10;17418827549;10259889875;44000667333
36;11;50149503777;50149503777;50149503777
36;12;13415733796;11129730035;18437531586
36;13;23240250995;23240250995;23240250995
36;14;14929654420;11573646720;20271566358
36;15;16447366844;16447366844;16447366844
36;16;19684819160;19684819160;19684819160
36;17;16865343819;15014775621;18496285910
36;18;15192933797;12291940038;17314349100
36;19;21249146477;8987676437;57929205597
36;20;15431827683;12881897489;17981757877
36;21;16086901916;11136691744;22923283337
36;22;15951536172;11450313099;28942483541
36;23;28682824446;12756135487;59668582250
36;24;17757355160;17748290984;17766419336
36;25;0;0;0


THREAD; REPETITION; AVERAGE; MIN; MAX (nanoseconds)
37;1;15105185184;9208225626;21758413779
37;2;54729298137;54729298137;54729298137
37;3;41989589808;41909562039;42069617577
37;4;37188969198;37188969198;37188969198
37;5;25218411627;13799052393;54314508199
37;6;14934696117;5237975287;20352904769
37;7;14778751419;14778751419;14778751419
37;8;13428778925;8012011652;21239313306
37;9;56274867336;56274867336;56274867336
37;10;44080375788;43618720535;44528594696
37;11;15172657814;15105686756;15228004257
37;12;52081567664;51074761737;53088373592
37;13;14141693218;14141693218;14141693218
37;14;13786514537;7287254595;18903220661
37;15;0;0;0
37;16;18026542726;12904652267;36120243564
37;17;13793559069;11207373353;18383936296
37;18;17523432889;14387255713;21872027520
37;19;16997049345;11342763117;36200637651
37;20;21338518792;13854667702;36304555747
37;21;13514433590;12573686600;14854187264
37;22;55896074780;55896074780;55896074780
37;23;33564689856;33564689856;33564689856
37;24;13162860783;13162860783;13162860783
37;25;12948117400;12485418608;13406022903


THREAD; REPETITION; AVERAGE; MIN; MAX (nanoseconds)
38;1;19243237198;16548452317;21938022080
38;2;22914684199;9054252077;36775116321
38;3;19425559027;12494132285;34224719692
38;4;0;0;0
38;5;0;0;0
38;6;37036239033;37036239033;37036239033
38;7;36901981327;36901981327;36901981327
38;8;0;0;0
38;9;11372852415;6997023155;13483180823
38;10;10182553788;10182553788;10182553788
38;11;15857425908;13985644544;21425861178
38;12;36319878574;36319878574;36319878574
38;13;15067595183;11186901548;17823603768
38;14;15135526652;13078876366;20521382675
38;15;0;0;0
38;16;39975393927;13252187219;54326555330
38;17;0;0;0
38;18;14040479854;6888579833;34544916323
38;19;19040022784;9227432606;46771856199
38;20;16861766090;16861766090;16861766090
38;21;0;0;0
38;22;17180737436;7813030008;28981964607
38;23;16730095584;15624451431;18054208007
38;24;0;0;0
38;25;0;0;0


THREAD; REPETITION; AVERAGE; MIN; MAX (nanoseconds)
39;1;18103711808;8975769406;36925158156
39;2;25107665820;14154567200;59698046749
39;3;14839718693;13495051396;19729126257
39;4;32257105559;15574395698;45538872609
39;5;13473057207;12409380871;16443880088
39;6;15391982012;13644188159;17429020378
39;7;41375010406;37769410218;44980610594
39;8;16678346351;12534684506;18455885664
39;9;0;0;0
39;10;37029287311;37029287311;37029287311
39;11;14903588654;14835457300;14971720009
39;12;17285221457;13628879579;19929183807
39;13;11822128231;11822128231;11822128231
39;14;12066371424;11130306296;13002436553
39;15;0;0;0
39;16;0;0;0
39;17;14801475327;11058242528;33671542333
39;18;20965522713;20965522713;20965522713
39;19;29543181163;6981874093;45762870631
39;20;0;0;0
39;21;0;0;0
39;22;0;0;0
39;23;13526334120;12931206061;13826351743
39;24;21267526555;10506991112;35922386714
39;25;23958176353;11273046644;36643306062


THREAD; REPETITION; AVERAGE; MIN; MAX (nanoseconds)
40;1;13700164811;11248670292;15947883320
40;2;18168743192;11506328457;20235016182
40;3;36759350630;36759350630;36759350630
40;4;16662693055;9018176122;46565034034
40;5;15386933499;14177034720;19005388813
40;6;18927188790;18927188790;18927188790
40;7;37060077817;37060077817;37060077817
40;8;20361662739;13233091077;37138850189
40;9;14812240157;8711328744;17773496282
40;10;13645207648;12775801254;14543410754
40;11;9020377031;9020377031;9020377031
40;12;32495087643;13993244811;57839691218
40;13;17125656135;8895101123;36974278645
40;14;14654587477;13815836859;16331319902
40;15;0;0;0
40;16;34863533301;14135261115;44005884896
40;17;0;0;0
40;18;47971935643;38232892239;57710979048
40;19;13217657621;12634970087;13510877011
40;20;14048026110;13107379918;14988672303
40;21;14257043318;11285107115;17420839660
40;22;12685822849;11168406599;15018863641
40;23;11081308902;9284390265;12878227540
40;24;15257110773;12924851273;18843361307
40;25;33741930776;14251857988;53726742854


THREAD; REPETITION; AVERAGE; MIN; MAX (nanoseconds)
41;1;0;0;0
41;2;13702522091;11749229511;16081585300
41;3;13076547843;6409560782;19362076395
41;4;0;0;0
41;5;15923685668;14190552710;19382302709
41;6;58078335934;58078335934;58078335934
41;7;0;0;0
41;8;51735096011;51735096011;51735096011
41;9;22502252311;9317541545;54605640591
41;10;48284123751;48284123751;48284123751
41;11;12644996172;10142092221;17149440292
41;12;19951324423;18778891591;21080693216
41;13;20799714815;12947051022;35624527978
41;14;0;0;0
41;15;37977367584;37977367584;37977367584
41;16;19967686622;7884952417;53790704545
41;17;21513209453;13235354843;42512649792
41;18;16878819218;12854962712;28088663783
41;19;15507435721;11376516988;23658196781
41;20;46950283765;13222545394;58922547768
41;21;13915955928;13287502043;15303446807
41;22;12734845955;7514392821;15664246643
41;23;18388728345;13837266678;38275397920
41;24;15867651698;13177206600;21674469312
41;25;0;0;0


THREAD; REPETITION; AVERAGE; MIN; MAX (nanoseconds)
42;1;0;0;0
42;2;48915394484;48915394484;48915394484
42;3;0;0;0
42;4;15099035562;9272456835;21788472628
42;5;20098045701;20098045701;20098045701
42;6;12610474245;8995688838;15240453116
42;7;18555051535;11389962132;36487220373
42;8;18042406716;14381851255;21702962178
42;9;13034939426;9186312576;15205133054
42;10;9980903019;9980903019;9980903019
42;11;31286667768;8815194319;56248218489
42;12;24898777183;13559892039;36237662328
42;13;14351116612;11431498208;17745947041
42;14;15161834499;15154412153;15169256846
42;15;38300205473;38300205473;38300205473
42;16;24857583981;14157339969;41989613135
42;17;14144693118;7669185888;20580238201
42;18;13580550239;6602797772;16176147318
42;19;24907495854;14996831301;47718229481
42;20;0;0;0
42;21;0;0;0
42;22;18028158887;18028158887;18028158887
42;23;12671796101;11469353437;13874238765
42;24;0;0;0
42;25;41731876025;20439707071;58984407516


THREAD; REPETITION; AVERAGE; MIN; MAX (nanoseconds)
43;1;13534667798;10902369225;18531632302
43;2;53625235121;53625235121;53625235121
43;3;13956774761;9214469995;20354078871
43;4;12067085726;7920482003;17670870670
43;5;0;0;0
43;6;0;0;0
43;7;35201288572;35201288572;35201288572
43;8;13548338208;11522171323;17459953010
43;9;0;0;0
43;10;53295738878;53276017692;53315460065
43;11;0;0;0
43;12;12660944854;9119720593;13933610766
43;13;36700974216;36700974216;36700974216
43;14;0;0;0
43;15;16753948518;14233791516;21741195599
43;16;36373464435;36373464435;36373464435
43;17;28278170769;13967628288;52764073577
43;18;16695898319;13764315786;17570100250
43;19;11808482479;8560228744;13946097758
43;20;0;0;0
43;21;30754310115;18820196701;36722907590
43;22;14916554968;14916554968;14916554968
43;23;11903698846;8356263436;15466525425
43;24;29062869024;20611645544;37514092504
43;25;15343762632;7704230635;19949050578


THREAD; REPETITION; AVERAGE; MIN; MAX (nanoseconds)
44;1;31097190669;16323864346;45870516993
44;2;20182000226;20182000226;20182000226
44;3;15447760190;13104075029;18984199249
44;4;12881056495;12880755724;12881357267
44;5;0;0;0
44;6;0;0;0
44;7;19847456869;19847456869;19847456869
44;8;12552917573;8875516022;14911855278
44;9;0;0;0
44;10;36318495926;36318495926;36318495926
44;11;13526354239;9350620470;17319372015
44;12;50644866177;50626622238;50663110116
44;13;0;0;0
44;14;16609640366;12719463088;19848051498
44;15;0;0;0
44;16;0;0;0
44;17;35288763411;14986841135;55590685687
44;18;32410771253;20086395547;53128684162
44;19;29734631310;15393304526;51878069000
44;20;23066966122;8977771965;47679535388
44;21;13688450813;12700538476;14771180486
44;22;12526642073;12526642073;12526642073
44;23;15926896277;13787410271;18069137488
44;24;44214816757;44214816757;44214816757
44;25;51273162546;49500670826;53045654266


THREAD; REPETITION; AVERAGE; MIN; MAX (nanoseconds)
45;1;47363456109;37526803477;57399490857
45;2;37043437084;37043437084;37043437084
45;3;27272763387;14156706788;47047385003
45;4;13725358740;13725358740;13725358740
45;5;0;0;0
45;6;28137835884;19179524144;37096147625
45;7;0;0;0
45;8;14186561420;11031507287;17285512824
45;9;19086882012;13687672666;36449421715
45;10;0;0;0
45;11;0;0;0
45;12;12410748642;8973717260;14131487033
45;13;16451223601;13983158055;20286528735
45;14;19436112899;17519341215;21352884584
45;15;0;0;0
45;16;0;0;0
45;17;0;0;0
45;18;36812125773;36747503314;36876748233
45;19;26285537687;14185407783;38385667592
45;20;52961639352;52021397692;54252782058
45;21;32616839832;14800300178;56495179066
45;22;29384576624;14011237252;37082481782
45;23;0;0;0
45;24;12790708665;12790708665;12790708665
45;25;13789240834;12775266759;14949005739


THREAD; REPETITION; AVERAGE; MIN; MAX (nanoseconds)
46;1;0;0;0
46;2;22016567762;16478681508;38591042856
46;3;15775635258;14116536808;18960661760
46;4;0;0;0
46;5;0;0;0
46;6;52812483081;52812483081;52812483081
46;7;25033897860;14016832516;48248361245
46;8;0;0;0
46;9;11949273553;9107919652;13830672544
46;10;22462770687;14156756865;38038651561
46;11;33719121773;20215843285;41091924043
46;12;0;0;0
46;13;37199873378;37199873378;37199873378
46;14;19690863573;11362583653;35059411321
46;15;0;0;0
46;16;0;0;0
46;17;38171478499;38171478499;38171478499
46;18;37306048761;8874877464;59540359110
46;19;19225819064;19225819064;19225819064
46;20;36785492395;36177304448;37393680342
46;21;0;0;0
46;22;29709084062;20226728956;39082083407
46;23;0;0;0
46;24;0;0;0
46;25;0;0;0


THREAD; REPETITION; AVERAGE; MIN; MAX (nanoseconds)
47;1;35896969726;35896969726;35896969726
47;2;17050115767;15058355811;20414989894
47;3;51861842007;51861842007;51861842007
47;4;23605404853;14851129264;34786510157
47;5;20425013479;14845077307;28721372619
47;6;0;0;0
47;7;12998728783;11706959264;14290498303
47;8;14824583990;14824583990;14824583990
47;9;16783074699;14126241952;20241357980
47;10;36975784632;36975784632;36975784632
47;11;51829841362;51829841362;51829841362
47;12;17735135925;15268389418;20201882432
47;13;28549853682;28549853682;28549853682
47;14;15708637655;12968973571;18448301739
47;15;15056225957;8910697100;20928527229
47;16;12689608386;12689608386;12689608386
47;17;16100098058;16100098058;16100098058
47;18;16768426434;14892761300;18644091568
47;19;0;0;0
47;20;17295948623;17293120354;17298981295
47;21;18898350000;18898350000;18898350000
47;22;0;0;0
47;23;20019714796;18429816429;21854186566
47;24;0;0;0
47;25;16403307822;16403307822;16403307822


THREAD; REPETITION; AVERAGE; MIN; MAX (nanoseconds)
48;1;15654713266;13936950856;21502469866
48;2;14286031564;11171055050;18568585743
48;3;0;0;0
48;4;38276132022;38276132022;38276132022
48;5;0;0;0
48;6;18870308988;16317366663;21892274787
48;7;10917595357;7688270996;13774614930
48;8;18278925953;18278925953;18278925953
48;9;36218035882;15188465643;57247606121
48;10;38384881598;38384881598;38384881598
48;11;16218702563;14166896910;20321520333
48;12;21076258518;13932495820;37083440912
48;13;0;0;0
48;14;0;0;0
48;15;0;0;0
48;16;19483575147;19483575147;19483575147
48;17;32027599154;16380601096;58793897129
48;18;0;0;0
48;19;23702679076;9348981155;38056376998
48;20;24830602195;15022489031;54163312795
48;21;0;0;0
48;22;15879043810;13409595075;20446035739
48;23;0;0;0
48;24;19387435589;17631299020;21143572158
48;25;16629174250;13654684254;17891170456


THREAD; REPETITION; AVERAGE; MIN; MAX (nanoseconds)
49;1;24983327961;20724654250;37754825823
49;2;12802647613;12802647613;12802647613
49;3;26894215536;17987513217;35800917855
49;4;0;0;0
49;5;21525963731;7707057880;42821325476
49;6;26877235375;8210492744;52524632042
49;7;14062591859;14060952230;14064231488
49;8;0;0;0
49;9;16749585771;14590270202;19222572282
49;10;0;0;0
49;11;16105634855;9928663070;18671817717
49;12;0;0;0
49;13;0;0;0
49;14;20870939672;20870860194;20871095767
49;15;0;0;0
49;16;46224200074;46224200074;46224200074
49;17;31915722543;13224934873;58870752638
49;18;17081738415;13531398195;18870054295
49;19;49258949740;48147073161;50370826320
49;20;48849841460;48849083682;48850599238
49;21;28215026701;19096600267;37333453135
49;22;0;0;0
49;23;49057812864;41917417507;56198208221
49;24;16219848263;16219848263;16219848263
49;25;21391515699;15474092937;38095928253


THREAD; REPETITION; AVERAGE; MIN; MAX (nanoseconds)
50;1;35179750464;15265331348;55094169580
50;2;53209405455;53209405455;53209405455
50;3;0;0;0
50;4;17399513835;17399513835;17399513835
50;5;50714651827;50172605875;51008660807
50;6;14497266063;14000988394;14993543732
50;7;0;0;0
50;8;14988074671;13057638192;19524472803
50;9;17379543084;16174308746;19035378379
50;10;0;0;0
50;11;0;0;0
50;12;0;0;0
50;13;32471277861;13243785383;53496211879
50;14;0;0;0
50;15;0;0;0
50;16;19448385444;14046656977;38391218087
50;17;15165182341;12623373711;17706990972
50;18;48909436814;47834208468;49984665160
50;19;14532281491;11103978089;35188995948
50;20;43861420585;43861420585;43861420585
50;21;15864566097;12765928701;20205938953
50;22;24092136641;24092136641;24092136641
50;23;20308638597;13564319697;34147596203
50;24;18125873763;17317382657;21139736615
50;25;0;0;0


