THREAD; AVERAGE-REPETITIONS; MIN-REPETITIONS; MAX-REPETITIONS (nanoseconds)
1;26082317563;6031216422;49305553105
2;11887155703;1011539784;42078499264
3;1717405595;52772701;2642179721
4;882651293;2945025;1377693310
5;783489536;2779682;1026448123
6;755112989;2656516;914672409
7;555038483;2561484;837747917
8;692163045;2434543;869722445
9;578333035;2465425;839669044
10;542212688;2363901;842695845
11;581873343;2401553;842095920
12;630186139;2466900;857511619
13;599115557;2528489;822691881
14;551545445;2561384;878467671
15;518544176;2675893;828554095
16;510124118;2734936;839992569
17;496026999;2771779;821424242
18;486676028;2917697;843690578
19;476799954;3061992;823478579
20;480619243;3134398;828587435
21;486968150;3166354;862512492
22;492770849;3404550;878279725
23;495217703;3498419;811920621
24;476123619;3630718;828410814
25;468958494;3797591;855313954
26;459670135;4011487;877307026
27;461700558;4090816;816752361
28;447315536;4184783;869466901
29;447827682;4391664;839576451
30;443444905;4574117;834063077
31;435950988;4829742;817566229
32;437681750;4940907;858597927
33;439164805;4897837;862445224
34;439176404;5148372;853702180
35;440043135;5290493;865409609
36;436822253;5564598;847052435
37;438787347;5689317;841556790
38;438930936;5628528;841264286
39;448310871;6046371;846364596
40;441385286;6144247;823783168
41;441461753;5819113;807877763
42;442860164;6321222;810159626
43;440435159;6524843;848846280
44;434857193;6390200;813180485
45;439481124;6616438;840015719
46;433807601;6494861;806002380
47;435772853;6418455;794579867
48;439378013;6634955;838213244
49;440501156;6165601;846778914
50;437774546;6496624;832815329
THREAD; REPETITION; AVERAGE; MIN; MAX (nanoseconds)
1;1;27665000782;6540037072;52567229844
1;2;24988628779;6213827805;40180386474
1;3;28780423882;6648252921;57405584578
1;4;25689780616;1331834424;49687314939
1;5;28461570241;1345432939;58973051533
1;6;24988718047;6238580462;44459717227
1;7;25982493363;6259805087;46428343267
1;8;24252756039;412414497;38909423613
1;9;24166109666;5810690815;39497879199
1;10;28089628247;8375180994;55351122419
1;11;25788802026;10224542644;41277944543
1;12;25403829222;7363801405;40244009364
1;13;24765441846;5909395608;41131677490
1;14;25346247532;6247105917;46590903662
1;15;28241510665;9145595949;55564180014
1;16;24116945354;411384477;38866271622
1;17;23055968480;413335843;57728868474
1;18;25965338615;8610420110;58110424509
1;19;28828545085;12954502598;58255730616
1;20;24333746860;6227736276;44895545733
1;21;28043443910;6504162541;57996610952
1;22;24541209946;6215168059;46475649908
1;23;26448244461;6523953951;47973144004
1;24;27410870454;12679854144;55170534035
1;25;26702684971;2173394035;58897279612


THREAD; REPETITION; AVERAGE; MIN; MAX (nanoseconds)
2;1;9050967384;238799414;38925664854
2;2;10814782618;2862109919;42435019325
2;3;11692086875;211739342;49206650776
2;4;9138535615;1010463620;37679168022
2;5;11155618965;209939321;47973299610
2;6;13747040503;1605226920;40212947665
2;7;11056095991;715935196;40765419907
2;8;11187085647;1256259804;40667860300
2;9;11394875761;1021917590;44914290643
2;10;13664729720;229338645;44613026795
2;11;12349250206;952347645;40234763916
2;12;13100612390;2114183995;37812293043
2;13;11714909906;1509914249;44253680635
2;14;11995935750;730154391;47433049871
2;15;13468626032;720343577;45932372480
2;16;12565371330;1645307713;45661169785
2;17;13234558935;1491636158;47452013244
2;18;13186172627;224212923;45231144531
2;19;11043477964;2678647496;33274629177
2;20;13004782787;1058301614;43864738606
2;21;9991459674;239684862;38284528062
2;22;13808535622;220802365;43773336905
2;23;10005329200;829870766;35845176272
2;24;11890932818;236506246;35406301080
2;25;12917118258;1274850853;40109936109


THREAD; REPETITION; AVERAGE; MIN; MAX (nanoseconds)
3;1;1528724562;9979899;2214959723
3;2;1209310289;3968940;2010467042
3;3;1871794727;4496871;3508703550
3;4;1661915872;9618540;2600659860
3;5;3111331775;275043197;4460778954
3;6;1931909412;11373513;2461756941
3;7;1439811686;4409569;2454325200
3;8;1741141518;11192413;2748331841
3;9;1837917036;10343843;2384306665
3;10;2207307730;770044028;2772140803
3;11;1170768680;4154299;1989363592
3;12;1909884036;94604831;2557063817
3;13;1374661378;7678769;2292977809
3;14;1286889945;4341544;2073108943
3;15;1333408289;4193200;2456456198
3;16;1762666139;9194045;3005100788
3;17;1526217685;8954351;2597024133
3;18;3153604250;12019964;4629888226
3;19;1327060599;9358383;2200515708
3;20;1660993664;8356021;2959961811
3;21;1455971228;10663646;2220102415
3;22;1727957586;10474725;2405559924
3;23;1231412806;4279315;2013448847
3;24;1602657763;9736433;2497185257
3;25;1869821232;10837201;2540304983


THREAD; REPETITION; AVERAGE; MIN; MAX (nanoseconds)
4;1;879695204;3096902;1144799968
4;2;891964114;3021893;1395908209
4;3;889032844;2844146;1403112407
4;4;862008135;3155079;1694674044
4;5;851475050;2764108;993799561
4;6;882313479;3021962;1345706088
4;7;886026608;2864051;987634252
4;8;899123539;2905118;1749431631
4;9;865253986;2903232;1651613333
4;10;878054942;3002756;1125841692
4;11;888174306;2848686;1391921390
4;12;881238360;3109613;1612283544
4;13;870818840;3147118;1511351094
4;14;866678617;2760057;1005564534
4;15;875338103;2843238;983674391
4;16;911919385;3040540;1704228470
4;17;899254453;2490959;1908774998
4;18;879175938;3225619;998945466
4;19;878330247;2845404;1127273718
4;20;899373214;3105841;998978850
4;21;906806506;2979150;1881328912
4;22;862799864;2973073;1608319493
4;23;877947860;3152775;998150324
4;24;897056606;2985575;1678744295
4;25;886422135;2538730;1540272087


THREAD; REPETITION; AVERAGE; MIN; MAX (nanoseconds)
5;1;769825870;2755448;967862256
5;2;789019900;2580984;929754479
5;3;768921458;2773607;947085453
5;4;812975831;2887309;981055833
5;5;757381060;2890450;923439431
5;6;774346057;2677296;933279998
5;7;774916296;2833949;921248930
5;8;773413341;2783314;1514510713
5;9;793670659;2840724;949059238
5;10;766557519;2736521;904914801
5;11;757559583;2758940;947271371
5;12;803187860;2943880;1146227104
5;13;786096769;2831924;957921607
5;14;790335230;2685328;946585879
5;15;794268855;2684141;921645000
5;16;811886671;2859093;1394218958
5;17;803632045;2779963;1197283104
5;18;775870230;2804616;937812837
5;19;771827340;2796794;893775885
5;20;761616431;2662559;1210379880
5;21;774580461;2889962;970275762
5;22;791527341;2889823;948808787
5;23;779620108;2734914;945445859
5;24;818119609;2477479;1346549911
5;25;786081877;2933054;924790022


THREAD; REPETITION; AVERAGE; MIN; MAX (nanoseconds)
6;1;769581349;2875645;930463927
6;2;766422086;2594254;882057845
6;3;768057178;2501017;885436697
6;4;774380279;2759010;939176278
6;5;766325670;2790089;940606558
6;6;765023758;2527067;891379910
6;7;755760487;2586921;863093843
6;8;774477305;2589436;957465405
6;9;758602008;2610596;1106258267
6;10;744052366;2680089;882236779
6;11;766966952;2620584;1090649300
6;12;766321852;2544806;906512140
6;13;745759423;2771651;927028086
6;14;753398073;2786877;874696365
6;15;747897034;2803289;870053247
6;16;759434975;2670521;907878166
6;17;726878777;2729676;903207182
6;18;741088084;2749860;863297850
6;19;750904938;2708655;864138459
6;20;720543947;2546064;882291954
6;21;764335218;2598445;954217785
6;22;745762892;2746369;888808774
6;23;733546724;2518686;884001598
6;24;742652760;2677226;892017351
6;25;769650597;2426076;879836474


THREAD; REPETITION; AVERAGE; MIN; MAX (nanoseconds)
7;1;560212167;2579517;912987684
7;2;563424985;2419651;805850744
7;3;539007734;2512679;757156636
7;4;535477466;2817607;875996740
7;5;564095370;2493265;844699955
7;6;546508709;2676388;755830699
7;7;537263220;2557518;807211461
7;8;546744451;2440953;912099513
7;9;555157526;2718082;819219342
7;10;575493136;2517639;835193230
7;11;544805813;2446749;722983717
7;12;569313244;2458553;952975308
7;13;571095416;2637556;882150735
7;14;553829116;2570019;821542263
7;15;552837903;2559892;816984910
7;16;559411607;2561988;972728937
7;17;577207959;2574769;819210263
7;18;551378031;2637276;776826594
7;19;560662802;2345550;822047565
7;20;533885649;2579727;810796066
7;21;534174702;2498432;933422545
7;22;556352531;2637905;799393638
7;23;572185355;2597886;773675983
7;24;576122971;2731353;777434702
7;25;539314226;2466166;935278716


THREAD; REPETITION; AVERAGE; MIN; MAX (nanoseconds)
8;1;690984990;2226540;855417378
8;2;708049472;2519803;866000986
8;3;699627202;2548509;846699860
8;4;680344280;2255524;893496659
8;5;694186802;2337657;846093149
8;6;694260950;2350369;845988736
8;7;697702184;2541663;851218311
8;8;690532258;2597327;851520724
8;9;689561122;2542990;873446275
8;10;686897472;2394648;865107227
8;11;675458570;2379912;794657142
8;12;697890019;2364057;866148421
8;13;677827602;2202165;966207787
8;14;685193168;2359168;922989164
8;15;698011591;2406102;821607495
8;16;676112280;2585734;856135696
8;17;689255967;2437880;841048863
8;18;690100423;2528952;860653379
8;19;693545821;2548788;863948071
8;20;693776159;2554654;964598363
8;21;712895905;2396813;928695407
8;22;695974448;2645029;870120155
8;23;697857363;2320826;839908564
8;24;700605777;2472241;897063594
8;25;687424319;2346248;854289721


THREAD; REPETITION; AVERAGE; MIN; MAX (nanoseconds)
9;1;582832397;2585804;819768364
9;2;589762212;2311537;790451929
9;3;556034676;2367829;911923024
9;4;565313134;2463092;916053856
9;5;593254896;2657810;807026941
9;6;596795515;2373416;831517624
9;7;558982599;2557937;847214520
9;8;579812026;2171924;869147615
9;9;590161119;2463232;808365728
9;10;594194625;2464141;804129505
9;11;566988332;2473010;802200838
9;12;569797906;2330045;990375173
9;13;585105406;2437182;849080959
9;14;596536023;2366153;826735661
9;15;579367425;2480064;794187669
9;16;566637041;2527905;913041811
9;17;560977635;2513238;832131248
9;18;595859068;2437041;791356653
9;19;599716472;2602496;784899756
9;20;557936853;2466026;872043654
9;21;560752023;2440534;804258293
9;22;595956657;2605080;955469550
9;23;588725184;2570858;819791622
9;24;553891549;2589994;715018599
9;25;572935110;2379283;835535522


THREAD; REPETITION; AVERAGE; MIN; MAX (nanoseconds)
10;1;556916234;2371252;910582630
10;2;584393427;2529093;811753170
10;3;525542553;2073238;770333450
10;4;530809890;2339403;812097977
10;5;558031171;2316636;996936133
10;6;559152714;2302248;780939896
10;7;517274044;2377188;783714551
10;8;517083622;2278013;945969390
10;9;531045845;2367969;899918984
10;10;563293002;2504090;849698007
10;11;571822899;2479155;791104177
10;12;519402874;2151531;1342182875
10;13;524447412;2441651;830893172
10;14;550724713;2389899;796255041
10;15;565637201;2445283;870567140
10;16;506422083;2378445;691945275
10;17;525703559;2392902;789888798
10;18;552122152;2341429;767299266
10;19;554844021;2244769;782892589
10;20;552656027;2445981;748577403
10;21;534505808;2456038;792892183
10;22;556539751;2296800;920733850
10;23;563715175;2466514;780505554
10;24;518291784;2450730;802262299
10;25;514939252;2257270;797452330


THREAD; REPETITION; AVERAGE; MIN; MAX (nanoseconds)
11;1;577012702;2488165;753588375
11;2;585537799;2391366;777596105
11;3;565799147;2335562;799610216
11;4;587073181;2541175;857555779
11;5;570281833;2448286;1096850368
11;6;581089970;2222559;812598040
11;7;605282479;2637556;773960588
11;8;568599994;2319918;908952116
11;9;568915360;2262927;934375947
11;10;597729881;2426077;811157145
11;11;582957099;2605220;796105162
11;12;581542926;2387385;872430016
11;13;553879490;2338845;823610682
11;14;592674879;2359238;794127955
11;15;616205922;2295054;866311152
11;16;569807291;2259156;962730599
11;17;589682077;2316216;850111956
11;18;589843809;2449473;798842381
11;19;589844676;2423283;852078756
11;20;551659570;2398279;747959518
11;21;578786626;2431524;857138128
11;22;577258518;2613810;974277387
11;23;607206821;2488794;769684904
11;24;595568794;2257130;776337915
11;25;562592739;2341848;784406817


THREAD; REPETITION; AVERAGE; MIN; MAX (nanoseconds)
12;1;630725672;2611924;804919130
12;2;616438115;2243581;817298567
12;3;623261748;2426356;901073461
12;4;636055942;2298477;938774970
12;5;640908048;2397092;916303957
12;6;621505683;2426006;840188557
12;7;628129941;2537194;808542635
12;8;608533679;2535029;928423934
12;9;644785507;2344153;926396721
12;10;634973650;2493613;827894956
12;11;638741266;2480064;827871070
12;12;619955233;2601587;800968070
12;13;624019836;2501715;822779920
12;14;650788459;2352953;831455255
12;15;638405521;2339404;837962157
12;16;633391910;2482159;789843402
12;17;636207519;2561988;921208840
12;18;646079539;2555981;838349777
12;19;604368809;2609409;829255255
12;20;644261284;2519175;812529037
12;21;624859016;2620864;892652907
12;22;623466571;2440743;1132692703
12;23;631048661;2616814;806209658
12;24;618027997;2264743;797842952
12;25;635713885;2411480;786352596


THREAD; REPETITION; AVERAGE; MIN; MAX (nanoseconds)
13;1;606074012;2443397;806932097
13;2;540084865;2531537;829874747
13;3;580943041;2532165;816936440
13;4;624137228;2536705;801156501
13;5;618464514;2558216;809652972
13;6;594978664;2672686;802814324
13;7;575810524;2375302;805544210
13;8;581269831;2490540;803935417
13;9;616182164;2591600;854384007
13;10;589492821;2419930;787310189
13;11;559662735;2500527;810121608
13;12;625887988;2527765;830174436
13;13;645806362;2439416;832936239
13;14;602895469;2663677;799373664
13;15;565047368;2627499;815302504
13;16;600675160;2554934;800104692
13;17;619975642;2572185;828144359
13;18;616893649;2638534;971400694
13;19;614959632;2690216;821177133
13;20;588134159;2472312;839251707
13;21;608668650;2350438;805003290
13;22;628847996;2443746;797267250
13;23;591659663;2550953;890002780
13;24;559565189;2613461;798152139
13;25;621771608;2414484;810343633


THREAD; REPETITION; AVERAGE; MIN; MAX (nanoseconds)
14;1;606618673;2541385;896865384
14;2;537674744;2727232;936652214
14;3;574362818;2645238;763235691
14;4;552661141;2264952;744728869
14;5;589111513;2706280;778957102
14;6;589978101;2435365;991052634
14;7;529489921;2760407;785198048
14;8;538308666;2745461;812526103
14;9;527110761;2481880;776453223
14;10;596810320;2384591;1429218728
14;11;569514384;2551651;1297422019
14;12;538914110;2558216;780474264
14;13;547475255;2502134;762805049
14;14;572533752;2495080;833906545
14;15;566498510;2523784;833762112
14;16;511529457;2823682;777413819
14;17;512263197;2683302;726095216
14;18;571200472;2593556;927061959
14;19;528964254;2339892;972985044
14;20;519805251;2574140;782683414
14;21;513155556;2588737;760874916
14;22;572904034;2671918;963944231
14;23;586820692;2519105;1166186834
14;24;521266927;2372997;754462438
14;25;513663620;2543619;706725925


THREAD; REPETITION; AVERAGE; MIN; MAX (nanoseconds)
15;1;495306230;2344153;818949405
15;2;553315718;2482019;827426531
15;3;514715595;2713333;823385514
15;4;497159177;2623587;742712901
15;5;512670606;2558985;715433456
15;6;549625155;2790857;1256478267
15;7;510911328;2442559;721586822
15;8;504824010;2817118;734878036
15;9;531147624;2662628;720498415
15;10;503186663;2613112;932622092
15;11;522653014;2759290;814653678
15;12;520177516;2895969;743192571
15;13;564164421;2591112;780876760
15;14;526836799;2731073;1300526813
15;15;539975933;2760477;811649665
15;16;492617761;2629943;723616340
15;17;526031732;2509257;847292952
15;18;511824162;2789740;935079528
15;19;503324740;2719689;758414197
15;20;481306942;2897296;730195946
15;21;537909420;2573722;757403176
15;22;471314186;2724369;752584686
15;23;553149886;2792254;923190517
15;24;524948474;2787296;779846881
15;25;514507331;2687493;761357239


THREAD; REPETITION; AVERAGE; MIN; MAX (nanoseconds)
16;1;503902640;2871036;1153779950
16;2;524366704;2563524;938668113
16;3;496613456;2815651;679524074
16;4;509246704;2701041;722308840
16;5;520462766;2843518;812168656
16;6;522550461;2788274;779461915
16;7;530725348;2718012;886748944
16;8;516185188;2829969;825980118
16;9;499120496;3008972;812980700
16;10;517703188;2628966;742518114
16;11;540791439;2763550;1247688184
16;12;511831645;2924115;727826372
16;13;517363587;2574558;763899323
16;14;545119309;2738128;799430654
16;15;557566955;2722832;1178432385
16;16;502631590;2761524;810986033
16;17;498488540;2815232;680660042
16;18;482882098;2524064;766058047
16;19;497942268;2515892;869525107
16;20;487333196;2870406;801581556
16;21;520004999;2754959;876154860
16;22;474613607;2722762;663437322
16;23;491592383;2639791;768261958
16;24;492197281;2718851;924698670
16;25;491867124;2557797;767034288


THREAD; REPETITION; AVERAGE; MIN; MAX (nanoseconds)
17;1;509310065;2859791;774651946
17;2;496081939;2689518;994882031
17;3;507549485;2945486;892628672
17;4;493914458;2707397;778927350
17;5;512084446;2840585;821533812
17;6;488710082;2345550;858207817
17;7;476485107;2622401;677200874
17;8;515849588;2970908;839563758
17;9;507628115;2943321;809782598
17;10;467735278;2658439;688999300
17;11;493829376;2935290;811969399
17;12;504420282;2507372;850838863
17;13;484263859;2651873;829652093
17;14;480627556;2922159;802124292
17;15;483139330;3010299;794277625
17;16;495978573;2693849;721520053
17;17;504498814;2930261;725983609
17;18;503347383;2807269;708625747
17;19;469190023;2815023;842831352
17;20;505981392;2952680;996844152
17;21;507948479;2718781;804510909
17;22;513897230;2783734;743645770
17;23;489384981;2605079;1193172526
17;24;486818994;2611994;790905618
17;25;502000155;2765435;782325896


THREAD; REPETITION; AVERAGE; MIN; MAX (nanoseconds)
18;1;495788940;2797283;750771537
18;2;498763297;2713612;837922208
18;3;454586126;3054229;820665685
18;4;475298830;2922718;891456875
18;5;475603052;3002407;805840337
18;6;486400868;2767740;766549240
18;7;489778701;2938363;859686846
18;8;495755513;2964204;845942431
18;9;481773790;2960920;839206729
18;10;481752393;2878019;837607852
18;11;491650704;3056394;923219781
18;12;493967641;2849524;861423798
18;13;485178561;2628546;864035094
18;14;470425915;3002616;752848476
18;15;490968916;3063868;1157257138
18;16;476666477;2688400;855682706
18;17;510558927;2954705;839426310
18;18;477395386;2533213;766870230
18;19;488474912;3060934;966158060
18;20;485776083;2983201;806520521
18;21;497390386;2952820;704211499
18;22;487184923;3018610;815034173
18;23;478341232;2791137;852485302
18;24;517816295;3095296;904702484
18;25;479602854;3263683;766739139


THREAD; REPETITION; AVERAGE; MIN; MAX (nanoseconds)
19;1;478737113;3140412;782073490
19;2;483472654;3098858;911699531
19;3;463877955;3057092;828742620
19;4;497340296;2762781;790930272
19;5;468256953;2896947;671598345
19;6;497069482;3080560;880676454
19;7;482525364;3145720;739044977
19;8;485416633;3287149;769661787
19;9;477007669;3066591;824058714
19;10;456817679;3197892;763165151
19;11;454173482;3005829;787361452
19;12;484819280;3214584;866488548
19;13;491473783;2945067;780341357
19;14;491563023;3081328;718586300
19;15;470787999;3197124;781006874
19;16;463437767;2890731;894989307
19;17;470125500;2973981;800882654
19;18;461874182;2895131;756541544
19;19;492909324;3125328;1260024948
19;20;455269950;3106749;827310873
19;21;474048061;3142369;818310009
19;22;482769056;3002057;805157989
19;23;480042292;3117575;847468044
19;24;477573309;3016096;923750435
19;25;478610045;3101861;757092801


THREAD; REPETITION; AVERAGE; MIN; MAX (nanoseconds)
20;1;501106814;2836254;836623649
20;2;480150163;3112965;692209555
20;3;499424703;3120159;917524783
20;4;502693913;3097601;833423731
20;5;464184258;3029854;745945156
20;6;460911781;3101023;734157833
20;7;461079539;2569042;723817692
20;8;457144858;3301607;909020560
20;9;479368435;3121696;852244839
20;10;475373802;3296160;817864002
20;11;466307191;2995981;950751842
20;12;460813357;3049968;866762047
20;13;485849003;3013861;748478857
20;14;477728776;3192235;788627325
20;15;469264922;3301327;851748267
20;16;479257714;3150681;1002850222
20;17;475179805;3035930;738682570
20;18;475762578;3470693;777449997
20;19;496121480;3264730;802111581
20;20;482666503;3390305;891289535
20;21;481456689;3509944;807932503
20;22;530540491;2923975;883667547
20;23;525545793;3135593;760724338
20;24;464645592;3206832;797771085
20;25;462902937;3131544;983006360


THREAD; REPETITION; AVERAGE; MIN; MAX (nanoseconds)
21;1;484627071;3332686;723498447
21;2;481992416;3324794;753291690
21;3;483680026;3005968;1004316610
21;4;494640444;3062820;750106438
21;5;491459579;2870825;750368133
21;6;481716537;2865169;790407021
21;7;487530482;3108705;881518112
21;8;477133145;3168280;761601544
21;9;488038626;2893664;718535037
21;10;474799893;3523213;708849658
21;11;506226472;3439683;965640954
21;12;465589716;3316762;760054350
21;13;482586076;2915245;832538772
21;14;486661637;3210883;825655565
21;15;452325355;3329474;612902199
21;16;504531832;3057721;890667808
21;17;495517950;3392749;1214325424
21;18;489519957;2960712;857418192
21;19;508993112;3301187;720224219
21;20;482691968;3280305;815977589
21;21;498540226;3514832;1374135260
21;22;470580701;3246014;730538518
21;23;502946116;2964064;738068107
21;24;493753871;3147607;1245645327
21;25;488120560;2925511;1136527338


THREAD; REPETITION; AVERAGE; MIN; MAX (nanoseconds)
22;1;484932444;3456515;748594234
22;2;501832982;3536204;754813461
22;3;476070840;3353289;838065872
22;4;502713524;3237353;820710872
22;5;504748647;3279956;793141586
22;6;483663219;3400293;760663436
22;7;534521399;3332476;797976000
22;8;484292345;3422222;949442038
22;9;486068721;3766959;797677219
22;10;497233077;3077836;820352516
22;11;478439180;3471251;789720132
22;12;470745259;3660661;920421031
22;13;491583182;3571055;863674782
22;14;513778143;3065752;827823228
22;15;489750882;3640337;975264943
22;16;510406796;3407137;1499211702
22;17;483822878;2796584;812551107
22;18;500196755;3416985;796932571
22;19;508405484;3502890;968643990
22;20;510187551;3351683;940985377
22;21;482518517;3476070;750154559
22;22;497819261;3601366;708920617
22;23;475979298;3628045;677080956
22;24;466971464;3235886;905568165
22;25;482589393;3424946;1438602741


THREAD; REPETITION; AVERAGE; MIN; MAX (nanoseconds)
23;1;485706644;3425156;762037982
23;2;532729504;3314109;852807829
23;3;514047258;3211512;910130547
23;4;496380317;3616660;1194125022
23;5;498838108;3419010;758824865
23;6;480554271;3882477;737013014
23;7;493186390;3632794;777722797
23;8;465228530;3811588;802636927
23;9;515371164;3501143;847525104
23;10;476689043;3203619;851712299
23;11;462131811;3256699;850623753
23;12;465553181;3318089;856172712
23;13;506757955;3577200;815126294
23;14;509370587;3420895;763649989
23;15;459358137;3482356;841126456
23;16;529310102;3304680;742446596
23;17;471008632;3487665;773169494
23;18;504315098;3930876;768703285
23;19;498180344;3340159;728015572
23;20;500137606;3888903;928333769
23;21;520219857;3292108;872758270
23;22;498794541;3856705;676610645
23;23;520292293;3280305;745072629
23;24;478109552;3624623;743880507
23;25;498171656;3381155;697789174


THREAD; REPETITION; AVERAGE; MIN; MAX (nanoseconds)
24;1;493354492;3410908;780718290
24;2;480039056;3563651;774164524
24;3;486290139;3783162;884523452
24;4;476339389;3659054;682859833
24;5;491651771;4004699;840907574
24;6;484642591;3518673;718199310
24;7;487621878;3577201;860940287
24;8;460696584;2999124;891629383
24;9;483803504;3557994;818887945
24;10;475834409;3590819;731072665
24;11;451525397;3954553;723638200
24;12;464644396;3047105;972468707
24;13;504858778;3936464;872376867
24;14;477258969;3515950;791069186
24;15;441550972;3762838;712547056
24;16;450156831;3726801;921719240
24;17;488731769;3649207;881685870
24;18;485880318;3632515;881791959
24;19;457121545;3718700;696966654
24;20;453561739;3697467;988500494
24;21;487377163;3646343;938599529
24;22;485648634;3672953;881310823
24;23;486655462;3745867;797236660
24;24;482247577;3732806;874224098
24;25;465597123;3663105;792231764


THREAD; REPETITION; AVERAGE; MIN; MAX (nanoseconds)
25;1;474704062;3866972;758745036
25;2;461569531;3780089;711228522
25;3;468531581;3610584;855957182
25;4;483129352;3782394;1200761828
25;5;473008293;4079429;762906529
25;6;460899704;4215969;658838414
25;7;468291194;3809982;865312631
25;8;451166621;3794546;906492026
25;9;469763479;3637194;690783535
25;10;468805127;3485219;826269959
25;11;449870107;3457283;723421762
25;12;457822581;3918515;891910565
25;13;479372336;3685734;825943730
25;14;483302943;3910413;839907447
25;15;459124765;3345328;803288127
25;16;455793085;3575664;982114137
25;17;468371321;4121194;884596855
25;18;477786617;3937512;845087853
25;19;454282069;3488641;1126343082
25;20;450569568;4092630;746032387
25;21;481938346;3594172;775295254
25;22;491870677;4133416;872545672
25;23;487695282;3913975;1283775102
25;24;469274414;3967683;817429310
25;25;477019314;3735252;727861921


THREAD; REPETITION; AVERAGE; MIN; MAX (nanoseconds)
26;1;471347006;3943519;812228929
26;2;459304368;3600877;860399576
26;3;450489543;4113861;1205932178
26;4;484288416;4226515;829066055
26;5;470696606;4336585;802634133
26;6;446624598;4113721;840212443
26;7;442834890;4014057;919122961
26;8;481816469;4138445;826483463
26;9;469517446;4150108;886466157
26;10;424826521;3690204;750561384
26;11;446396254;4087950;827910879
26;12;473092771;3871163;848130488
26;13;453710446;4343149;686197408
26;14;465934800;3696698;957267544
26;15;437396194;3827302;908997233
26;16;468180783;4021112;895051326
26;17;470582168;4200603;790653840
26;18;441103250;3975436;1297762565
26;19;443225440;3849093;841388990
26;20;474222033;3832889;1130266975
26;21;467874317;4061409;810613220
26;22;448079101;3990801;708994998
26;23;443827252;3841620;762130732
26;24;479057353;4121473;881215769
26;25;477325366;4238597;852986413


THREAD; REPETITION; AVERAGE; MIN; MAX (nanoseconds)
27;1;431308807;4180071;849446369
27;2;431130153;3886807;867146453
27;3;466335349;3859988;803335061
27;4;472123683;4097029;869084688
27;5;437681171;4157791;650113143
27;6;501128063;3978229;715532770
27;7;460707911;4462438;663373068
27;8;481142224;3823251;860187049
27;9;458126856;3910902;776878207
27;10;452863180;3558135;817755190
27;11;466793660;4104292;981325909
27;12;464584658;3941632;824144689
27;13;467409591;3561417;816165882
27;14;454603219;4176438;689591275
27;15;468963819;4128039;887274150
27;16;490971448;4255080;879669972
27;17;487530069;4559658;847349034
27;18;437566660;4032636;871426675
27;19;450262497;4110788;883761973
27;20;469376030;4700597;749164908
27;21;496731534;4403982;858898687
27;22;440222598;3533410;869259431
27;23;443190918;4174135;800307650
27;24;463708584;4530114;826250473
27;25;448051287;4143543;761366319


THREAD; REPETITION; AVERAGE; MIN; MAX (nanoseconds)
28;1;440526528;4241182;1216296205
28;2;438434775;4286089;1228212874
28;3;466896295;4701785;927820924
28;4;461425842;4230286;679830677
28;5;438649375;4393296;755602318
28;6;421139810;3887086;894666640
28;7;440159611;4440020;845178716
28;8;464834862;3925359;831409579
28;9;429191914;4585918;698811791
28;10;414404712;3779531;808493607
28;11;449556458;4537308;776036200
28;12;452842334;4518033;792608907
28;13;447195086;4322407;766048409
28;14;459571164;4209473;998571186
28;15;455696500;4277359;847608146
28;16;482852715;4387220;855761975
28;17;460669616;4257873;761303043
28;18;413015852;4301874;931937089
28;19;441067004;4436807;881318087
28;20;463049506;4412502;830996886
28;21;468673823;4353346;817908771
28;22;429902501;3975365;1227893071
28;23;428742926;4005118;772834256
28;24;451507307;3259213;739867987
28;25;462881896;2895131;849655194


THREAD; REPETITION; AVERAGE; MIN; MAX (nanoseconds)
29;1;452165928;4270236;652836464
29;2;425479818;4332045;825061285
29;3;452875241;4175671;939877973
29;4;459786128;4166172;698606806
29;5;420837287;4331975;626160448
29;6;446299047;4461462;1123048739
29;7;449551868;4482203;911667335
29;8;463001624;4318915;787760945
29;9;457017408;4155905;717231030
29;10;440365420;4448820;970762066
29;11;455136874;4540801;1224119965
29;12;460978566;4535213;829015281
29;13;422993962;4086902;643114069
29;14;456714930;4515239;881775198
29;15;449815179;4279733;957890109
29;16;466988928;4468166;828516054
29;17;442497853;4488420;792267663
29;18;423973003;4235944;780761312
29;19;452048348;4411664;948217720
29;20;450312762;4579982;792077275
29;21;441211019;4252984;683111261
29;22;446397069;4586617;862517722
29;23;448241182;4604845;971538142
29;24;457234320;4654502;757968751
29;25;453768301;4407194;783507681


THREAD; REPETITION; AVERAGE; MIN; MAX (nanoseconds)
30;1;424245529;4305225;955944541
30;2;444380662;4261994;846010457
30;3;461857414;4700108;871254167
30;4;439421931;4533258;718154123
30;5;439601126;4640534;903161435
30;6;448891058;4581937;942809631
30;7;450401979;4708908;799180343
30;8;445852544;4637042;728309743
30;9;430606339;4920178;845184514
30;10;414014817;4814299;724676321
30;11;461461544;4561753;870891901
30;12;451784275;4446724;827552106
30;13;420712305;4311162;1129142251
30;14;437272956;4872965;851967987
30;15;461289985;4767575;933245077
30;16;471772825;5007619;796838076
30;17;426578066;3843505;591487257
30;18;444740505;3876959;938455516
30;19;454458440;4779798;810091925
30;20;467322672;4658553;857465264
30;21;439736942;4664350;794318063
30;22;405262104;4690471;626450708
30;23;455965525;4928280;922058739
30;24;450587064;4351461;818166135
30;25;437904020;4488280;748760666


THREAD; REPETITION; AVERAGE; MIN; MAX (nanoseconds)
31;1;434283871;4770648;877811076
31;2;432067978;4836229;823625977
31;3;447250492;5253810;770563997
31;4;449130333;5027943;768076460
31;5;412198365;5147581;847526361
31;6;438309176;5135639;893754932
31;7;452744052;5378546;827270994
31;8;450803008;4870940;856757005
31;9;420305775;4945251;808874591
31;10;440431569;4997004;883665312
31;11;440954162;5120134;766517183
31;12;445254885;4921156;812062357
31;13;407836743;4879741;601521422
31;14;410760986;4991626;739054196
31;15;444537072;4987296;927394613
31;16;462000381;4776515;874742670
31;17;445437773;4911168;845756235
31;18;407643878;4272400;909251316
31;19;428713268;3223734;845081987
31;20;449243864;4977308;705807931
31;21;430075374;4709328;843542964
31;22;408083870;3906711;795410520
31;23;435039898;4608198;779468899
31;24;448956251;5066845;743509790
31;25;456711698;5027803;892106958


THREAD; REPETITION; AVERAGE; MIN; MAX (nanoseconds)
32;1;412184167;3595499;832301312
32;2;418730751;5301652;822309889
32;3;481598575;5184318;862420225
32;4;446188414;5486801;870840917
32;5;417864399;3408604;807439283
32;6;420546063;4783639;952437181
32;7;461102497;5189347;925288759
32;8;444622163;5304585;717433780
32;9;423913264;5398452;708305315
32;10;420648301;5036813;1218401431
32;11;422764188;5194655;837316754
32;12;466042000;5560274;806382166
32;13;449104815;5675233;854812064
32;14;403160452;2993747;836216754
32;15;421617356;5143741;920051431
32;16;473129697;5197657;881071337
32;17;451139496;5380014;845506692
32;18;417251330;4919690;850817561
32;19;432654462;5526890;818443754
32;20;451434892;3262356;813607247
32;21;464068302;5224477;874519108
32;22;412701693;4938477;930964480
32;23;418202711;5247874;761583735
32;24;457271252;5355360;902168920
32;25;454102520;5212534;814308103


THREAD; REPETITION; AVERAGE; MIN; MAX (nanoseconds)
33;1;424924988;4918572;908716052
33;2;426031946;4517544;913194973
33;3;458569404;5180127;895822304
33;4;460318370;5274763;905323791
33;5;408148793;3101931;730498080
33;6;414940018;5197378;906680947
33;7;457146163;5147163;875803489
33;8;460028028;3074482;877434143
33;9;427206896;5593518;876630480
33;10;414046981;5651417;720625876
33;11;444374162;4679016;822193184
33;12;466559506;4634179;823141000
33;13;426590306;4819956;786866627
33;14;430920430;5304585;981828626
33;15;431038229;3350496;890802533
33;16;462306281;5375893;799126635
33;17;449812281;5464731;830413921
33;18;403343357;5311219;685619820
33;19;431524240;5805067;944801504
33;20;459242071;3646343;701116203
33;21;441892985;5484636;738646742
33;22;419613529;5276020;963967977
33;23;431390595;5085702;1172711545
33;24;480122667;5478420;880263413
33;25;449027902;5072782;928900740


THREAD; REPETITION; AVERAGE; MIN; MAX (nanoseconds)
34;1;418098335;4934706;714268084
34;2;407813291;5471855;657679467
34;3;455935437;3066521;845077377
34;4;475843645;5642966;848454622
34;5;415998717;5271270;748656534
34;6;420472688;5401734;1251860712
34;7;446721016;5743608;947797834
34;8;467630540;5568026;823026949
34;9;443456482;5353962;652513099
34;10;426563085;5546096;892647250
34;11;429324729;5327632;917614250
34;12;466213586;4731607;807870762
34;13;466098505;5543232;841164730
34;14;425118167;3307683;832642766
34;15;416984957;5618312;1003079232
34;16;466981433;5659658;853604998
34;17;453721745;3882337;792208228
34;18;420379459;5648064;993911726
34;19;414937372;5389303;870971101
34;20;436696152;5783068;795461853
34;21;446696143;5236490;699619785
34;22;417090930;5154635;977174613
34;23;431997499;4420115;888976602
34;24;450191378;5247594;852874457
34;25;458444809;5758832;833397470


THREAD; REPETITION; AVERAGE; MIN; MAX (nanoseconds)
35;1;415421939;5572426;686070855
35;2;407826371;5905709;846374679
35;3;440839727;5851581;879080093
35;4;468055232;5994477;870624479
35;5;432551452;5572216;880579794
35;6;424134285;3574337;802846801
35;7;441325822;4868287;820094733
35;8;461258996;5655746;825998067
35;9;467589296;5453626;869586078
35;10;416035357;5274832;881671484
35;11;412857861;2964064;947430051
35;12;466875506;5435468;900156445
35;13;465307212;3963213;821236289
35;14;409200063;5443080;587830786
35;15;418165154;5656934;917977494
35;16;459771496;5487639;972682282
35;17;462456200;5786420;877984423
35;18;422169760;5115804;793216735
35;19;427766133;5592820;903464616
35;20;441466177;5994267;969530276
35;21;467428878;6103639;817901926
35;22;449857175;4554140;872945514
35;23;445910436;5383785;1176817584
35;24;434838076;5464312;858124846
35;25;441969795;5593518;855013905


THREAD; REPETITION; AVERAGE; MIN; MAX (nanoseconds)
36;1;455072307;5646597;846939346
36;2;418626097;5882591;981514201
36;3;414447258;5876934;921592758
36;4;466777996;3375778;994376799
36;5;470541150;6059639;842525377
36;6;431566637;5816242;794312405
36;7;414895233;5691715;1249486736
36;8;430663843;5971988;821823654
36;9;468978194;5645829;832224486
36;10;431151364;5730756;754428426
36;11;411168974;5576337;741213688
36;12;429439053;5841315;815556656
36;13;457484219;3896724;774890873
36;14;457397523;6336420;765848314
36;15;422604723;3242870;918562136
36;16;416907605;6024719;958149360
36;17;445421258;5859334;833216302
36;18;459587648;5902566;795498241
36;19;425584605;5974013;614499259
36;20;410730724;5553708;751188070
36;21;439148852;6293608;880848893
36;22;465253472;5643594;835201960
36;23;427737559;5328610;756375670
36;24;411076622;5890274;725101234
36;25;438293418;6052794;970936041


THREAD; REPETITION; AVERAGE; MIN; MAX (nanoseconds)
37;1;461825322;4305715;893010843
37;2;459436429;6049931;862780186
37;3;411372184;5788096;822226429
37;4;432609289;5842712;962493208
37;5;467476917;5873931;838105612
37;6;451536303;6368058;885287865
37;7;414531534;4179581;851816921
37;8;421865355;6087506;868616891
37;9;467406797;5642337;849670069
37;10;450393366;5964165;822684517
37;11;410449115;6116280;718823971
37;12;427355207;5817499;741492984
37;13;452276649;6423023;927204994
37;14;451693617;5076063;780489141
37;15;426958137;5465359;735192601
37;16;434123115;6126616;947786520
37;17;438839754;5673346;931612607
37;18;453772430;5916604;866333081
37;19;446384107;5755760;812355201
37;20;419342817;5735366;841807548
37;21;431034675;5192210;787683631
37;22;460471716;6095607;827662664
37;23;437069052;5424083;788459846
37;24;409817486;5731316;846555848
37;25;431642317;5581785;828766575


THREAD; REPETITION; AVERAGE; MIN; MAX (nanoseconds)
38;1;444396423;6359957;833463960
38;2;449229077;6081290;794793612
38;3;404993429;5963956;877273298
38;4;423760716;3736020;881679655
38;5;470029480;6286692;902595651
38;6;431104634;5689689;731600525
38;7;410707846;5831397;716839151
38;8;438228694;6081150;866812123
38;9;476842959;6130109;836647465
38;10;456582271;5966401;779729547
38;11;427167154;5484846;989820774
38;12;420662256;5917931;810069715
38;13;438544526;6549995;829967776
38;14;467713602;4375277;894520253
38;15;418511057;6122566;752898832
38;16;413366365;3859289;880621140
38;17;470973406;3638661;1215282599
38;18;467198332;6251493;800040787
38;19;426550470;6268534;882598487
38;20;430108425;6026883;849690533
38;21;450097295;6348014;803597454
38;22;465524347;6282293;839212247
38;23;433641722;6198693;747741193
38;24;410669866;3238820;736030627
38;25;426669061;6023251;778079756


THREAD; REPETITION; AVERAGE; MIN; MAX (nanoseconds)
39;1;449921737;6332299;805968985
39;2;470118470;6414503;803112756
39;3;403038631;5957950;724188549
39;4;409034622;6494889;909956922
39;5;459826084;6400744;779822505
39;6;478662920;6241296;944541974
39;7;426933976;5605601;777601972
39;8;429760549;6253239;937310678
39;9;436714201;6407798;979018911
39;10;459015262;6169500;788950482
39;11;477682514;6467791;875243222
39;12;437907057;6176973;717775653
39;13;426750607;6047068;916939024
39;14;459490799;5937486;878400258
39;15;473303327;6338515;870071126
39;16;436543579;6128083;975860829
39;17;440214042;6519473;843968926
39;18;449632866;5642826;852238064
39;19;462332794;6093931;853360902
39;20;467775752;6307436;786796856
39;21;443500627;6160001;751252953
39;22;441763940;5801436;958780585
39;23;460684199;6391735;780681554
39;24;469690488;3434445;838440011
39;25;437472741;5434280;808831220


THREAD; REPETITION; AVERAGE; MIN; MAX (nanoseconds)
40;1;431966436;5775175;627771128
40;2;454541012;6517099;816047780
40;3;437323393;3449391;826698435
40;4;414111928;6499081;739237878
40;5;446212925;6336699;922492245
40;6;433923503;5252064;781839940
40;7;455903689;6130947;817951793
40;8;452104000;6375112;847062336
40;9;429853530;6612013;940507313
40;10;443399073;6312744;851079187
40;11;457537425;6174877;803244337
40;12;464038230;6761823;794820152
40;13;429362187;6607264;812791221
40;14;426875742;6335233;754192851
40;15;447028025;6367848;776093190
40;16;442112441;5596242;869396530
40;17;439852940;5745772;770353844
40;18;419152389;6452566;851546704
40;19;424776674;6215594;920825762
40;20;456713744;6701270;848697181
40;21;440830359;5983512;754498826
40;22;437764606;6240039;852251822
40;23;429577543;6624934;926405522
40;24;453835810;6180674;873338302
40;25;465834554;6358211;815434923


THREAD; REPETITION; AVERAGE; MIN; MAX (nanoseconds)
41;1;440471959;6196108;729571147
41;2;412872793;6803728;861112446
41;3;457329060;4305645;921816530
41;4;452852077;4693544;750633461
41;5;437913360;6437061;655841315
41;6;432208341;6107690;749569288
41;7;439683062;6052864;932492468
41;8;470400785;6245975;970918930
41;9;459983717;4181048;890779554
41;10;423671055;6221391;791992418
41;11;431205570;3106750;815634739
41;12;438512882;6470095;783719788
41;13;475629442;6595321;810985614
41;14;457114588;5819175;683446360
41;15;427813948;6439506;848843847
41;16;437289150;6566198;953773316
41;17;467746210;4146406;817217900
41;18;451628470;6694566;751615779
41;19;419648464;5782300;816474929
41;20;451698933;4716521;956303524
41;21;428146753;6513398;844308075
41;22;448415553;6456128;763995914
41;23;442550829;6668376;680313978
41;24;422639989;5699816;778340962
41;25;409116858;6558236;637241815


THREAD; REPETITION; AVERAGE; MIN; MAX (nanoseconds)
42;1;449974399;7068008;715090815
42;2;459722267;5492597;845915123
42;3;431986925;4172457;765081736
42;4;428146555;6882929;912879011
42;5;454837175;6780051;873956466
42;6;442112785;6074654;761016275
42;7;460006483;6845633;865592205
42;8;431180904;6579957;736693490
42;9;437306831;6499638;785751261
42;10;465493901;3019867;837958246
42;11;448115472;7250223;782682855
42;12;437818241;6412687;809739575
42;13;418022801;6902832;839874062
42;14;446133914;6813645;884409401
42;15;464785497;5748287;956761195
42;16;452458718;6075633;828032544
42;17;431130551;6896756;878553280
42;18;420597349;6987340;766732783
42;19;457416406;5728731;757898839
42;20;449075136;6629543;799149612
42;21;427894275;6578979;646082882
42;22;423418580;6474636;966440008
42;23;450411455;7020166;790726126
42;24;446033681;6597278;727198149
42;25;437423799;6498032;719774720


THREAD; REPETITION; AVERAGE; MIN; MAX (nanoseconds)
43;1;425761365;6633524;915513075
43;2;431319803;7205385;750007264
43;3;463623486;6380071;837737059
43;4;445840314;6893194;890256583
43;5;412417958;3506800;865920599
43;6;432344701;6989715;904580191
43;7;447536923;5817779;734665788
43;8;463395688;7180871;874222981
43;9;415248249;7167811;689088138
43;10;423677265;6404864;711633881
43;11;444416284;5659588;806310649
43;12;450259641;7403804;867423933
43;13;444846229;6715378;751433004
43;14;437952239;6105035;955189206
43;15;430562458;6697080;921435546
43;16;455328388;6959404;852687073
43;17;469526091;6726902;821185235
43;18;417066135;7061861;773527850
43;19;444568575;6341378;1216139900
43;20;442756827;6277962;1124493127
43;21;451017715;6449353;730715775
43;22;450372860;6811829;784552156
43;23;417658170;6178159;871686205
43;24;426065750;6486788;779889553
43;25;467315873;7066541;790862247


THREAD; REPETITION; AVERAGE; MIN; MAX (nanoseconds)
44;1;450111856;7235068;884426164
44;2;401976069;4679785;698781060
44;3;432582125;6736820;897517142
44;4;443761100;3105213;917283621
44;5;454809946;5507474;762185208
44;6;432667675;5405784;865794745
44;7;418848803;5987563;853091315
44;8;439309132;5873302;781525305
44;9;453959873;5802554;817077590
44;10;463721578;7171372;882712607
44;11;410287123;6774674;710722662
44;12;415133559;6597696;620598568
44;13;439327358;6776420;824448149
44;14;451832448;7031969;740675421
44;15;418409969;5951804;762565843
44;16;424706733;6990762;950105320
44;17;432411681;6806871;880111229
44;18;457086731;7044400;837558475
44;19;451475064;6616623;787061344
44;20;427136090;6873290;761249474
44;21;427300140;6815810;881860404
44;22;447898949;7727588;876509444
44;23;447941578;7044401;736362653
44;24;413309417;6665582;764367887
44;25;415424851;6532185;834920500


THREAD; REPETITION; AVERAGE; MIN; MAX (nanoseconds)
45;1;446127675;6684369;789765599
45;2;455639687;6713214;890419383
45;3;441694424;6994883;807489289
45;4;429098493;6153575;915988205
45;5;418910054;6360725;832848100
45;6;464828663;8279963;830521547
45;7;461455238;6499918;799783492
45;8;409800656;6381538;735852950
45;9;429527645;6808617;971057355
45;10;442629235;7041328;970786720
45;11;454990277;7078483;854444350
45;12;440263899;3426343;685293313
45;13;427735334;5299696;906564801
45;14;411518324;6775442;856291442
45;15;452281017;7885220;803957836
45;16;459210621;7213836;781162270
45;17;415208024;7064375;750225517
45;18;423125785;7090985;756438598
45;19;429280329;5667900;1144902634
45;20;460432096;5860871;864775201
45;21;457416220;6860788;861281321
45;22;416253416;6984058;816768821
45;23;412554772;7307424;784412056
45;24;458406178;7256648;807090566
45;25;468640047;5720769;782271629


THREAD; REPETITION; AVERAGE; MIN; MAX (nanoseconds)
46;1;420351377;6661531;805386089
46;2;419918802;5771334;840955135
46;3;431766246;7598452;850718108
46;4;450217106;7098947;852067371
46;5;432873527;7068287;772151070
46;6;426530012;6774534;889187941
46;7;414649524;5383854;738614545
46;8;454900821;7830814;853576781
46;9;445386773;6807849;854862489
46;10;416923275;6237665;620276949
46;11;423359894;7005499;740606557
46;12;438906043;6230820;839610900
46;13;453910122;6903741;695092533
46;14;440639325;6226001;774150067
46;15;413943910;6824471;782901877
46;16;425528653;6410521;831789445
46;17;449937418;6888375;850602520
46;18;464462654;7276274;866404669
46;19;420788418;6906186;801938375
46;20;420057082;5638007;831062397
46;21;448249446;6644769;855850744
46;22;454035361;7363157;822624593
46;23;421022819;6910166;750594978
46;24;429506786;3005760;905959626
46;25;427324653;4904534;723073742


THREAD; REPETITION; AVERAGE; MIN; MAX (nanoseconds)
47;1;455055593;7174864;798360057
47;2;423592698;5987842;733613979
47;3;426498606;7208877;952757683
47;4;422912784;6614458;711965766
47;5;453691157;7431670;796110190
47;6;471483408;6924972;813673595
47;7;401421151;3128750;701060749
47;8;413843797;5826369;645414082
47;9;443902587;6016198;746560456
47;10;459319407;4265696;770533056
47;11;437584851;6636947;726828620
47;12;422417134;6864211;880310416
47;13;425564011;6988668;979423852
47;14;455737144;6533511;764478935
47;15;440028080;7250083;812007811
47;16;416850030;7624083;703668413
47;17;414671196;6937544;777840480
47;18;453455955;7553125;803813753
47;19;472552419;6512420;832359630
47;20;426272562;5914089;761853113
47;21;427328807;6949277;869163400
47;22;442472580;7279767;795226139
47;23;447444563;6773207;812204694
47;24;433019652;3086076;802578051
47;25;407201160;6978680;872689755


THREAD; REPETITION; AVERAGE; MIN; MAX (nanoseconds)
48;1;438663260;7578268;921594993
48;2;436941778;2721924;870735386
48;3;439579428;6047626;809787277
48;4;416696108;5194166;851568216
48;5;414874037;6600560;922297946
48;6;441530191;7187785;833300183
48;7;448333784;5183410;804906769
48;8;419445499;7626737;766376383
48;9;424932084;7188693;979068290
48;10;459089192;7477068;833692131
48;11;460986257;7617588;798920463
48;12;449243991;6738287;844831257
48;13;406442449;6777398;901346819
48;14;448678782;7643709;887982132
48;15;473641526;5798712;881179521
48;16;435269214;5437004;752077638
48;17;418277500;6719359;722222727
48;18;441475741;7033086;820516154
48;19;462726281;6511302;820796428
48;20;446440649;7974058;716793056
48;21;424065547;6962617;764264663
48;22;419946095;5938325;924483000
48;23;431433048;7507449;824675762
48;24;462829515;7454370;798330863
48;25;462908385;6954375;903583067


THREAD; REPETITION; AVERAGE; MIN; MAX (nanoseconds)
49;1;429932592;6072979;802851270
49;2;441361872;6857436;945606844
49;3;460454861;7203708;811194230
49;4;435576993;7469525;712743659
49;5;439852320;6649868;980791483
49;6;432831856;7201684;839340964
49;7;446455708;7415608;966522421
49;8;456523239;4409010;899784610
49;9;428695347;6668724;713583361
49;10;417347897;7556616;737471872
49;11;427139026;6522617;803141112
49;12;441352152;3822134;871812200
49;13;444232643;4651079;799583117
49;14;438974509;7693854;949893771
49;15;419686099;2309651;898623639
49;16;463678245;4563498;948963275
49;17;457463557;7541321;829243591
49;18;426103454;7150840;770798314
49;19;415389607;6447258;824391647
49;20;444344741;7111658;980430124
49;21;462635215;6695264;848427593
49;22;468553069;6585194;877011743
49;23;424393110;7267404;888768964
49;24;426479217;3871162;696628692
49;25;463071575;4401956;771864371


THREAD; REPETITION; AVERAGE; MIN; MAX (nanoseconds)
50;1;459074698;8164516;775309223
50;2;427681290;4197182;752612553
50;3;424978017;6506413;867749672
50;4;442718591;6879017;877420943
50;5;453429638;5727753;787375909
50;6;426272674;7893531;800361010
50;7;427323484;3651581;988902640
50;8;430995498;6918548;879696302
50;9;449813405;7212649;806206724
50;10;463346784;3491086;836238405
50;11;428611939;5175937;873335368
50;12;422640413;8080287;931410975
50;13;456123242;2975518;864369424
50;14;456711378;5351588;773237450
50;15;430881361;7439004;794091567
50;16;428549893;7401010;720582365
50;17;428553810;7759017;863869151
50;18;459063927;7503328;806146033
50;19;447578789;7634210;933406689
50;20;421781380;7272154;728186194
50;21;416884139;6865189;923575832
50;22;440148010;7507867;714840643
50;23;459898328;7810280;776280924
50;24;413147040;5577455;788433446
50;25;428155927;7420497;956743805


