THREAD; AVERAGE-REPETITIONS; MIN-REPETITIONS; MAX-REPETITIONS (nanoseconds)
1;24082721176;3380469816;49793545844
2;7855151117;572072419;33644309681
3;902781121;2916599;1659861080
4;735481942;2660838;926818464
5;681371516;2552888;839031318
6;523851179;2441790;765613520
7;573151185;2408236;748339216
8;467031265;2409015;724106195
9;509787513;2366001;690889183
10;507000837;2361023;696648968
11;420516086;2399799;674019184
12;407178304;2426520;670242868
13;450217680;2495789;673022808
14;453719762;2540183;695456327
15;441815939;2614080;675199104
16;453555050;2695677;692098286
17;465107815;2828683;679293753
18;465035458;2872731;674979202
19;474626039;3018174;700813167
20;464799213;3106336;697380175
21;450973793;3218305;676921544
22;442609527;3388372;669145902
23;432559861;3346981;652388135
24;429605196;3478254;682877111
25;429632309;3631620;678311698
26;431989381;3780357;674003383
27;437605540;3805503;687554217
28;438134232;4062535;667815577
29;424060705;4197349;663692480
30;427992056;4412505;628513176
31;427769886;4415351;640296931
32;430338678;4618307;644032923
33;434276648;4875421;661495765
34;441392390;5079114;655768772
35;438822173;5119290;653238534
36;436641536;5031552;647848452
37;439107355;5466197;655380817
38;435738089;5414839;654374293
39;432420770;5473299;670809510
40;433552786;5730122;661568716
41;430473704;5787676;648988430
42;432090107;5800332;647470765
43;426533520;5910689;662480820
44;431573883;5779463;674689048
45;432758397;6270858;668988575
46;430532013;6181794;685990783
47;429834460;6139475;694121034
48;428372236;6336973;678704461
49;430054300;6620808;670929911
50;429380738;6664048;658090556
THREAD; REPETITION; AVERAGE; MIN; MAX (nanoseconds)
1;1;23257391064;1906280616;42533421985
1;2;23883894268;5115150599;44033496855
1;3;25685332297;367360446;56763306301
1;4;24099409619;4579638962;55845825238
1;5;21612580525;380680017;39661828109
1;6;26681259901;379717115;52616699678
1;7;24219159071;4480486975;55464299163
1;8;23182628621;6309893227;56014573081
1;9;24037278595;381523211;43464115412
1;10;26104269423;4566513622;56968951291
1;11;23993953031;7669654942;55111675995
1;12;23568158296;379533991;44363789741
1;13;22404859846;5090393122;42014537602
1;14;26799112305;6079674721;50103961955
1;15;23882495251;6745149243;57306193315
1;16;24553632130;379997248;56892914113
1;17;24056076318;379777388;43641338215
1;18;24390151374;4565241462;56312888160
1;19;22657852272;4931751312;41478681159
1;20;23942686189;5892057999;55528750512
1;21;23550054431;4369503875;42189190875
1;22;23117711293;4366686549;42472345229
1;23;21787642229;362730319;40665001627
1;24;24534454809;4454426959;56597602768
1;25;26065986261;377921495;56793257733


THREAD; REPETITION; AVERAGE; MIN; MAX (nanoseconds)
2;1;8926802583;624015273;35595354438
2;2;10149322110;622272663;43742230018
2;3;7056901916;206787385;28369133158
2;4;6891423968;827743051;30355922331
2;5;7249172449;210473189;25638859687
2;6;7636403483;186079446;35760437639
2;7;7699163019;187257389;28671388333
2;8;7303027460;1411792630;24593655967
2;9;9170898161;838552526;38015642282
2;10;6342256857;184277680;28203400991
2;11;9754192207;188914932;36925431514
2;12;7553063841;1446179962;39848000723
2;13;9802651690;205304934;41162317418
2;14;9281377856;197902387;39601868533
2;15;6376747276;309229176;26482118188
2;16;6691427702;193438272;21680298404
2;17;8427643502;210061264;38598746348
2;18;6923718734;607444312;22946040838
2;19;7025630418;1366380713;38799109873
2;20;6849708497;979295344;37464441501
2;21;7043894154;206056356;34806003137
2;22;9133530398;1595938240;35484677522
2;23;7383401841;208756070;36492153752
2;24;8805104465;1079886550;40833996849
2;25;6901313346;207770750;31036512601


THREAD; REPETITION; AVERAGE; MIN; MAX (nanoseconds)
3;1;894285632;2827733;1690733878
3;2;901564043;2818864;1879054461
3;3;882055272;2863772;1440468272
3;4;895108208;2880185;1468863919
3;5;876658778;2929283;1154956007
3;6;925113198;2869010;2038589262
3;7;903749962;2853295;1834367427
3;8;938913441;3014280;1714269411
3;9;909488739;2752934;1592805999
3;10;923872080;2984806;1997097536
3;11;920592077;2845613;2255665385
3;12;895032610;2882349;1688245084
3;13;888269957;2951981;1632447769
3;14;872772083;2733379;1459800198
3;15;919700847;3373264;1918214955
3;16;909291856;3008274;2037307674
3;17;889566173;2621353;1565280644
3;18;893368873;2909867;1011045538
3;19;936913182;3059677;1561438605
3;20;901755607;2909239;1952751747
3;21;897587680;2843658;1304996096
3;22;894156432;3001708;1641767250
3;23;905153335;2990254;1623789127
3;24;886877617;3048642;1137562525
3;25;907680361;2941576;1895008235


THREAD; REPETITION; AVERAGE; MIN; MAX (nanoseconds)
4;1;728281276;2730166;910068598
4;2;744121127;2776051;909435906
4;3;728138404;2819213;883010271
4;4;763902877;2639092;943599256
4;5;735533411;2628966;918434815
4;6;735699727;2461765;905696673
4;7;749015521;2516521;878306112
4;8;727080301;2460927;884234868
4;9;735506075;2602915;1170933526
4;10;740003973;2780800;903017073
4;11;745380023;2768298;897474329
4;12;742269754;2794140;896467986
4;13;728759433;2498921;920915019
4;14;725020209;2626521;997814387
4;15;728304603;2474896;894917022
4;16;733058944;2733867;891125478
4;17;744703059;2461207;932383865
4;18;723925995;2797003;873167749
4;19;727673002;2354489;935346392
4;20;725071008;2817118;988956976
4;21;735219971;2772978;937727350
4;22;728766170;2808458;892367396
4;23;753184436;2536216;938696608
4;24;721843149;2839537;975573362
4;25;736586120;2820889;890790589


THREAD; REPETITION; AVERAGE; MIN; MAX (nanoseconds)
5;1;679786836;2604032;821741520
5;2;686960508;2597327;811435182
5;3;689557297;2492286;892890437
5;4;685405207;2396673;864304192
5;5;688806045;2604312;815567202
5;6;685707853;2722902;827848582
5;7;693438170;2668915;820863406
5;8;696144536;2677226;919398904
5;9;696237794;2631480;909327024
5;10;681573848;2419441;799546171
5;11;608749685;2566388;810325055
5;12;696460936;2707537;888102329
5;13;682199232;2410222;833769236
5;14;679401561;2561778;817773139
5;15;681063156;2364896;789343897
5;16;686551822;2485861;818294015
5;17;693177263;2598026;832016918
5;18;694701960;2646217;836846513
5;19;690331874;2691752;801594755
5;20;685974701;2275848;806748762
5;21;591383555;2775213;788197173
5;22;698167269;2469867;923264619
5;23;693826920;2262718;928475477
5;24;680677413;2714451;800594209
5;25;688002474;2476851;817514238


THREAD; REPETITION; AVERAGE; MIN; MAX (nanoseconds)
6;1;507033946;2508908;758311741
6;2;501347104;2339962;681626715
6;3;521650660;2469867;818407507
6;4;542341939;2278851;773072974
6;5;524065473;2417625;745388590
6;6;518341603;2383194;872551190
6;7;529707520;2510445;773953393
6;8;535141120;2378235;720919279
6;9;528586505;2518407;735608925
6;10;515738447;2588597;770056739
6;11;518289819;2487258;812463037
6;12;517360517;2270750;795415339
6;13;528949520;2341080;802195041
6;14;527424973;2369785;818172771
6;15;518149771;2403867;729649229
6;16;512172414;2576096;725310409
6;17;531182313;2507093;806291861
6;18;533985920;2471823;754517893
6;19;524880237;2261461;742791333
6;20;505638104;2397861;690270970
6;21;511731782;2664026;681032925
6;22;518501086;2505696;834730601
6;23;572663368;2437041;752590622
6;24;542767801;2412248;759643893
6;25;508627535;2544597;785365040


THREAD; REPETITION; AVERAGE; MIN; MAX (nanoseconds)
7;1;560009181;2357283;768443685
7;2;591131275;2308534;807694762
7;3;576539528;2373905;730358956
7;4;571318141;2441022;712199106
7;5;576972011;2509607;702135886
7;6;578886517;2368806;723869305
7;7;588257011;2358819;734999909
7;8;579066544;2376978;766688783
7;9;585418308;2370693;755179988
7;10;566821589;2311956;747041593
7;11;572493034;2312864;734549014
7;12;571538727;2531397;800769511
7;13;574648946;2448006;711590649
7;14;552995060;2350927;687445053
7;15;574775710;2250565;827024733
7;16;582993253;2395416;783036741
7;17;573168259;2311258;819793787
7;18;561358497;2436203;751792756
7;19;537819247;2500248;677888321
7;20;563385992;2626591;699157994
7;21;585990414;2387384;770935342
7;22;590069149;2519315;716818758
7;23;566495166;2367340;706128502
7;24;568749048;2527905;847188539
7;25;577879040;2462883;725748733


THREAD; REPETITION; AVERAGE; MIN; MAX (nanoseconds)
8;1;501907794;2458064;722336918
8;2;484920957;2616463;777804582
8;3;453410129;2391785;693510418
8;4;441614116;2297079;687839446
8;5;468610982;2308743;744455651
8;6;479377231;2469867;755173633
8;7;466698932;2516590;756726693
8;8;449183867;2485442;697229605
8;9;450882603;2328438;762504871
8;10;456797005;2426495;690712646
8;11;468340728;2273962;718386694
8;12;456277126;2365873;692455815
8;13;444510140;2439696;737317522
8;14;464104958;2354419;672202193
8;15;483894652;2442769;790639872
8;16;473099231;2415600;652652153
8;17;454415207;2455689;654810458
8;18;451316641;2472451;870618962
8;19;460794500;2488584;699194241
8;20;479504436;2210686;725815223
8;21;468246301;2435644;780835274
8;22;459781035;2331791;669100961
8;23;507830346;2390876;736629306
8;24;459037660;2464140;691159212
8;25;491225054;2384241;722542530


THREAD; REPETITION; AVERAGE; MIN; MAX (nanoseconds)
9;1;478977110;2257759;630399814
9;2;515788611;2461416;685189598
9;3;487700232;2415670;703198870
9;4;494596398;2336401;749874565
9;5;479064212;2388711;641315517
9;6;504134838;2361054;662343119
9;7;524814242;2417905;712729551
9;8;490663626;2362312;652351067
9;9;493582489;2239251;794584647
9;10;480828730;2295474;677888740
9;11;478448325;2408057;635124576
9;12;507036598;2334864;696103346
9;13;504658888;2429429;706031563
9;14;479545556;2468121;639185846
9;15;494603641;2523156;691340031
9;16;506026790;2303086;723667813
9;17;505823861;2442070;662658802
9;18;497455599;2326064;734137858
9;19;545959260;2457645;738459637
9;20;548185398;2183937;717541406
9;21;555067548;2286045;677256886
9;22;566791766;2449263;675371171
9;23;567625671;2292330;702222629
9;24;543025058;2287930;702022604
9;25;494283391;2422096;661229919


THREAD; REPETITION; AVERAGE; MIN; MAX (nanoseconds)
10;1;511056285;2229264;651693790
10;2;535760795;2339054;771301520
10;3;515570854;2306229;720156333
10;4;509585127;2441093;659349652
10;5;490824730;2365524;640673675
10;6;470974116;2560940;653997226
10;7;521510805;2156839;732801166
10;8;498173336;2369296;727762886
10;9;481998548;2315238;656358350
10;10;491367932;2324876;695707276
10;11;511286552;2332350;845465834
10;12;515064015;2443327;678864982
10;13;519676719;2389480;675780720
10;14;502787861;2422934;683790468
10;15;513812394;2373696;691840792
10;16;526991039;2379213;648992610
10;17;513324134;2362661;718729615
10;18;480209830;2337867;632510068
10;19;492482649;2341988;671297889
10;20;510273825;2312375;752811321
10;21;516942506;2445982;775863972
10;22;501892782;2504648;659026147
10;23;513336765;2443397;667511025
10;24;503068129;2281714;646244634
10;25;527049206;2245607;757692249


THREAD; REPETITION; AVERAGE; MIN; MAX (nanoseconds)
11;1;401368796;2344432;770240073
11;2;404974047;2460718;595835853
11;3;407229304;2444025;594364647
11;4;424175024;2419791;616464034
11;5;410245452;2487677;725468181
11;6;411209525;2348553;821423324
11;7;405058836;2464490;605838033
11;8;431955852;2251753;682836646
11;9;414423331;2416578;775298048
11;10;401762911;2325994;743177066
11;11;432963822;2399048;749393010
11;12;425823282;2393391;610506642
11;13;406292062;2237714;668059907
11;14;439906195;2561359;698030196
11;15;460871978;2336540;654238597
11;16;423327437;2474058;655367582
11;17;419192626;2473080;604288883
11;18;408047931;2440184;620942536
11;19;403282330;2471054;690257281
11;20;441934296;2381029;667442231
11;21;426906304;2480832;627557343
11;22;426529109;2287860;621695914
11;23;418213617;2373765;686298398
11;24;411792689;2290026;617373716
11;25;455415404;2431036;748081460


THREAD; REPETITION; AVERAGE; MIN; MAX (nanoseconds)
12;1;409424709;2510515;660007696
12;2;395089282;2462115;634456753
12;3;389121544;2498293;643707580
12;4;412468149;2409943;834999910
12;5;410886954;2427543;688706526
12;6;403997895;2393181;654994349
12;7;411505813;2406172;655180757
12;8;399192248;2417626;671330365
12;9;403014481;2387943;610320795
12;10;394592591;2569880;591711726
12;11;421636960;2263416;705516274
12;12;386790751;2348343;675885832
12;13;403536452;2458762;731081115
12;14;412240135;2457924;670991704
12;15;403366675;2450032;623249393
12;16;428760021;2436762;603529359
12;17;400176626;2579518;684521915
12;18;405750593;2203842;623633870
12;19;406495048;2517639;736165072
12;20;435265149;2512400;738207091
12;21;412270775;2300013;665902719
12;22;395108097;2341918;586086640
12;23;402161610;2534401;718330054
12;24;419279580;2319708;694278044
12;25;417325462;2455131;653276185


THREAD; REPETITION; AVERAGE; MIN; MAX (nanoseconds)
13;1;462844693;2611715;622668035
13;2;439016658;2594115;694553847
13;3;448992295;2306578;778723693
13;4;459268377;2603263;639514240
13;5;462662797;2523505;658445137
13;6;437040106;2248121;654222324
13;7;443887898;2646565;767755119
13;8;457600709;2606826;656121379
13;9;477437755;2455479;662127728
13;10;447506840;2421187;648683422
13;11;436558664;2489772;639896062
13;12;434313893;2565550;673897311
13;13;467654433;2546343;666015234
13;14;474799850;2585035;652743924
13;15;463360245;2418045;652150133
13;16;429854929;2520083;675420899
13;17;437538989;2476921;721533253
13;18;466546896;2544387;650328673
13;19;452085531;2532863;643737681
13;20;423676566;2568693;701478749
13;21;441457417;2437531;728987902
13;22;448047916;2321175;649203740
13;23;468752664;2341079;708837645
13;24;458086138;2568693;647162768
13;25;416449762;2461207;631361318


THREAD; REPETITION; AVERAGE; MIN; MAX (nanoseconds)
14;1;431020517;2557587;655792845
14;2;457361411;2654038;724804898
14;3;463704849;2322711;715350624
14;4;469781280;2646984;730988016
14;5;455036687;2458972;754257943
14;6;457156107;2571067;665400910
14;7;489591956;2617651;705153938
14;8;481635782;2572394;682002251
14;9;455597267;2153905;649261987
14;10;440446858;2407848;715776656
14;11;454118479;2533772;908736026
14;12;457909581;2589994;663574770
14;13;454886082;2663606;637804316
14;14;428426762;2593417;645049091
14;15;439925323;2446400;855434839
14;16;446651467;2526858;644121669
14;17;478655470;2742667;685151186
14;18;472945470;2451010;657809163
14;19;418064548;2482578;593913542
14;20;436975403;2605289;670338549
14;21;455269106;2699226;628158536
14;22;464467841;2555842;663240091
14;23;444114175;2370343;649098559
14;24;444361030;2632038;785385433
14;25;444890617;2648381;699802349


THREAD; REPETITION; AVERAGE; MIN; MAX (nanoseconds)
15;1;457138625;2726185;667211684
15;2;452321714;2712495;680924880
15;3;435035211;2617511;641816767
15;4;432066682;2443677;819896384
15;5;431045147;2691334;707326071
15;6;461095220;2649918;729340252
15;7;464407659;2373766;665170713
15;8;425399599;2676807;654667283
15;9;443827384;2484813;673470790
15;10;426226707;2696292;597749505
15;11;456918995;2695385;654139423
15;12;435928985;2463721;618436142
15;13;418364346;2515124;671970739
15;14;426735541;2457295;739467446
15;15;445212284;2669054;650534705
15;16;450285490;2838280;642086076
15;17;450003886;2603474;647741682
15;18;422468513;2576585;810189284
15;19;426609743;2486280;640647903
15;20;450714691;2694407;684130594
15;21;455637991;2668705;654186426
15;22;454858844;2615416;640937535
15;23;423673838;2685328;673912816
15;24;433250969;2706559;675767661
15;25;466170418;2603613;638254862


THREAD; REPETITION; AVERAGE; MIN; MAX (nanoseconds)
16;1;459948807;2472102;663008497
16;2;438393747;2628546;693599256
16;3;429521667;2652223;785913503
16;4;445022114;2494730;719928161
16;5;457692034;2725626;667191570
16;6;459443451;2670522;674317825
16;7;459146033;2819073;621306339
16;8;462762622;2622261;747464133
16;9;465899057;2756007;716755691
16;10;459342872;2612902;669131482
16;11;440190894;2758730;695213637
16;12;427451124;2639511;665690053
16;13;440820326;2679460;716466897
16;14;456964009;2920623;714809913
16;15;468162770;2811181;704466070
16;16;453355255;2662978;644056577
16;17;434878673;2674432;661111887
16;18;447088256;2713124;733705331
16;19;464383600;2706140;795175434
16;20;459386147;2910356;636426417
16;21;465818599;2892826;635288703
16;22;441163548;2477060;653416216
16;23;464233502;2801962;720371584
16;24;475925013;2729257;698632438
16;25;461882131;2560311;669009539


THREAD; REPETITION; AVERAGE; MIN; MAX (nanoseconds)
17;1;459223894;2913080;646277041
17;2;447068807;2931308;637705421
17;3;456449165;2788273;664688809
17;4;486352645;2946743;683246963
17;5;469818749;2690076;644900678
17;6;448265781;2787156;658292115
17;7;447867422;3012674;598663797
17;8;474823361;2897854;845973999
17;9;492604940;2968952;778422816
17;10;469190838;2885772;708187493
17;11;452762370;2878997;596855676
17;12;460219014;2962737;718331171
17;13;471415209;2877391;697598648
17;14;462895922;2790578;665229449
17;15;451812090;2536844;654152623
17;16;464945593;2727022;646127580
17;17;476323735;2975867;752408198
17;18;481403168;2434806;700842356
17;19;459040601;2488864;701643156
17;20;443478823;2795886;809640541
17;21;471233952;2887029;698326114
17;22;486588351;2783454;637078456
17;23;477926569;2809016;650519060
17;24;466717699;3020007;601495651
17;25;449266687;2926699;585736036


THREAD; REPETITION; AVERAGE; MIN; MAX (nanoseconds)
18;1;456850720;2965600;653885200
18;2;469756601;2950166;694744863
18;3;458150806;3067499;644626901
18;4;471612670;2674153;641083713
18;5;458816110;3207740;694000634
18;6;463669207;3066102;684942360
18;7;472362136;2905048;700551327
18;8;471212843;2970768;682291394
18;9;449443179;2589086;593637459
18;10;453738587;3022661;706009353
18;11;476265448;2926140;778038899
18;12;471416042;2849315;684248626
18;13;468547211;2733099;629408766
18;14;448147484;2598235;627923381
18;15;457093466;3104864;680193084
18;16;475032526;2945067;689260228
18;17;473764497;2655156;632375553
18;18;463147721;2860000;670004638
18;19;456120562;2714940;617477571
18;20;473853244;2972934;775881362
18;21;489801145;2913778;661977430
18;22;477277851;2774096;643249282
18;23;456667573;2830248;673473235
18;24;455713963;2525740;701773969
18;25;457424865;2995842;713420840


THREAD; REPETITION; AVERAGE; MIN; MAX (nanoseconds)
19;1;496204817;3020915;670715552
19;2;490002867;3045150;729008994
19;3;474232775;2740153;630221788
19;4;465544023;3084540;590804836
19;5;484809204;3169816;716363672
19;6;496783202;3127283;689768742
19;7;475576432;3338344;681503445
19;8;474499734;2918108;694644710
19;9;461233087;3206832;738580881
19;10;491133443;3275695;794859962
19;11;492044938;3201873;646386831
19;12;475913077;3336388;713574701
19;13;469619028;3154242;681881846
19;14;465554584;2832622;730551718
19;15;486259455;3086775;677377851
19;16;485510496;3007296;647492279
19;17;471677849;2930959;674430759
19;18;454149294;2717524;823504803
19;19;470659951;3156616;712252814
19;20;472710118;3178965;683622848
19;21;463227295;2623518;626373673
19;22;458150672;2759219;714675119
19;23;459493492;2933823;779611724
19;24;457789406;2707049;820760599
19;25;472871752;2900648;651359042


THREAD; REPETITION; AVERAGE; MIN; MAX (nanoseconds)
20;1;474333960;2731213;648423962
20;2;447781915;2940737;638704570
20;3;440848184;2971955;750398305
20;4;466923009;3077626;675050600
20;5;477451949;2990534;745897664
20;6;460494224;3280375;669256567
20;7;442549517;3129797;638359624
20;8;460998649;3228203;713517850
20;9;470061185;3373124;712214751
20;10;476810128;3069384;645483714
20;11;462187470;3418172;678142823
20;12;453252893;2974610;813872922
20;13;459668092;3259353;808573436
20;14;474222781;2926489;685356030
20;15;468462649;3176172;630693147
20;16;458279210;3057791;680780868
20;17;467539552;3211721;696728774
20;18;465517094;3046756;794825739
20;19;473895495;3083284;625947642
20;20;463325440;2907771;678319730
20;21;455874348;3054858;665579494
20;22;467420724;3128750;743790901
20;23;471775327;3189372;702404286
20;24;489925783;3233721;741158583
20;25;470380757;3196635;651022407


THREAD; REPETITION; AVERAGE; MIN; MAX (nanoseconds)
21;1;434915738;2966089;699331968
21;2;432232956;2899461;568118015
21;3;456292386;2786527;754698293
21;4;464124684;3317182;675270879
21;5;458368695;3461264;652489213
21;6;434315059;3485150;610163094
21;7;439970857;3374731;739698970
21;8;450610413;3277791;645023530
21;9;455331058;3397429;692173726
21;10;444159713;2853017;634921826
21;11;426467434;3219963;684130315
21;12;444780704;2985715;637726443
21;13;474601441;3208438;741580774
21;14;472305961;3492763;657898979
21;15;439774779;3245245;609030058
21;16;439780030;3233721;735844570
21;17;434995771;3123442;626661629
21;18;464113778;3302934;641530697
21;19;464831225;3407906;697269066
21;20;456752786;3026781;628654201
21;21;443175351;2948908;669561494
21;22;457176100;3536344;796633860
21;23;470307623;3341626;721649120
21;24;469823637;3249016;722511381
21;25;445136666;3316204;680466512


THREAD; REPETITION; AVERAGE; MIN; MAX (nanoseconds)
22;1;428622142;2990045;723239407
22;2;447020766;3438566;671090809
22;3;462979051;3305588;693879180
22;4;457659373;3083842;642166603
22;5;433047843;3644248;652259016
22;6;423743477;3456096;632081731
22;7;457098891;3071061;627491344
22;8;467004714;3346934;710277423
22;9;453311394;3411328;677378200
22;10;426833459;3294064;551424971
22;11;415614243;3357689;608024413
22;12;458019335;3643410;673966594
22;13;456487535;3491086;656158674
22;14;425021848;3560578;622819940
22;15;424190262;3408953;760058262
22;16;423555176;3354756;810195710
22;17;460441610;3571613;658612407
22;18;444307032;3361810;642015466
22;19;449700076;3574546;690976995
22;20;424123095;3585861;633377287
22;21;447593095;3527124;676056455
22;22;454982973;3263474;678599794
22;23;457858992;3242452;622911711
22;24;424722268;3463987;654830642
22;25;441299536;3260191;758754535


THREAD; REPETITION; AVERAGE; MIN; MAX (nanoseconds)
23;1;440491316;3022102;660713163
23;2;466552925;3211371;695387612
23;3;430646702;3526705;654613505
23;4;405321531;3375150;544766654
23;5;407684631;3389747;547385282
23;6;435073591;3476349;884024017
23;7;450320349;3612191;635118919
23;8;432862111;3085867;643982964
23;9;427950986;3112966;675849584
23;10;439988918;3468947;696979644
23;11;448315370;3452743;637670849
23;12;419522219;2962667;690922868
23;13;414273590;3467340;667732910
23;14;420601504;3372565;661696738
23;15;437933798;3272623;626856975
23;16;446625895;3623296;646045307
23;17;448182650;3650395;637233643
23;18;415557028;3400222;545357441
23;19;422682236;3249575;703374940
23;20;436866579;3073435;628478270
23;21;446338844;3033835;700672921
23;22;424859481;3236375;629162296
23;23;424911853;3321302;634844303
23;24;419260539;3704312;579884315
23;25;451171897;3572451;680948277


THREAD; REPETITION; AVERAGE; MIN; MAX (nanoseconds)
24;1;438151730;3512946;665561405
24;2;423576070;3028527;657523582
24;3;421329859;3853074;674796587
24;4;433015818;3845111;770514339
24;5;464860634;3596477;662566821
24;6;434740888;3528800;642420475
24;7;407855234;3584883;574411272
24;8;413997936;3723727;762577716
24;9;425110695;3463429;757899816
24;10;448353681;3532432;654914172
24;11;438749684;3076229;632939312
24;12;403055439;3456515;779634911
24;13;431517613;3592286;648995054
24;14;444040299;3294273;752123524
24;15;447332401;3546401;669935844
24;16;435536053;3428438;671593457
24;17;410341211;3407276;769600256
24;18;424302432;3687200;737438837
24;19;443757436;3132382;672841521
24;20;428935198;3455677;619793508
24;21;413388808;3190978;662084496
24;22;414575906;3214934;685630785
24;23;419447951;3564559;591545783
24;24;435518384;3811797;645336558
24;25;438638549;3428019;709247753


THREAD; REPETITION; AVERAGE; MIN; MAX (nanoseconds)
25;1;426975568;3372147;664640897
25;2;414370428;3580413;600702393
25;3;419458160;3677003;654091791
25;4;442871978;3853841;672221540
25;5;447426044;4070978;615698363
25;6;425764450;3485917;694821339
25;7;413225235;3697118;571292791
25;8;448582095;3671347;690710482
25;9;432036829;3750687;664416567
25;10;425471259;3688527;594677885
25;11;408999261;2838070;646010805
25;12;438138606;3484521;758040756
25;13;442148053;3456515;643425631
25;14;442788898;3607162;630359236
25;15;409852470;3731341;659229874
25;16;424029213;3736509;779952200
25;17;450456480;3791823;837066443
25;18;436401891;3588096;659609042
25;19;435106351;3483683;633976804
25;20;416329157;3753130;770633977
25;21;433191907;3514064;849132502
25;22;440630229;3738813;636531808
25;23;429101149;3997784;642458399
25;24;424760406;3358387;627283915
25;25;412691628;3862642;760807030


THREAD; REPETITION; AVERAGE; MIN; MAX (nanoseconds)
26;1;428086014;3913696;682820652
26;2;453899623;3831213;650051892
26;3;447813366;3502330;650809251
26;4;416017366;3989403;599325473
26;5;414660405;3733994;685693154
26;6;449123761;3539207;678183051
26;7;449722591;4154858;659515036
26;8;433855388;3922845;626209965
26;9;406446917;3363836;738382742
26;10;428294261;3356851;716952504
26;11;428990806;3047175;770929546
26;12;437819881;3893791;625592219
26;13;431243049;3436609;642625320
26;14;416420188;3857822;640334526
26;15;426715033;3752292;648457276
26;16;442611984;3826953;622388181
26;17;443533157;3940026;651777321
26;18;424613034;4072934;629037141
26;19;417123656;3731340;753111569
26;20;433672525;3980254;782007001
26;21;460068276;4039200;730378163
26;22;430619117;4075517;647378228
26;23;423647758;3873118;647180229
26;24;422838164;3889671;723473793
26;25;431898215;3784001;647470349


THREAD; REPETITION; AVERAGE; MIN; MAX (nanoseconds)
27;1;459801920;3023708;644609371
27;2;441039857;3434165;645892006
27;3;416452041;3749709;588855148
27;4;420165931;4097797;673593152
27;5;440891060;3508197;720008409
27;6;449127234;4038851;637499599
27;7;441060636;3089220;626789159
27;8;417644940;3927804;639299129
27;9;433746731;3999041;648268914
27;10;454865597;4027118;1215735240
27;11;451762393;4118750;695771809
27;12;428025355;3036768;629350099
27;13;421014752;2820959;722483723
27;14;433750473;3960070;712894447
27;15;448819292;3896165;732265134
27;16;440864696;4258153;636535789
27;17;423627845;3600388;609566229
27;18;426396021;4006724;696701466
27;19;423992704;4254521;663453456
27;20;457154685;4135791;643167288
27;21;447990504;3990032;650356889
27;22;433271875;3988636;657921956
27;23;424866304;3998972;733491827
27;24;445745737;4225817;733712245
27;25;458059922;3950223;630632943


THREAD; REPETITION; AVERAGE; MIN; MAX (nanoseconds)
28;1;447464879;2765994;660322052
28;2;421237352;4215689;716666224
28;3;424416446;4337283;681138035
28;4;454238151;4202978;638630049
28;5;456098988;4330438;713215786
28;6;440100236;4023836;623165864
28;7;421251591;4450635;704456642
28;8;416818137;4044998;564869348
28;9;454413005;4174413;642438704
28;10;451678907;4147245;669782542
28;11;435925623;4196483;656954515
28;12;425082179;4136350;740123186
28;13;428591219;3941912;633968913
28;14;456063689;4418928;651791010
28;15;445213048;4041296;627444339
28;16;420301652;4098775;631727426
28;17;439621983;2962248;684989224
28;18;430575053;3933880;693069510
28;19;462164919;3548425;628250517
28;20;453587903;4301664;628934543
28;21;419979809;4268070;626137819
28;22;431083572;4303480;719208936
28;23;447462731;4067067;800580870
28;24;444612035;4377232;644075015
28;25;425372712;4274076;713448357


THREAD; REPETITION; AVERAGE; MIN; MAX (nanoseconds)
29;1;422703657;4416204;715451824
29;2;433384441;4419835;844678933
29;3;452253254;4771625;644477301
29;4;416279602;4236712;575932136
29;5;419054632;4525296;559508890
29;6;424215443;3625880;636178272
29;7;412354187;3674909;830449052
29;8;429255223;3939118;747312019
29;9;428013292;4422211;774728282
29;10;416536683;3482566;607934458
29;11;415381521;4308648;534031839
29;12;416487873;4501201;635567858
29;13;426071959;4211011;787712334
29;14;419318566;4566572;545971486
29;15;425101691;3017144;648850622
29;16;417313063;4253543;561783271
29;17;413359426;4309067;549599041
29;18;427647334;4659670;741795117
29;19;422053222;4241182;593307459
29;20;419131044;4362565;568609488
29;21;420473680;4167010;640033440
29;22;427326388;3987378;838076418
29;23;423523845;4293423;593628031
29;24;443058764;4239366;628361985
29;25;431218840;4301594;788332456


THREAD; REPETITION; AVERAGE; MIN; MAX (nanoseconds)
30;1;424921286;4495543;704489956
30;2;436974111;4409010;659748306
30;3;422279358;4132858;553844833
30;4;419351572;4621886;538502658
30;5;432875793;4460483;847257962
30;6;433495975;2684629;604004000
30;7;434950997;4737753;559767442
30;8;427102725;4267163;616369608
30;9;425040210;4490515;552211035
30;10;413713195;4494217;639879720
30;11;431035270;4711842;587061065
30;12;441332283;4789366;658093976
30;13;416669387;4833575;617370783
30;14;419822513;4509093;681760461
30;15;427627622;4596744;552064858
30;16;439660104;4735239;591599701
30;17;423608874;4754864;623016612
30;18;421110737;4754724;559419423
30;19;427807364;4564127;580645795
30;20;437287751;4886096;637987649
30;21;423756593;4680274;622781108
30;22;426754670;3582509;602805594
30;23;426626145;4315493;793376742
30;24;426374811;4695289;590231510
30;25;439622058;3109333;738538627


THREAD; REPETITION; AVERAGE; MIN; MAX (nanoseconds)
31;1;426830951;4636064;582526341
31;2;425773487;2834718;576735870
31;3;428937278;4813950;741716894
31;4;434392666;2979080;728757216
31;5;435399028;3954692;573674028
31;6;428838905;4765969;654496940
31;7;422273432;5012369;584955071
31;8;424061592;5296483;705523677
31;9;433539540;4038293;715415366
31;10;422943982;5108401;592218355
31;11;413087668;5096527;529734436
31;12;425181448;4064134;743503783
31;13;430292692;2778705;756612293
31;14;434236856;4450356;590136247
31;15;414795844;2964483;527543026
31;16;415603189;4710096;583992100
31;17;424515698;4767226;686921592
31;18;435903046;4743131;560343564
31;19;432091638;5270153;618999761
31;20;423133270;4625518;576888543
31;21;431294617;4876458;823542797
31;22;431740238;4928141;658384096
31;23;431192995;4315004;606255963
31;24;440805139;4679785;564491227
31;25;427381953;4674058;724054105


THREAD; REPETITION; AVERAGE; MIN; MAX (nanoseconds)
32;1;433326637;5397195;718439703
32;2;439282802;2776540;595347942
32;3;435453880;3090756;581094594
32;4;418993395;3809003;544420939
32;5;423858146;4194737;730806848
32;6;435243117;5291525;730564779
32;7;449579815;5379246;578886423
32;8;429069185;4912496;582118677
32;9;420614472;5284611;595502990
32;10;426629836;4778680;652816698
32;11;435467589;5464521;709115405
32;12;440751760;2463791;573700638
32;13;419136997;4286159;550328883
32;14;426093446;5157778;608077842
32;15;438947647;5406484;713710192
32;16;425027175;4517962;519733584
32;17;420433808;2594394;649429117
32;18;428259340;5050572;744399567
32;19;422656276;5146464;725111781
32;20;428431564;5425410;564528103
32;21;422036633;5137385;575281844
32;22;421131110;4951188;588568380
32;23;440265783;5380293;776624054
32;24;442335219;4679715;719978168
32;25;435441341;4880789;772235927


THREAD; REPETITION; AVERAGE; MIN; MAX (nanoseconds)
33;1;427016863;5547912;536072462
33;2;421431095;4953772;715857252
33;3;445396902;5338318;812979932
33;4;442596881;3701030;590288221
33;5;438217190;5397054;608708299
33;6;431261073;5079277;740358272
33;7;434042600;3308171;795182559
33;8;453323808;5527938;597843091
33;9;440247710;4347201;616651487
33;10;425106877;5189696;592962723
33;11;436677513;5203036;775196429
33;12;447222258;5294737;774676669
33;13;445087249;5589258;581528239
33;14;438423444;5534852;606063690
33;15;420205380;5525004;704286299
33;16;424615956;5249061;628100499
33;17;442325394;2624705;586676379
33;18;431037950;4785944;553643480
33;19;423402306;2583220;638973948
33;20;428691667;5342928;773675635
33;21;437023335;5094642;715006796
33;22;442533481;5197099;582810106
33;23;437300803;5261004;652820959
33;24;413688003;4860115;664972294
33;25;430040483;5349563;692058418


THREAD; REPETITION; AVERAGE; MIN; MAX (nanoseconds)
34;1;451618005;5620268;712261545
34;2;445716575;5487289;631346372
34;3;421816128;4736705;635775008
34;4;424242438;5446991;776297895
34;5;446506818;5463334;655589258
34;6;446614706;5528287;614410421
34;7;447272375;3894909;689896132
34;8;429319485;4068115;646851206
34;9;420924268;5431766;631168068
34;10;439300785;3523981;738466062
34;11;448168169;5771544;583674182
34;12;446453233;4670287;616487570
34;13;421500577;5130051;596845060
34;14;456970079;4730350;747604793
34;15;440323986;5480724;628608943
34;16;457834574;5524026;625244410
34;17;440251327;4343150;627420664
34;18;439507212;4166871;675244270
34;19;441953877;5688362;734695750
34;20;446931305;5520254;629148397
34;21;444338763;5388045;623723685
34;22;437533267;5579550;624596282
34;23;423965485;5490502;566985259
34;24;461987882;5187601;725998137
34;25;453758446;5104908;655879937


THREAD; REPETITION; AVERAGE; MIN; MAX (nanoseconds)
35;1;427848195;5723493;596419587
35;2;425323900;5183480;786987452
35;3;440149914;5116013;715623774
35;4;461998901;5850045;617645678
35;5;455000957;2956800;601530572
35;6;430446976;5709105;594835167
35;7;439533895;5616008;671088853
35;8;447216446;6102801;750129696
35;9;449565502;2583569;584083662
35;10;434466196;3692858;658523010
35;11;410653042;4629918;635654113
35;12;442584231;5436794;751636801
35;13;459502694;5856611;644408159
35;14;446456114;5845226;630303502
35;15;433161547;5504400;632698499
35;16;428017854;5832026;588638360
35;17;439095740;5709175;715665679
35;18;451905920;6083874;701548312
35;19;435904592;5156801;617399767
35;20;415049627;3522655;536854615
35;21;432065804;2989836;744846761
35;22;435251527;5977646;750990280
35;23;461979021;5482471;621090041
35;24;447978486;5630115;606535677
35;25;419397256;5790541;575825349


THREAD; REPETITION; AVERAGE; MIN; MAX (nanoseconds)
36;1;430614732;5703379;692440729
36;2;450194621;5900401;643704856
36;3;459187542;5757715;702307765
36;4;421853149;5641359;827941331
36;5;434832388;5839499;693245650
36;6;442126971;3959931;641760406
36;7;437025522;3170654;602979010
36;8;424827238;2780382;610555322
36;9;426383239;5846622;664978370
36;10;433562469;5788515;608670586
36;11;453468602;3434374;665428218
36;12;442329220;5772661;616676072
36;13;410319671;5232299;619240643
36;14;426508386;5098204;663107252
36;15;447373555;5906686;681713109
36;16;437909620;6119563;611599449
36;17;426514714;5548610;592590748
36;18;423337907;5647087;661133957
36;19;429095066;4461112;598484514
36;20;454588503;5977227;620846225
36;21;451515177;5410045;634670677
36;22;418523545;3289105;537604151
36;23;436188704;4411455;711693525
36;24;447905688;5190744;631218563
36;25;449852173;3901194;661620192


THREAD; REPETITION; AVERAGE; MIN; MAX (nanoseconds)
37;1;444777675;5732083;621630263
37;2;416984574;5359899;703973759
37;3;441552030;5416471;619207120
37;4;460057357;6170547;634302684
37;5;438220474;5615309;679541045
37;6;426306723;5984420;674951565
37;7;424794101;6029957;640232557
37;8;446035055;6145893;692839803
37;9;451161028;6031423;627266315
37;10;450827899;2298756;606752534
37;11;425254041;5928756;660411729
37;12;433105398;5545397;765987925
37;13;460377487;6017594;812943335
37;14;437358281;5697721;634708391
37;15;448203683;5866178;598610927
37;16;424367586;6000693;682039058
37;17;450497348;5974921;785487541
37;18;456554622;6342356;618870974
37;19;431977750;3081817;621461666
37;20;415425482;5913950;574491171
37;21;433645744;5953131;626869058
37;22;453127339;5861919;672607133
37;23;454257910;5781740;617334815
37;24;437840832;3097600;631083489
37;25;414973463;4806407;580915591


THREAD; REPETITION; AVERAGE; MIN; MAX (nanoseconds)
38;1;433129512;6241227;627160785
38;2;461254965;4405657;615432618
38;3;433741115;5787537;585178913
38;4;421011462;3933251;619213616
38;5;425148800;5940420;699769245
38;6;442104019;5847740;794024520
38;7;446908740;6345359;600070261
38;8;451931289;4662953;633362900
38;9;407206605;5732363;584978328
38;10;427426013;5820922;638845021
38;11;453322528;6110553;677254791
38;12;450951247;5485264;632845864
38;13;424664361;6300242;641227236
38;14;417571133;5846972;680828360
38;15;429068961;5918700;732579629
38;16;449282254;6435176;647150126
38;17;430762333;5632560;597579371
38;18;421835584;6071232;724984181
38;19;434072088;5901379;792427529
38;20;451184343;6485811;620735317
38;21;440063726;3954972;601264127
38;22;428273245;2358051;638745916
38;23;421694467;6086388;659431576
38;24;442738329;5520604;698440304
38;25;448105111;2545645;615826802


THREAD; REPETITION; AVERAGE; MIN; MAX (nanoseconds)
39;1;442341215;2947442;647777720
39;2;420736712;6128921;667042180
39;3;416638839;6022553;730492004
39;4;445848739;6243880;720917882
39;5;445032511;5736344;634368125
39;6;426251053;6305061;588341815
39;7;414309973;5715182;693416551
39;8;425206822;5940070;725731343
39;9;455224861;5536598;668361761
39;10;439371901;4167359;605388883
39;11;400487254;3048571;550054685
39;12;418791065;5709874;659761576
39;13;448683339;6670680;735459395
39;14;446359191;4546877;625482219
39;15;426610912;5495182;592882126
39;16;422136074;6493842;906500617
39;17;423641333;6065017;635744557
39;18;447304585;6183468;616523609
39;19;447551513;6179138;630010518
39;20;421283216;4119029;605705404
39;21;418029285;5621036;823149521
39;22;437601717;3660242;752394927
39;23;460961154;6405423;702770325
39;24;446186841;5885665;624719064
39;25;413929149;6005024;627240962


THREAD; REPETITION; AVERAGE; MIN; MAX (nanoseconds)
40;1;419284700;6362541;586561420
40;2;450840821;6543080;640867066
40;3;438551247;3987448;691454012
40;4;429244904;5916395;585037554
40;5;423729279;6111531;772075571
40;6;433696471;6595322;704321778
40;7;460213666;6685696;761970934
40;8;436083136;6695334;634492583
40;9;417842243;5926591;649844254
40;10;434571123;6669283;701752388
40;11;442713541;6075912;658686439
40;12;454166919;6410452;674539572
40;13;410662355;6312744;543121961
40;14;423141500;5531849;698171206
40;15;428831165;6403537;584554182
40;16;446748551;3656051;616129913
40;17;429025280;6207982;633437560
40;18;415705092;6515772;644755478
40;19;432045678;5523957;809315430
40;20;455958492;3033765;701188489
40;21;433026725;4898737;604801449
40;22;409827410;2827035;606164819
40;23;419321809;5706312;735739039
40;24;440517855;6010890;643757865
40;25;453069707;6644839;656476940


THREAD; REPETITION; AVERAGE; MIN; MAX (nanoseconds)
41;1;423259095;6236826;621365565
41;2;408635897;3149772;615643049
41;3;428259935;6862884;741684558
41;4;449868974;6665163;601020102
41;5;443379828;6851708;625547171
41;6;422840351;6271188;619884371
41;7;412463502;6626471;576522854
41;8;426629726;6002439;647072183
41;9;450440712;3089080;619127431
41;10;442821686;6463601;655626833
41;11;414278459;5927569;637616792
41;12;418839299;6715797;692766259
41;13;432800434;6126547;716710993
41;14;445311616;6347874;590745822
41;15;438434173;3152426;602561359
41;16;412904490;6081220;623141768
41;17;432271603;6107900;684445719
41;18;455191176;4289861;644700863
41;19;432970254;6464578;637219395
41;20;413100673;5874629;733578849
41;21;424625806;6013474;752295962
41;22;450212082;6163563;762507246
41;23;439646812;6097562;613171296
41;24;426215199;4734121;592971173
41;25;416440818;6375670;616783139


THREAD; REPETITION; AVERAGE; MIN; MAX (nanoseconds)
42;1;419621049;5718115;647251327
42;2;451652743;6258058;610408096
42;3;444290820;3833797;589205961
42;4;408371088;6282782;610039684
42;5;424517227;6158255;675710949
42;6;439469482;4734890;739848360
42;7;441380182;4478433;620734269
42;8;425863441;6349690;631871369
42;9;410001893;6592598;645969599
42;10;426547858;6036033;705112940
42;11;449799953;6649658;646039511
42;12;440337101;6062013;632813668
42;13;412726525;6452007;550664679
42;14;418480717;3359924;664809424
42;15;442592169;6408008;652601937
42;16;446393041;7144623;646081625
42;17;442854549;3629442;621982123
42;18;409261356;6846889;674768651
42;19;428450194;6563754;696248685
42;20;446533501;3552966;682785313
42;21;446597956;6075912;591106761
42;22;414428985;6425188;556102033
42;23;420303887;5956902;774645730
42;24;447319890;6188426;743401465
42;25;444457076;7249944;576564969


THREAD; REPETITION; AVERAGE; MIN; MAX (nanoseconds)
43;1;418724597;6698826;649773854
43;2;407979721;6873778;779120531
43;3;431297567;3028248;790952831
43;4;446751241;6921480;622955781
43;5;432127704;2313493;614446669
43;6;419106791;6257708;660356065
43;7;412538341;5620896;713462326
43;8;433159793;3485499;638279865
43;9;439258105;5972058;641685745
43;10;421954899;4491702;637965929
43;11;421783257;6031004;822457812
43;12;429735836;6925671;744178659
43;13;447798693;6957868;689176139
43;14;431530800;6663487;596926564
43;15;411538061;6723480;620474669
43;16;408646945;6706020;533916601
43;17;429748819;6277194;735817471
43;18;441046168;3175194;615593952
43;19;424984762;6270489;604148222
43;20;405867754;6623048;584861972
43;21;422146198;7074921;684682271
43;22;460827866;6936845;691181631
43;23;428803094;7054388;566525076
43;24;422582426;6309950;576074822
43;25;413398575;6373994;747005066


THREAD; REPETITION; AVERAGE; MIN; MAX (nanoseconds)
44;1;429300960;6722852;594533034
44;2;442157536;2716057;615616789
44;3;430995527;6406191;664848186
44;4;413421341;6899131;791538030
44;5;426300324;6932096;642415936
44;6;444959910;4887423;781303280
44;7;445905848;5920725;648356285
44;8;428504503;6850941;635540760
44;9;414204547;6483157;745645746
44;10;428717517;5902985;739190107
44;11;434743104;5761487;598306489
44;12;445615519;3021823;593180069
44;13;406493212;2830039;559221633
44;14;413915375;4787620;662582046
44;15;441998501;3361740;862925036
44;16;445931729;7005150;617719920
44;17;425388514;6623607;616530243
44;18;425398407;6874687;672715806
44;19;423152509;6595252;656991112
44;20;444398103;7234090;768404016
44;21;454382373;6535327;621261781
44;22;422195729;6884464;623515000
44;23;418076384;6964642;679382575
44;24;434255182;3904337;833129979
44;25;448934429;6380769;642372355


THREAD; REPETITION; AVERAGE; MIN; MAX (nanoseconds)
45;1;439166386;4578515;587627059
45;2;412779874;7078484;771983101
45;3;429046874;5623341;631763604
45;4;445630939;6694845;653228204
45;5;434366462;6991880;596084069
45;6;425973228;6484763;586256423
45;7;423649748;6686464;593882532
45;8;440484102;6984128;668387602
45;9;454310843;3297766;665113234
45;10;417909678;7394725;575333038
45;11;415575213;7242051;883778944
45;12;446411518;6887467;756833131
45;13;440215145;6748902;617832993
45;14;435941812;4621607;621556161
45;15;415210166;6440204;775872702
45;16;428401346;6447956;808252305
45;17;451679408;7161734;678711261
45;18;437854024;7105093;608679944
45;19;422603199;6957658;700503695
45;20;431667169;5817709;717941875
45;21;457203909;7229899;667202884
45;22;446228476;7467220;620055063
45;23;413568863;3374242;580818303
45;24;415801462;3950572;677932879
45;25;437280083;7504236;679083375


THREAD; REPETITION; AVERAGE; MIN; MAX (nanoseconds)
46;1;445707652;3274159;630794137
46;2;438828236;7093988;597877244
46;3;428012768;6596998;970229596
46;4;424795351;6874896;676122593
46;5;437525562;5881474;632556233
46;6;427650738;6913309;574285000
46;7;411075836;6994813;587821707
46;8;428181323;5468502;869417482
46;9;446950411;3321581;744866177
46;10;456311685;6776769;613379424
46;11;417187195;5849836;574033781
46;12;411711349;6604820;610947621
46;13;453448637;4670077;925781419
46;14;436115072;7372934;608304477
46;15;417132809;7403804;658634687
46;16;417357035;6744083;682363401
46;17;442305403;6715658;878669705
46;18;432143610;6748205;600839562
46;19;436851658;7075690;584711883
46;20;412343032;7153143;811396350
46;21;424782597;7522744;806993557
46;22;433789128;6488045;630983966
46;23;438299714;6226909;624201749
46;24;427232781;2730724;603749010
46;25;417560755;6041690;650808832


THREAD; REPETITION; AVERAGE; MIN; MAX (nanoseconds)
47;1;444681459;6016128;720776383
47;2;447037543;4837976;609117010
47;3;427265675;3137620;596292964
47;4;413696372;7037696;785504163
47;5;430154556;7267963;746174654
47;6;431667477;7091893;594524723
47;7;439888154;7333264;632203255
47;8;402876398;6769226;563027913
47;9;424176973;6894242;755949360
47;10;430975639;7424197;761440071
47;11;440411382;7486147;594107840
47;12;418733040;5109658;626361800
47;13;422391585;7038045;615084319
47;14;437555452;6679480;965013710
47;15;444599532;7633791;627209813
47;16;418154739;6352972;598070565
47;17;404174009;6805124;517853246
47;18;427421278;3046756;1409902376
47;19;439175723;2768927;635934106
47;20;437312085;7316503;621971158
47;21;427194152;6936008;674527629
47;22;419237627;6969182;768920561
47;23;423950249;5915766;703648438
47;24;443433009;5856890;612045595
47;25;449697404;3761442;617364218


THREAD; REPETITION; AVERAGE; MIN; MAX (nanoseconds)
48;1;415038583;7327188;637084881
48;2;419518644;2292540;747263270
48;3;445523329;7422731;631120855
48;4;436513885;6697779;592691460
48;5;421988708;6907163;615208218
48;6;414362830;7411906;765213386
48;7;429656688;6363938;686147960
48;8;440063189;7405620;606995651
48;9;428762786;4715822;564505544
48;10;405577073;7716134;640829560
48;11;422682787;7389696;903625042
48;12;447795409;6407728;670459164
48;13;430544216;7676534;598315428
48;14;419070348;7074643;561333005
48;15;420972767;7509753;818451298
48;16;431821905;6878319;778069420
48;17;441262466;4123918;615597793
48;18;431693577;3494369;614956649
48;19;422681132;6341239;823684574
48;20;429832857;6585753;843101567
48;21;436995280;6320566;633670201
48;22;437261101;6534071;595213638
48;23;415753381;7547049;586281078
48;24;424570013;3970686;625498702
48;25;439362970;6309182;812293182


THREAD; REPETITION; AVERAGE; MIN; MAX (nanoseconds)
49;1;440846456;7133309;614388351
49;2;418326452;7223194;576993374
49;3;415653208;6695823;705277207
49;4;435053584;6990553;711488891
49;5;437947962;7555360;669270955
49;6;442657054;6697151;620532917
49;7;419310735;7165227;660373106
49;8;440048512;7567512;848494083
49;9;432828386;7692877;635623383
49;10;427256551;2531188;641548158
49;11;419999047;5911785;766888669
49;12;421476249;4965296;730447445
49;13;440501728;7341925;601382369
49;14;443385826;7564579;602625823
49;15;428337697;7192115;582396087
49;16;417779157;6970788;620113381
49;17;436307196;5571937;851343607
49;18;437361126;7433905;595596019
49;19;425110344;7656630;590945707
49;20;420298375;6747855;807638960
49;21;429450162;7630718;728966671
49;22;439713390;2671150;622240746
49;23;448360854;6191010;666852980
49;24;418956959;7333125;605280211
49;25;414390500;7085189;716538694


THREAD; REPETITION; AVERAGE; MIN; MAX (nanoseconds)
50;1;426476735;7160407;673159508
50;2;451131997;7780249;654476617
50;3;423768884;6998376;590820621
50;4;423960795;3977740;753105353
50;5;427000855;7353099;832224976
50;6;443777131;6055728;607077715
50;7;435642231;6768388;642784627
50;8;408126125;8002135;719458339
50;9;431231111;6800446;749327289
50;10;435549560;7598382;619747761
50;11;438630035;7752522;626232384
50;12;413786471;7385366;609629856
50;13;415152446;7155448;640476723
50;14;434887240;7573728;656997957
50;15;439351928;7165994;578148829
50;16;431564932;6780960;607190369
50;17;409371276;7410578;665356910
50;18;421694856;5646737;795860996
50;19;442234250;3870813;658242807
50;20;442522717;6758890;627202060
50;21;414881170;7163900;555957042
50;22;424552678;7198470;694375263
50;23;436794028;2877810;662258332
50;24;436018464;6634014;623479102
50;25;426410553;6731023;608672471


