THREAD; AVERAGE-REPETITIONS; MIN-REPETITIONS; MAX-REPETITIONS (nanoseconds)
1;3928521;3260883;8528039
2;2992815;2383096;7980653
3;3067975;2444207;8866124
4;3141217;2422888;9091831
5;3113434;2432471;8780870
6;3217228;2448394;9487412
7;3258102;2457572;9747987
8;3285228;2455731;9516528
9;3207134;2446140;9837146
10;3252491;2442304;9810688
11;3157800;2442394;10112600
12;3106875;2432839;9901953
13;3207476;2453194;9811118
14;3249853;2471311;10167214
15;3258217;2473085;10116062
16;3291510;2482178;10351541
17;3330403;2470093;10327686
18;3309167;2485802;10544991
19;3328698;2490875;10179176
20;3386604;2513841;10649267
21;3389058;2484030;10752769
22;3417289;2481321;11339966
23;3417160;2497317;10627638
24;3444896;2496292;11280777
25;3457497;2514076;11567073
26;3468125;2512173;11392182
27;3462442;2510550;11260509
28;3524593;2530782;11332697
29;3496012;2532799;11436104
30;3472495;2517495;11627471
31;3428332;2510922;10795293
32;3470439;2534824;11611358
33;3488184;2529486;11506001
34;3480207;2543323;11582690
35;3467143;2524644;10990723
36;3516400;2577492;11904144
37;3468189;2594871;11486510
38;3546219;2580900;12070472
39;3522962;2554045;11603159
40;3540684;2565686;11950437
41;3532017;2559015;11935435
42;3522342;2584040;11982101
43;3510775;2564186;12086566
44;3517892;2599187;11790682
45;3540927;2596089;12422813
46;3572311;2609524;13215243
47;3527052;2589362;12426160
48;3521070;2566370;12478147
49;3525857;2596355;12791575
50;3522477;2555648;12771307


THREAD; REPETITION; AVERAGE; MIN; MAX (nanoseconds)
1;1;3742619;3315506;7778223
1;2;3938961;3328007;9172394
1;3;4553253;3326610;7410439
1;4;4850902;3363207;8035309
1;5;3930910;3147747;7440332
1;6;3877852;3320953;9780083
1;7;3765023;3177988;9018394
1;8;3720608;3118413;10666230
1;9;3756700;3160248;9476833
1;10;3821066;3313899;7917626
1;11;3692609;3101442;9946306
1;12;3930065;3292597;9431925
1;13;3956195;3306007;7672134
1;14;4032321;3137131;9953989
1;15;3900279;3343512;8595575
1;16;4145743;3212769;7522534
1;17;4039383;3335131;7521417
1;18;3846475;3352242;7650763
1;19;3900413;3324445;8434033
1;20;3883107;3383950;7543137
1;21;3827702;3173308;8623652
1;22;3853643;3328426;7496763
1;23;3763002;3298883;8570502
1;24;3732830;3168699;8570224
1;25;3751387;3190978;8972160


THREAD; REPETITION; AVERAGE; MIN; MAX (nanoseconds)
2;1;2892328;2362381;7045029
2;2;2941705;2463442;9232528
2;3;2801559;2371809;8314884
2;4;3023770;2346457;6924343
2;5;3060434;2425378;8448979
2;6;2852199;2397372;7027010
2;7;2837892;2428521;7498858
2;8;2940331;2405962;8102775
2;9;2894980;2366013;6433639
2;10;3049569;2374813;7558503
2;11;3034255;2400305;6505855
2;12;3114095;2487188;7412046
2;13;3103829;2396883;6983569
2;14;3200474;2350578;7893880
2;15;3117094;2384731;9145576
2;16;2953929;2361753;9459512
2;17;3095677;2392832;8303011
2;18;3012285;2405822;7656280
2;19;2916009;2394857;8169544
2;20;2883176;2173390;8332413
2;21;2931978;2394229;6709023
2;22;2862646;2323828;9020211
2;23;3025078;2393041;8061779
2;24;3085726;2384590;9297620
2;25;3189369;2391226;9979481


THREAD; REPETITION; AVERAGE; MIN; MAX (nanoseconds)
3;1;3175308;2523435;8463995
3;2;3065455;2416997;8616598
3;3;3096683;2523366;7697976
3;4;3111198;2440114;9635931
3;5;3070941;2472102;8096281
3;6;2943280;2370763;8129665
3;7;3059321;2426775;10304242
3;8;3091776;2437740;10644998
3;9;2961859;2426216;9015671
3;10;3035877;2395067;9128255
3;11;3001026;2442838;9389392
3;12;3039931;2417486;7907010
3;13;3301827;2555143;8877665
3;14;3111724;2430197;8099144
3;15;3178538;2434387;9047309
3;16;3044531;2456667;7622547
3;17;3214630;2440115;8369499
3;18;3105472;2406172;8840649
3;19;3122001;2452895;8134484
3;20;3117726;2456317;9500998
3;21;2929974;2519315;8374878
3;22;2954882;2433969;9473201
3;23;3043653;2430337;9613513
3;24;2974724;2416858;9043887
3;25;2947050;2379912;9625315


THREAD; REPETITION; AVERAGE; MIN; MAX (nanoseconds)
4;1;3029236;2434248;8214033
4;2;3072727;2426077;9233227
4;3;3056072;2392343;8878223
4;4;3318833;2401632;8661646
4;5;3659730;2479435;12114389
4;6;3368671;2416718;9266959
4;7;3405183;2492845;8714027
4;8;3457351;2453245;8523569
4;9;3315466;2441860;8274865
4;10;3321092;2454152;9940788
4;11;3039894;2410222;8367195
4;12;3072987;2409175;9275481
4;13;3028385;2378933;9013855
4;14;3061508;2368527;8786382
4;15;2957128;2378514;11279926
4;16;2974829;2391016;9413766
4;17;3043332;2399746;9272827
4;18;2944162;2412387;8240852
4;19;3001992;2413785;9025728
4;20;3067072;2482019;8715773
4;21;3158281;2480693;8709557
4;22;3226490;2473778;9248452
4;23;2986874;2410921;8724293
4;24;2873157;2381378;8404699
4;25;3089994;2388572;8995278


THREAD; REPETITION; AVERAGE; MIN; MAX (nanoseconds)
5;1;3014708;2394299;9419004
5;2;3041920;2392972;8523848
5;3;3094483;2498851;7882287
5;4;3016069;2399188;8811036
5;5;3010801;2426146;8008421
5;6;3025552;2386197;7954503
5;7;3045636;2437880;8390452
5;8;3083875;2414762;7921956
5;9;3091504;2421327;7810979
5;10;3272492;2488095;12609075
5;11;3157243;2437390;10566776
5;12;3259008;2504089;7587836
5;13;3221324;2395207;7637004
5;14;3249906;2406172;8430052
5;15;3271933;2495568;9602617
5;16;3148947;2433759;10677265
5;17;3184231;2403448;8720592
5;18;3207716;2434877;7909106
5;19;3158103;2416020;8784636
5;20;3117377;2411060;8157182
5;21;3008652;2381657;8137976
5;22;2985562;2427613;8687696
5;23;3141949;2485581;8865442
5;24;3029204;2461556;9383175
5;25;2997657;2458064;9042840


THREAD; REPETITION; AVERAGE; MIN; MAX (nanoseconds)
6;1;2967637;2376280;10259754
6;2;3124258;2500038;8805449
6;3;3120267;2473568;8702294
6;4;3150540;2423492;10026833
6;5;3302281;2431524;9902445
6;6;3402248;2506045;7810350
6;7;3222198;2462743;8239036
6;8;3224948;2495638;8499963
6;9;3180220;2446680;9689989
6;10;3084608;2404007;9003239
6;11;3023799;2417975;8830103
6;12;3033689;2424819;9130630
6;13;3090198;2450241;8698382
6;14;3042445;2423143;9465100
6;15;2974502;2345271;8611848
6;16;2966850;2405753;9169671
6;17;3018331;2479644;8891284
6;18;3119351;2533562;9361804
6;19;3134175;2490609;9608484
6;20;3595225;2489143;9238744
6;21;3661390;2465886;12819786
6;22;3813525;2510514;11271894
6;23;3206413;2463441;10204160
6;24;3565251;2391086;9524046
6;25;3406371;2398769;11420026


THREAD; REPETITION; AVERAGE; MIN; MAX (nanoseconds)
7;1;3107656;2415600;9440865
7;2;3328537;2584895;9636351
7;3;3178449;2434108;9076782
7;4;3045302;2369924;9042420
7;5;3184041;2512680;9634674
7;6;3188465;2402819;10547779
7;7;3180020;2441582;9098642
7;8;3239966;2448076;10198433
7;9;3529715;2464001;12963868
7;10;3435164;2447657;11549024
7;11;3415441;2389689;10407049
7;12;3579384;2661302;8605423
7;13;3523164;2405054;9349652
7;14;3468450;2588946;8140909
7;15;3384949;2409175;10456985
7;16;3325028;2400096;9637468
7;17;3336569;2520363;9403010
7;18;3216427;2473918;10092135
7;19;3168207;2404705;10421087
7;20;3154167;2478108;9462934
7;21;3115017;2411410;9362503
7;22;3146026;2480692;9593398
7;23;3022445;2391854;9591303
7;24;2982652;2381378;8712420
7;25;3197329;2521270;9274572


THREAD; REPETITION; AVERAGE; MIN; MAX (nanoseconds)
8;1;3098052;2416229;9162338
8;2;3244484;2473010;9467684
8;3;3326580;2445632;9813329
8;4;3179564;2392343;10208001
8;5;3394949;2480902;9020490
8;6;3468459;2582311;8344916
8;7;3197466;2435924;8774649
8;8;3350808;2570648;8460573
8;9;3349089;2451708;8492909
8;10;3171023;2395067;9037810
8;11;3117723;2421257;8614083
8;12;3117508;2428171;9365576
8;13;3105860;2390388;10262408
8;14;3070085;2456597;9034668
8;15;3311983;2447028;12584141
8;16;3620654;2455829;10191030
8;17;3806761;2419791;11463398
8;18;3348031;2399467;9396516
8;19;3003595;2398908;9422427
8;20;3350101;2431803;8961754
8;21;3441963;2589854;8978934
8;22;3150484;2385010;9117220
8;23;3466689;2657810;10010839
8;24;3298411;2478179;10054909
8;25;3140384;2389410;9672598


THREAD; REPETITION; AVERAGE; MIN; MAX (nanoseconds)
9;1;3071613;2411549;8774928
9;2;3095790;2451848;8593620
9;3;2974025;2407080;9632649
9;4;3054097;2447658;8394852
9;5;3146552;2429080;10993506
9;6;3053000;2450940;8429633
9;7;2958864;2410781;8829195
9;8;3109068;2514006;8831290
9;9;3179235;2441721;9137474
9;10;3460140;2502692;13093704
9;11;3955367;2518057;12222643
9;12;3730145;2465537;10752973
9;13;3993308;2593346;12059354
9;14;3681621;2485931;9066096
9;15;3092206;2412178;9186642
9;16;3106207;2399327;8931931
9;17;3174310;2444305;10617760
9;18;3077806;2432362;10216033
9;19;3012310;2442978;8810897
9;20;3122967;2361613;11624522
9;21;3119505;2435506;10744103
9;22;3048799;2422305;9729588
9;23;2998524;2454781;9443519
9;24;2965750;2427892;8399741
9;25;2997159;2390038;9412020


THREAD; REPETITION; AVERAGE; MIN; MAX (nanoseconds)
10;1;3374273;2453105;10255563
10;2;3830285;2453873;10674331
10;3;3631575;2436274;10001620
10;4;3539594;2452756;10460478
10;5;3412923;2441162;11436719
10;6;3343210;2441511;9054224
10;7;3250162;2505207;8662484
10;8;3157641;2405683;9916554
10;9;3160831;2448146;10868211
10;10;3061597;2441092;8867817
10;11;3049330;2365663;10409912
10;12;3051543;2460998;8640903
10;13;3037029;2411410;9410763
10;14;2913870;2401213;9256274
10;15;3111602;2391156;10298655
10;16;3205200;2469029;10424091
10;17;3234183;2450102;9360408
10;18;3265815;2439905;8988084
10;19;3285376;2571137;9445405
10;20;3324603;2398280;11193601
10;21;3385927;2519384;9962579
10;22;3259869;2439206;9056249
10;23;3212663;2453036;9635442
10;24;3127351;2448495;9363201
10;25;3085829;2359797;9623639


THREAD; REPETITION; AVERAGE; MIN; MAX (nanoseconds)
11;1;2996045;2397441;10077538
11;2;3197204;2474267;8866560
11;3;3085528;2421956;9736642
11;4;3147530;2416998;9667989
11;5;3090916;2428661;10981284
11;6;3277718;2469448;10638294
11;7;3102482;2420000;9352935
11;8;3269573;2489004;8550389
11;9;3099325;2452756;9630624
11;10;3158898;2462254;9793214
11;11;3104884;2426635;8854128
11;12;3193940;2455200;10086478
11;13;3440607;2557309;10511462
11;14;3131294;2413924;9657372
11;15;3111051;2400445;10948738
11;16;3118678;2387734;10028440
11;17;3096053;2413645;10480312
11;18;3133120;2400933;14121068
11;19;3031901;2444445;10176852
11;20;3013651;2373416;11463538
11;21;3364124;2491238;10409423
11;22;3099650;2410990;10162744
11;23;3200406;2497245;9826179
11;24;3537864;2586013;10677683
11;25;2942564;2367899;8115138


THREAD; REPETITION; AVERAGE; MIN; MAX (nanoseconds)
12;1;3098661;2465467;10267925
12;2;2975345;2375512;9440795
12;3;3077454;2420699;10359557
12;4;3058609;2396045;8905112
12;5;3054570;2398489;10807519
12;6;2993361;2512540;9450643
12;7;3093257;2389759;9305791
12;8;2911459;2401493;9557499
12;9;3096713;2500038;9410344
12;10;3074457;2396952;9816960
12;11;3087922;2421677;9121201
12;12;3063332;2452128;10112947
12;13;3072434;2377327;9289588
12;14;2983574;2379562;10166445
12;15;3080329;2401353;10960331
12;16;2874447;2393251;9668128
12;17;3135193;2473708;9233646
12;18;3211510;2428102;9523906
12;19;2958170;2428451;10119024
12;20;3203009;2372648;9762553
12;21;3173883;2468190;11259811
12;22;3403172;2573441;10232097
12;23;3465351;2534470;10249347
12;24;3289895;2438229;10080541
12;25;3235785;2421467;10447137


THREAD; REPETITION; AVERAGE; MIN; MAX (nanoseconds)
13;1;3145532;2385988;9192300
13;2;2990858;2435366;9711080
13;3;3124911;2400375;10014052
13;4;3070695;2456038;8657316
13;5;3122999;2485442;8046833
13;6;3167196;2473848;9518947
13;7;3193349;2407290;10679290
13;8;3196681;2376978;10603023
13;9;3212056;2432013;10146401
13;10;3335219;2449822;12866859
13;11;3308645;2451708;10026623
13;12;3288012;2490400;10009792
13;13;3169857;2431175;8606052
13;14;2978979;2395835;9302020
13;15;3261219;2570718;9477741
13;16;3161756;2409594;9546814
13;17;3046226;2430616;9282814
13;18;3171727;2510654;11034364
13;19;3102483;2386686;11005799
13;20;3278221;2404565;9395049
13;21;3385638;2501994;10026833
13;22;3449549;2519035;9771563
13;23;3442983;2495988;9757805
13;24;3349562;2608432;9001074
13;25;3232558;2419301;9597519


THREAD; REPETITION; AVERAGE; MIN; MAX (nanoseconds)
14;1;3225787;2525251;9616166
14;2;3102054;2429080;10674960
14;3;3250029;2576584;9339804
14;4;3118306;2465816;11628713
14;5;3246351;2385638;11942579
14;6;3201077;2515613;9867036
14;7;3122899;2454572;9347627
14;8;3264227;2395486;10331481
14;9;3412710;2551512;9618262
14;10;3318798;2559962;9894763
14;11;3360540;2548927;10164909
14;12;3412407;2470146;10551760
14;13;3259356;2498641;10273513
14;14;3177754;2433410;9616306
14;15;3128112;2399257;8701805
14;16;3074074;2398419;10397969
14;17;3117364;2408476;10162465
14;18;3195351;2489912;11032547
14;19;3175151;2436343;9559106
14;20;3085054;2454222;8245602
14;21;3239580;2461626;9498204
14;22;3401164;2445143;10434008
14;23;3497844;2532235;10740820
14;24;3409355;2481670;10213449
14;25;3451005;2464839;12326497


THREAD; REPETITION; AVERAGE; MIN; MAX (nanoseconds)
15;1;3339854;2586641;9583132
15;2;3282943;2401143;10292300
15;3;3137612;2435226;11021163
15;4;3111729;2416718;9600732
15;5;3139663;2419232;10005671
15;6;3217106;2576096;9617563
15;7;3158510;2502483;10094300
15;8;3310123;2412178;10796414
15;9;3294335;2460718;10555462
15;10;3425210;2567156;9834490
15;11;3354998;2555632;8677709
15;12;3470866;2507791;9977804
15;13;3252468;2442978;9549328
15;14;3211534;2423492;8849797
15;15;3175857;2463232;10054350
15;16;3170881;2436064;13693290
15;17;3071218;2476292;9842242
15;18;3114355;2444445;9165899
15;19;3123001;2384311;9108001
15;20;3466875;2493194;12174522
15;21;3137623;2401911;9160871
15;22;3360781;2492705;10681107
15;23;3258372;2442420;9669036
15;24;3463389;2536705;10286294
15;25;3406134;2548368;10610077


THREAD; REPETITION; AVERAGE; MIN; MAX (nanoseconds)
16;1;3300001;2426845;9935900
16;2;3354831;2484534;9617144
16;3;3150956;2462603;9243633
16;4;3173612;2468260;10789639
16;5;3151197;2518267;10841113
16;6;3117741;2404844;12607817
16;7;3156065;2416159;10072859
16;8;3252130;2472801;10259265
16;9;3313527;2507372;8048090
16;10;3649989;2649918;10199550
16;11;3469142;2596978;11826573
16;12;3448925;2488026;9391068
16;13;3388561;2501784;10120839
16;14;3231652;2446121;10704294
16;15;3274695;2458972;12394033
16;16;3078792;2477759;10633964
16;17;3160804;2471473;9743976
16;18;3211043;2510236;9928077
16;19;3143472;2437042;11800243
16;20;3217501;2507861;10112319
16;21;3339331;2465118;9905309
16;22;3313156;2426007;9507493
16;23;3449796;2410013;10532903
16;24;3392310;2456108;10057564
16;25;3548537;2589365;10514884


THREAD; REPETITION; AVERAGE; MIN; MAX (nanoseconds)
17;1;3309704;2546553;10876172
17;2;3382783;2414413;9230363
17;3;3282526;2482718;10198782
17;4;3206454;2415461;9773240
17;5;3185913;2459182;10037938
17;6;3301885;2412178;9937437
17;7;3191296;2456667;11394395
17;8;3185813;2457854;10514744
17;9;3330529;2408966;11014109
17;10;3496267;2437810;11874344
17;11;3488556;2526508;10104008
17;12;3534518;2640140;9618541
17;13;3643525;2554165;9338268
17;14;3362730;2470286;10172172
17;15;3195444;2417765;10328826
17;16;3209717;2492146;10784471
17;17;3112542;2462883;9072592
17;18;3128325;2394159;9429830
17;19;3203953;2433759;10603233
17;20;3274665;2460299;10239779
17;21;3214504;2437810;9691456
17;22;3437924;2515823;10977443
17;23;3496373;2435086;11207499
17;24;3603776;2512051;10043106
17;25;3480371;2507651;11729424


THREAD; REPETITION; AVERAGE; MIN; MAX (nanoseconds)
18;1;3523243;2512120;11861145
18;2;3225490;2425168;10204020
18;3;3341159;2524902;8817951
18;4;3099699;2465048;8414407
18;5;3245306;2371530;11518922
18;6;3196757;2486140;12760351
18;7;3253434;2535588;11344389
18;8;3145149;2428800;9157379
18;9;3377979;2564152;10514045
18;10;3468033;2570438;10360884
18;11;3317339;2417347;9686776
18;12;3662361;2545506;14631818
18;13;3583372;2521480;9656186
18;14;3471305;2575607;9975500
18;15;3176112;2417207;8840649
18;16;3176786;2482788;9422426
18;17;3093021;2440883;9046681
18;18;3210462;2423213;10900548
18;19;3212234;2424190;13639792
18;20;3183630;2437601;9556662
18;21;3328160;2498083;10176224
18;22;3393123;2557169;10374293
18;23;3197535;2482368;10426954
18;24;3293457;2558775;9870249
18;25;3554035;2478947;12466528


THREAD; REPETITION; AVERAGE; MIN; MAX (nanoseconds)
19;1;3489405;2555352;9420332
19;2;3488185;2537683;10456566
19;3;3314647;2606895;9159684
19;4;3065994;2435016;11181240
19;5;3228727;2392063;10578090
19;6;3099061;2422585;10469976
19;7;3155652;2501156;10715748
19;8;3323264;2492565;11787741
19;9;3305373;2474337;9794680
19;10;3316851;2435155;8966084
19;11;3356823;2571696;8733652
19;12;3519810;2591321;10739563
19;13;3504574;2573651;8026300
19;14;3305947;2483975;9505818
19;15;3282412;2416089;9326814
19;16;3247505;2442629;10785379
19;17;3272912;2480692;11026891
19;18;3159881;2407290;10622719
19;19;3178545;2392413;8551367
19;20;3202015;2387594;12071716
19;21;3275200;2458762;11006636
19;22;3405202;2444515;10244878
19;23;3690973;2613041;10864160
19;24;3356969;2543968;10095627
19;25;3671531;2611435;10347753


THREAD; REPETITION; AVERAGE; MIN; MAX (nanoseconds)
20;1;3638493;2570299;9383735
20;2;3533333;2789530;11051544
20;3;3362101;2537194;8893099
20;4;3176949;2474407;9473341
20;5;3277594;2485092;12816853
20;6;3212917;2478667;10884205
20;7;3215258;2431106;9780992
20;8;3249217;2452756;10394687
20;9;3342575;2542642;10936376
20;10;3332275;2437880;9454275
20;11;3543865;2489074;13190085
20;12;3678626;2597816;12008719
20;13;3476829;2596419;10205347
20;14;3657302;2598235;11149951
20;15;3474876;2388641;13266770
20;16;3378140;2466375;10735653
20;17;3219089;2514705;8925576
20;18;3249350;2519105;10885252
20;19;3232703;2438299;10745430
20;20;3274010;2473988;9124205
20;21;3266612;2486699;10434287
20;22;3239106;2433410;10451329
20;23;3479878;2447099;11309748
20;24;3708798;2671708;11828459
20;25;3445224;2524902;8901760


THREAD; REPETITION; AVERAGE; MIN; MAX (nanoseconds)
21;1;3608775;2472172;9477951
21;2;3568096;2474825;12003411
21;3;3420875;2490749;11599239
21;4;3335141;2508978;10084662
21;5;3364221;2452896;10454611
21;6;3245781;2459880;10855989
21;7;3195805;2446330;10778256
21;8;3144198;2465188;10243411
21;9;3161877;2452896;8747201
21;10;3590662;2450032;19383260
21;11;3431431;2502832;10350757
21;12;3365134;2451848;10542960
21;13;3631803;2603194;10047297
21;14;3650047;2558845;11054547
21;15;3544069;2608152;10229722
21;16;3478279;2447937;10157087
21;17;3328869;2502273;8904344
21;18;3144788;2458553;10491696
21;19;3240180;2434387;10342656
21;20;3145842;2417556;10626351
21;21;3401185;2442908;10253538
21;22;3226657;2502274;10520471
21;23;3360146;2451359;10793062
21;24;3474125;2445772;8561563
21;25;3668481;2598933;12315183


THREAD; REPETITION; AVERAGE; MIN; MAX (nanoseconds)
22;1;3420298;2479784;10005671
22;2;3698927;2519245;10980376
22;3;3483542;2488235;10268204
22;4;3400112;2504788;12343608
22;5;3440079;2449263;12625347
22;6;3373116;2506674;11224192
22;7;3334154;2527696;11174953
22;8;3171717;2448915;10839995
22;9;3220040;2450801;9751309
22;10;3348293;2476781;10968084
22;11;3318447;2504579;8992973
22;12;3472574;2483625;12311062
22;13;3732192;2544178;13969164
22;14;3784679;2488725;11579615
22;15;3473142;2556261;10503570
22;16;3371254;2453524;10587379
22;17;3399506;2466445;9523208
22;18;3243857;2401841;12335786
22;19;3226866;2415321;10003995
22;20;3308267;2376489;9935620
22;21;3351886;2513029;10590941
22;22;3406002;2490959;13962948
22;23;3232673;2513937;10606027
22;24;3436661;2455759;10709810
22;25;3783955;2516172;17705323


THREAD; REPETITION; AVERAGE; MIN; MAX (nanoseconds)
23;1;3477672;2535238;9961601
23;2;3415364;2584476;8128616
23;3;3665436;2488166;8850706
23;4;3598562;2433271;10521728
23;5;3389092;2524413;10720915
23;6;3371975;2416159;11348230
23;7;3185646;2467282;11362408
23;8;3249592;2505277;10481640
23;9;3230363;2449264;9574122
23;10;3213011;2456597;11200306
23;11;3329225;2422654;10057633
23;12;3423408;2479784;10418014
23;13;3649692;2416089;14646415
23;14;3657295;2586432;12574014
23;15;3817875;2655296;9865220
23;16;3513147;2511423;10764636
23;17;3535102;2511771;9579290
23;18;3235124;2488654;11054407
23;19;3407404;2517010;11066979
23;20;3371693;2468121;11382173
23;21;3287525;2495848;9344623
23;22;3323213;2412457;13087906
23;23;3347292;2553118;9954617
23;24;3250388;2495289;9505957
23;25;3483928;2558845;10238801


THREAD; REPETITION; AVERAGE; MIN; MAX (nanoseconds)
24;1;3807996;2448495;12944662
24;2;3736593;2569321;13565271
24;3;3501021;2526997;12033373
24;4;3610635;2484115;10182788
24;5;3391351;2412667;11481208
24;6;3290996;2443537;12400877
24;7;3080479;2440115;9138383
24;8;3273904;2470566;10196548
24;9;3193939;2460439;8847004
24;10;3387755;2491378;9764020
24;11;3403245;2548717;10424649
24;12;3381454;2522667;10846700
24;13;3440381;2417486;11020814
24;14;3447861;2533283;10937354
24;15;4064334;2606267;16306193
24;16;3752630;2498223;8799931
24;17;3329233;2447238;12252814
24;18;3305830;2413575;9244750
24;19;3469083;2506254;12369310
24;20;3364278;2600819;11320503
24;21;3300854;2478807;14790567
24;22;3372569;2421747;11910942
24;23;3264763;2577982;9787766
24;24;3442248;2550185;12077024
24;25;3508972;2536425;9375982


THREAD; REPETITION; AVERAGE; MIN; MAX (nanoseconds)
25;1;3687642;2522388;9852230
25;2;3779225;2559124;14920472
25;3;3576528;2550534;11418490
25;4;3420847;2441023;10442528
25;5;3578508;2488095;11202541
25;6;3614799;2541524;9873531
25;7;3352703;2582731;11336287
25;8;3223468;2536356;10179855
25;9;3376504;2545715;13568484
25;10;3494670;2501785;16151563
25;11;3219961;2486629;10655404
25;12;3631228;2575397;15292167
25;13;3663391;2592369;10658827
25;14;3556675;2405403;13132954
25;15;3504626;2559753;10683760
25;16;3674432;2585174;9529284
25;17;3366348;2630362;9631741
25;18;3370051;2467772;11436858
25;19;3469408;2488305;11528211
25;20;3214071;2471124;10289995
25;21;3237586;2500528;10931557
25;22;3291809;2458762;11504534
25;23;3224685;2444514;10790059
25;24;3517790;2448775;12749315
25;25;3390485;2467772;11416185


THREAD; REPETITION; AVERAGE; MIN; MAX (nanoseconds)
26;1;3468846;2504857;10740681
26;2;3551704;2578959;11285512
26;3;4222673;2627708;12634637
26;4;3661166;2608083;10565728
26;5;3499141;2470495;15148504
26;6;3298843;2591182;10514325
26;7;3224556;2499480;10447975
26;8;3199238;2453244;11295220
26;9;3347547;2371810;11130465
26;10;3211484;2475244;10146820
26;11;3209393;2425936;9920883
26;12;3497332;2524552;10618249
26;13;3533987;2479155;13251823
26;14;3853669;2522318;16010974
26;15;3674934;2700482;10035983
26;16;3498423;2570089;10952300
26;17;3643059;2468121;10941824
26;18;3643037;2494590;10887697
26;19;3359743;2437810;11457113
26;20;3302973;2573790;9827506
26;21;3180635;2550953;11185709
26;22;3232454;2419860;9666313
26;23;3356969;2462394;9967956
26;24;3437214;2479155;12609354
26;25;3594120;2514077;13561011


THREAD; REPETITION; AVERAGE; MIN; MAX (nanoseconds)
27;1;3445233;2468470;11250522
27;2;3628260;2589156;11575075
27;3;3564348;2525810;11571722
27;4;3984698;2625194;11001678
27;5;3766779;2530699;11399842
27;6;3497984;2627150;10313671
27;7;3244304;2347785;8961125
27;8;3332496;2576515;11985741
27;9;3261721;2530070;11080598
27;10;3243509;2481461;13748256
27;11;3163629;2549695;9783995
27;12;3318634;2507930;10990922
27;13;3619304;2517429;11388877
27;14;3574237;2481321;12506338
27;15;3484306;2552210;10335880
27;16;3545964;2533632;11481906
27;17;3827107;2529092;9563157
27;18;3583388;2466515;10240198
27;19;3378576;2488445;10895658
27;20;3290337;2438229;14728827
27;21;3258239;2426705;11880211
27;22;3412302;2481879;10983379
27;23;3335142;2499969;9918509
27;24;3323539;2481879;13797284
27;25;3477020;2506534;10129360


THREAD; REPETITION; AVERAGE; MIN; MAX (nanoseconds)
28;1;3527794;2535937;10365843
28;2;3273648;2497594;11546370
28;3;4110161;2826965;11673481
28;4;3784736;2495988;11321690
28;5;3654297;2487817;11344110
28;6;3715673;2520851;10108407
28;7;3360483;2510096;9298808
28;8;3164557;2476921;11186338
28;9;3374409;2510514;10382534
28;10;3282881;2453594;12007183
28;11;3429550;2588597;11468078
28;12;3329595;2452616;11767208
28;13;3355601;2508489;12986707
28;14;3652488;2458413;13396185
28;15;3915359;2556120;15580053
28;16;4007494;2829969;11205126
28;17;4046720;2535378;9715062
28;18;3507388;2502483;10875964
28;19;3390711;2493473;10328408
28;20;3270054;2489492;9725607
28;21;3374892;2434876;9987233
28;22;3460073;2615137;14322980
28;23;3204470;2511073;11442795
28;24;3509642;2555074;11486865
28;25;3412157;2422096;9794401


THREAD; REPETITION; AVERAGE; MIN; MAX (nanoseconds)
29;1;3364188;2521271;12190237
29;2;3889489;2668775;12576459
29;3;3914034;2641397;11875183
29;4;3723489;2753562;10709601
29;5;3498290;2474616;11015715
29;6;3339592;2489213;11390763
29;7;3622922;2526439;11452363
29;8;3188820;2463790;9673157
29;9;3228819;2473917;11541480
29;10;3404570;2531606;15791183
29;11;3243896;2483346;10687531
29;12;3358340;2584756;10378623
29;13;3360818;2506464;12121093
29;14;3544189;2563943;9950357
29;15;3590955;2613321;11822592
29;16;3929532;2559962;12676122
29;17;3694964;2462184;11905843
29;18;3749602;2539988;11601684
29;19;3457512;2534330;11384687
29;20;3266940;2458413;10252071
29;21;3200350;2427473;10433658
29;22;3396247;2515194;11833277
29;23;3307249;2505765;10972833
29;24;3388357;2440743;9793145
29;25;3737148;2579517;11872948


THREAD; REPETITION; AVERAGE; MIN; MAX (nanoseconds)
30;1;3516620;2563314;11953056
30;2;3578257;2541105;11572001
30;3;3821335;2687492;16380084
30;4;3506282;2519873;9975709
30;5;3640489;2535657;13694966
30;6;3399662;2521690;10190750
30;7;3601054;2464350;9548629
30;8;3274635;2497035;10375620
30;9;3305498;2486629;11664820
30;10;3318460;2441023;12227671
30;11;3321734;2478038;11717620
30;12;3336267;2461346;10015309
30;13;3479030;2620095;13439347
30;14;3707442;2533702;12479798
30;15;3622852;2594115;13104110
30;16;3638362;2529442;11324414
30;17;3339847;2432502;11116288
30;18;3774439;2661931;10532204
30;19;3486180;2500737;11168249
30;20;3407399;2478947;11697017
30;21;3262460;2475384;10704712
30;22;3361967;2409315;10698148
30;23;3274776;2511981;9206966
30;24;3384485;2473499;12381532
30;25;3452858;2518197;13517779


THREAD; REPETITION; AVERAGE; MIN; MAX (nanoseconds)
31;1;3400478;2469028;11307373
31;2;3779104;2453245;14997018
31;3;3660189;2558705;12616967
31;4;3651281;2597118;10399087
31;5;3386690;2446540;8765011
31;6;3629913;2531677;9718694
31;7;3573198;2563455;9296503
31;8;3206533;2458134;9888827
31;9;3265288;2479435;13019183
31;10;3067986;2492705;10511881
31;11;3227790;2438508;10876871
31;12;3304245;2503810;10822884
31;13;3515983;2528324;9334776
31;14;3509163;2469937;10439665
31;15;3442082;2425378;10789430
31;16;3867967;2530489;10059239
31;17;3672522;2676457;9823036
31;18;3399467;2599074;9706821
31;19;3427592;2562057;11941322
31;20;3331172;2561848;14157316
31;21;3267879;2479575;9774496
31;22;3087835;2421817;10500008
31;23;3265794;2523925;9595004
31;24;3394160;2536775;10173848
31;25;3374000;2465048;11367087


THREAD; REPETITION; AVERAGE; MIN; MAX (nanoseconds)
32;1;3321173;2548927;11361430
32;2;3726774;2526159;11903818
32;3;3846110;2585873;11952776
32;4;3600221;2640140;11262884
32;5;3590535;2606756;10595830
32;6;3529042;2532026;11317430
32;7;3704957;2478387;11603080
32;8;3318076;2576794;10897335
32;9;3242979;2585454;11044420
32;10;3264988;2462184;11612090
32;11;3274451;2557099;11386154
32;12;3332367;2552489;10986871
32;13;3478155;2477690;13325158
32;14;3430638;2540057;9889805
32;15;3864671;2543619;17936079
32;16;3589258;2653271;8831080
32;17;3527120;2609549;11345576
32;18;3529586;2535518;10254585
32;19;3594469;2532096;12248973
32;20;3253339;2426495;11069284
32;21;3229131;2470565;11842008
32;22;3238201;2441581;10806262
32;23;3344172;2457505;11719925
32;24;3333791;2495638;13313075
32;25;3596785;2534749;11778033


THREAD; REPETITION; AVERAGE; MIN; MAX (nanoseconds)
33;1;3562900;2473569;13886961
33;2;3560588;2495080;11327068
33;3;3540418;2542013;11121735
33;4;3867848;2559473;11297245
33;5;3505014;2485232;11249893
33;6;3545811;2519454;10412148
33;7;3417719;2516451;10472490
33;8;3383806;2582032;10174408
33;9;3333478;2498711;11813373
33;10;3426438;2482020;14393240
33;11;3289946;2460089;11275246
33;12;3264368;2517290;10781608
33;13;3662930;2510515;12304985
33;14;3623260;2515125;10274420
33;15;3530279;2603124;11140871
33;16;3544741;2630851;10891608
33;17;3701196;2801194;10522287
33;18;3775483;2520921;12618363
33;19;3348671;2596000;10961309
33;20;3462716;2511632;11690592
33;21;3424948;2446820;11017671
33;22;3431937;2456806;12699659
33;23;3426251;2443956;12854986
33;24;3345521;2549276;12345493
33;25;3228342;2519524;10122376


THREAD; REPETITION; AVERAGE; MIN; MAX (nanoseconds)
34;1;3420950;2574000;10554623
34;2;3554074;2540965;11773284
34;3;3599157;2538172;11046865
34;4;3744606;2600540;11070541
34;5;3962555;2510026;16164415
34;6;3426627;2431384;11236344
34;7;3351194;2493823;10699894
34;8;3266560;2520502;11528700
34;9;3297855;2627778;11136122
34;10;3325668;2491238;11507678
34;11;3178892;2473848;10257937
34;12;3526588;2526439;10515862
34;13;3378971;2497663;11227195
34;14;3442792;2538032;12573386
34;15;3506012;2577981;10091366
34;16;3533484;2721925;11341735
34;17;3841112;2662768;10534300
34;18;3720582;2521270;10256960
34;19;3474165;2607105;10841113
34;20;3390152;2530768;10327640
34;21;3326233;2554724;10848166
34;22;3432006;2493054;10478497
34;23;3335803;2538381;12320002
34;24;3301607;2530559;11234738
34;25;3667533;2480133;19999888


THREAD; REPETITION; AVERAGE; MIN; MAX (nanoseconds)
35;1;3383168;2528883;10774414
35;2;3515564;2479645;10764427
35;3;3480756;2507092;10505176
35;4;3834911;2676108;12485456
35;5;3569662;2561289;9570840
35;6;3862485;2560312;9571677
35;7;3426123;2562966;11549233
35;8;3340152;2542990;11782223
35;9;3305553;2442349;12328662
35;10;3299276;2479086;11876091
35;11;3293307;2519385;10068668
35;12;3197969;2466445;9685937
35;13;3281667;2436902;11676065
35;14;3585887;2595512;11020535
35;15;3558719;2493892;9595354
35;16;3587195;2505695;9916065
35;17;3502580;2577702;10998326
35;18;3746374;2578331;10679151
35;19;3725378;2572464;9615049
35;20;3574162;2529791;15287557
35;21;3255823;2521340;11740947
35;22;3427563;2442629;10224064
35;23;3153636;2497245;11777614
35;24;3329252;2534470;10194173
35;25;3441425;2503600;11080388


THREAD; REPETITION; AVERAGE; MIN; MAX (nanoseconds)
36;1;3439532;2572254;12050275
36;2;3511322;2497105;12150567
36;3;3585078;2537613;12355900
36;4;3959805;2558147;13170668
36;5;3485018;2568832;13600891
36;6;3706011;2587550;9024750
36;7;3486281;2622470;10043106
36;8;3401397;2530489;12360369
36;9;3326931;2508001;10024528
36;10;3424934;2539778;10950554
36;11;3301435;2500527;11664122
36;12;3335997;2477480;10734884
36;13;3349031;2468052;12621436
36;14;3563283;2560311;14804605
36;15;3500065;2472382;14899379
36;16;3633703;2613530;11325881
36;17;4076422;2833880;11817913
36;18;3868557;3171772;10424370
36;19;3420382;2576864;12922802
36;20;3355283;2499270;11114331
36;21;3575739;2556191;10734605
36;22;3527787;2506044;12162998
36;23;3293243;2535727;10827843
36;24;3500870;2630571;15253545
36;25;3281909;2512470;10563284


THREAD; REPETITION; AVERAGE; MIN; MAX (nanoseconds)
37;1;3272624;2481321;13086579
37;2;3498121;2684489;10350617
37;3;3344083;2618699;11191926
37;4;3733826;2762502;10941963
37;5;3680126;2664794;10951811
37;6;3604453;3089429;11525068
37;7;3411719;2565968;9980668
37;8;3306845;2463581;9697462
37;9;3451926;2498083;11136891
37;10;3381492;2539429;20751380
37;11;3250050;2466095;11331678
37;12;3314426;2607734;10345030
37;13;3396384;2524553;11538477
37;14;3553554;2541105;13098313
37;15;3372657;2497874;11317220
37;16;3469423;2570997;11054408
37;17;3512644;2630502;11294662
37;18;4053196;2828433;9888198
37;19;4024782;2822636;10713442
37;20;3436998;2605359;10411868
37;21;3374828;2511912;11219931
37;22;3237577;2523575;11211621
37;23;3361040;2453524;10802560
37;24;3364333;2404845;12166840
37;25;3297621;2514356;11154141


THREAD; REPETITION; AVERAGE; MIN; MAX (nanoseconds)
38;1;3296096;2572254;11795424
38;2;3283926;2537055;11263233
38;3;4107244;2679601;15029424
38;4;3623414;2567155;12891024
38;5;3882546;2756566;16494904
38;6;3520920;2623587;11012992
38;7;3908553;2591740;9925214
38;8;3420438;2598305;10455170
38;9;3378124;2544108;12109849
38;10;3521402;2536566;13918598
38;11;3314038;2584267;11126554
38;12;3308954;2455829;11233690
38;13;3464867;2570578;12139741
38;14;3339830;2455479;10772878
38;15;3846719;2546134;11406687
38;16;3567521;2672058;10382325
38;17;3643747;2826686;11949215
38;18;3916281;2641537;11136891
38;19;3773102;2620655;11100434
38;20;3501180;2470914;10998395
38;21;3309267;2544318;10699195
38;22;3519085;2517918;11836700
38;23;3331860;2480064;13155513
38;24;3414718;2568134;12828656
38;25;3461665;2561010;16099113


THREAD; REPETITION; AVERAGE; MIN; MAX (nanoseconds)
39;1;3351334;2431803;12323285
39;2;3747275;2500877;12123817
39;3;3715523;2498851;13947164
39;4;3705554;2604172;10340700
39;5;3696859;2728071;11619703
39;6;3623343;2871594;11157703
39;7;3521678;2565689;11518014
39;8;3576526;2557029;10452656
39;9;3581998;2559962;11129627
39;10;3224727;2568204;12243386
39;11;3262700;2513867;11240604
39;12;3306634;2456387;11222096
39;13;3602208;2517918;10565868
39;14;3374955;2540896;9908033
39;15;3412104;2453105;11545811
39;16;3588770;2645099;10489461
39;17;4113136;2585244;13034408
39;18;3854310;2588667;12325799
39;19;3464206;2591181;11697576
39;20;3533364;2581125;13341011
39;21;3433436;2462534;10140115
39;22;3442140;2508210;10845443
39;23;3303215;2463721;12573595
39;24;3298539;2542013;11620611
39;25;3339532;2514915;12672491


THREAD; REPETITION; AVERAGE; MIN; MAX (nanoseconds)
40;1;3635551;2563175;13672687
40;2;3333604;2523855;11267354
40;3;3454048;2564013;11413183
40;4;3684292;2526787;12944173
40;5;3903420;2472311;9867036
40;6;3824066;2573023;11150230
40;7;3647810;2637346;10619994
40;8;3748233;2538381;12678916
40;9;3318315;2531956;11841379
40;10;3331876;2521759;10871983
40;11;3307810;2564432;12131710
40;12;3229508;2411759;12683804
40;13;3295304;2495569;11777126
40;14;3493617;2566179;10974579
40;15;3493644;2571207;15999171
40;16;3456017;2551861;11676903
40;17;3608360;2601867;11625640
40;18;4181773;2954914;12676402
40;19;3765748;2771302;12066687
40;20;3530031;2557308;12454725
40;21;3675741;2624844;10999094
40;22;3436988;2460509;11751982
40;23;3506665;2584407;12789475
40;24;3329298;2488445;11693805
40;25;3325381;2484953;11132910


THREAD; REPETITION; AVERAGE; MIN; MAX (nanoseconds)
41;1;3300994;2501436;12615011
41;2;3288768;2551651;12398293
41;3;3668665;2553816;12534065
41;4;3549088;2504089;12916725
41;5;3600581;2671499;11830414
41;6;3748691;2698736;13230312
41;7;4134559;2715499;12449627
41;8;3703677;2577143;11316313
41;9;3436467;2512889;10984985
41;10;3541204;2501016;15280574
41;11;3453709;2519804;11924211
41;12;3334364;2516940;11449291
41;13;3473389;2531607;12955487
41;14;3301240;2524833;11166223
41;15;3341312;2523435;10988687
41;16;3827683;2477828;12344237
41;17;3565496;2590972;11456623
41;18;3591065;2634273;13795957
41;19;3613785;2583149;11311074
41;20;3600251;2664165;9432973
41;21;3875225;2636229;12038402
41;22;3444634;2534749;11586598
41;23;3328359;2476013;9580966
41;24;3304881;2499759;12660757
41;25;3272361;2473848;10138090


THREAD; REPETITION; AVERAGE; MIN; MAX (nanoseconds)
42;1;3268975;2544667;11470592
42;2;3271621;2511702;12380484
42;3;3667610;2523575;14266687
42;4;3447484;2565060;11741157
42;5;4089790;2567296;20413209
42;6;3637334;2553327;11709449
42;7;3686994;3083842;11184662
42;8;3502826;2664445;9642357
42;9;3855458;2653690;11231106
42;10;3407054;2552070;9996173
42;11;3280560;2603543;10816948
42;12;3308632;2466584;10702407
42;13;3324946;2498432;11783900
42;14;3215603;2487886;11403614
42;15;3374442;2490610;10291671
42;16;3786235;2519664;11943278
42;17;3845392;2524343;11585271
42;18;3718247;2617651;11826503
42;19;3636842;2905118;12169982
42;20;3719478;2685886;11470103
42;21;3664053;2484883;11477856
42;22;3476215;2490609;12068923
42;23;3234140;2532026;9476694
42;24;3146681;2485581;9762973
42;25;3491956;2588527;18736530


THREAD; REPETITION; AVERAGE; MIN; MAX (nanoseconds)
43;1;3248028;2446680;11876789
43;2;3249291;2548368;10031093
43;3;3638049;2546134;11533099
43;4;3652658;2555842;14673234
43;5;3574984;2599911;10916821
43;6;3738495;2662559;10858992
43;7;3843703;2588736;12915468
43;8;3637373;2800705;9373678
43;9;3500749;2615067;12190096
43;10;3415062;2431175;12777182
43;11;3310533;2573092;11854510
43;12;3420030;2515823;12397316
43;13;3349650;2562826;11276573
43;14;3317195;2561848;12313785
43;15;3610946;2517219;13721856
43;16;3587609;2525111;12341234
43;17;3515422;2567854;14459729
43;18;3580502;2536635;11894180
43;19;3666284;2634693;13035037
43;20;3604874;2582311;15363964
43;21;3784426;2615695;10062242
43;22;3532815;2460369;11829157
43;23;3453535;2628267;11755475
43;24;3308941;2486978;11665589
43;25;3228245;2540756;11047074


THREAD; REPETITION; AVERAGE; MIN; MAX (nanoseconds)
44;1;3330707;2583918;11184173
44;2;3342981;2540546;12580020
44;3;3426393;2572953;12042313
44;4;3471758;2548369;9168624
44;5;3582870;2608921;12660408
44;6;3733764;2603054;12739818
44;7;3567908;2565060;10187538
44;8;3608830;2947093;10737957
44;9;3546400;2431385;9875696
44;10;3604879;2561499;11260649
44;11;3359802;2486769;10787823
44;12;3321809;2468121;9873671
44;13;3445392;2585245;14310269
44;14;3308618;2509886;10030185
44;15;3446492;2519734;17111044
44;16;3444787;2565130;13100269
44;17;3950911;2593975;12341582
44;18;3610073;2511283;10772598
44;19;3637322;2549137;9968375
44;20;3721051;3037816;11901861
44;21;3680935;2922579;12576389
44;22;3484252;2499061;12016332
44;23;3521025;2587968;12492160
44;24;3427800;2574419;11719227
44;25;3370556;2605778;13328090


THREAD; REPETITION; AVERAGE; MIN; MAX (nanoseconds)
45;1;3232668;2557099;12024783
45;2;3359288;2538870;11386294
45;3;3333019;2529023;12251418
45;4;3633519;2534819;14486967
45;5;3669861;2489074;10644509
45;6;3744471;2581893;12027925
45;7;3641525;2844845;12145748
45;8;3643827;2578959;11178795
45;9;3780698;2514356;11217348
45;10;3673730;2644540;18344789
45;11;3272374;2392902;11111677
45;12;3470689;2568902;12476167
45;13;3433023;2611784;14136504
45;14;3478569;2557728;13838979
45;15;3364530;2504369;12858268
45;16;3382392;2508768;11246890
45;17;3666317;2539149;11235017
45;18;3569541;2564223;11030522
45;19;3705702;2691124;11240744
45;20;3776085;2847848;14323957
45;21;4101145;3162064;13425869
45;22;3505345;2617581;13237088
45;23;3259500;2506184;11400891
45;24;3690038;2540825;11609716
45;25;3135329;2475315;11689475


THREAD; REPETITION; AVERAGE; MIN; MAX (nanoseconds)
46;1;3394188;2577353;13652713
46;2;3355888;2550883;11423379
46;3;3376087;2488584;11740180
46;4;3497028;2486489;13189526
46;5;4058094;2582451;17654059
46;6;3744213;2611016;13698040
46;7;3683929;2622401;12639456
46;8;3610699;2935290;11898440
46;9;4098336;2944997;11678999
46;10;3536487;2628337;11532262
46;11;3383173;2669683;11349627
46;12;3411330;2442280;12368331
46;13;3407313;2534470;12080237
46;14;3345567;2500388;16610212
46;15;3517291;2483625;16843412
46;16;3367051;2531677;14577970
46;17;3287208;2499899;11905633
46;18;3430392;2671219;11649944
46;19;4154708;2554444;15056942
46;20;3724162;2619467;13944090
46;21;3715588;3011696;13353303
46;22;3817462;2798889;12044617
46;23;3642704;2490191;12012491
46;24;3350026;2571276;11914922
46;25;3398873;2431106;15562313


THREAD; REPETITION; AVERAGE; MIN; MAX (nanoseconds)
47;1;3327357;2577422;10767989
47;2;3296462;2541454;13845475
47;3;3430622;2567994;13275640
47;4;3580926;2680928;11275874
47;5;3470573;2497664;11908218
47;6;3618509;2584407;12845976
47;7;3536691;2666680;12029252
47;8;3715434;2932217;15007145
47;9;3713955;2681276;11564319
47;10;3669152;2557727;13387735
47;11;3439414;2597956;10443715
47;12;3398549;2643423;11867500
47;13;3220262;2508559;11698554
47;14;3312711;2524343;12681221
47;15;3469398;2619467;12592382
47;16;3315247;2467841;10493792
47;17;3512831;2463651;12959818
47;18;3376158;2521340;11162522
47;19;3643994;2677575;12643506
47;20;3955294;2447727;21099469
47;21;3726185;2736871;10731392
47;22;3704577;2581682;12384605
47;23;3447605;2645587;11103227
47;24;3780013;2566248;11230338
47;25;3514392;2444026;11654344


THREAD; REPETITION; AVERAGE; MIN; MAX (nanoseconds)
48;1;3292329;2465956;15549742
48;2;3321935;2505347;13118288
48;3;3324195;2497245;11231805
48;4;3322553;2538940;12678427
48;5;3465183;2499689;14403157
48;6;3413930;2509956;11152884
48;7;3680148;2590064;12632821
48;8;3608679;2727861;11827131
48;9;3661624;2652851;11112236
48;10;3898487;2768090;12855754
48;11;3470662;2478248;12107615
48;12;3308028;2523714;11763157
48;13;3370296;2560312;12174452
48;14;3213110;2598165;10489671
48;15;3477528;2552908;15972491
48;16;3296561;2452755;11151347
48;17;3548077;2450800;16524027
48;18;3230080;2509817;11736407
48;19;3531442;2527626;10947061
48;20;3771478;2603054;14374243
48;21;3857050;2666889;11211551
48;22;3645342;2671219;11937062
48;23;4094988;2674712;12002573
48;24;3768932;2602356;11416675
48;25;3454115;2530699;11583107


THREAD; REPETITION; AVERAGE; MIN; MAX (nanoseconds)
49;1;3246940;2544109;11560617
49;2;3238705;2539080;13867056
49;3;3447123;2505765;13328370
49;4;3188534;2513728;10755767
49;5;3315331;2473848;12073741
49;6;3367512;2387454;12620319
49;7;3438307;2546274;10933862
49;8;3552333;2679531;11342084
49;9;4098033;3235467;19209774
49;10;3681294;2620933;16086961
49;11;3515542;2715638;12470370
49;12;3634572;2584407;12591404
49;13;3680520;2587899;12064313
49;14;3557521;2471683;13782269
49;15;3330751;2528254;13949189
49;16;3454928;2538730;12715443
49;17;3234942;2472032;11700090
49;18;3303538;2468330;11318617
49;19;3600755;2471474;14500586
49;20;3425073;2565828;11332795
49;21;3474562;2526928;11833627
49;22;4297444;2707397;15909843
49;23;3620410;2988927;12352617
49;24;3554312;2592578;10847538
49;25;3887466;2642584;10642135


THREAD; REPETITION; AVERAGE; MIN; MAX (nanoseconds)
50;1;3495826;2634204;11874275
50;2;3233647;2566457;11670757
50;3;3337855;2464349;12177596
50;4;3288320;2486350;12625208
50;5;3467709;2509257;17300663
50;6;3514348;2531327;13136726
50;7;3587202;2555074;11712523
50;8;3520009;2462743;12343049
50;9;3592981;2824521;11972122
50;10;4050621;2659137;15118471
50;11;3749800;2707397;10852776
50;12;3424293;2500178;12527640
50;13;3411718;2469029;9676091
50;14;3468827;2494241;10717074
50;15;3329792;2462045;11859399
50;16;3349384;2472032;13997659
50;17;3298815;2479017;12004319
50;18;3182308;2419163;12556763
50;19;3276445;2476921;11188503
50;20;3998315;2650896;13791208
50;21;3664377;2534051;13493475
50;22;4242851;2661791;16182434
50;23;3605076;2654248;13041881
50;24;3427528;2586432;10962986
50;25;3543888;2630362;16499094


